Hugo_Symbol	Amp	Del	total	AlteredSamples
MIR5096	796	463	1259	892
MIR7641-2	0	1234	1234	663
ADAMTSL4	803	0	803	803
ADAMTSL4-AS1	803	0	803	803
ENSA	803	0	803	803
GOLPH3L	803	0	803	803
HORMAD1	803	0	803	803
MCL1	803	0	803	803
MIR4257	803	0	803	803
ACTN2	796	0	796	796
ADSS	796	0	796	796
AHCTF1	796	0	796	796
AKT3	796	0	796	796
ARID4B	796	0	796	796
B3GALNT2	796	0	796	796
BECN2	796	0	796	796
C1orf100	796	0	796	796
C1orf101	796	0	796	796
C1orf229	796	0	796	796
CEP170	796	0	796	796
CHML	796	0	796	796
CHRM3	796	0	796	796
CHRM3-AS1	796	0	796	796
CHRM3-AS2	796	0	796	796
CNST	796	0	796	796
COA6	796	0	796	796
COX20	796	0	796	796
DESI2	796	0	796	796
EDARADD	796	0	796	796
EFCAB2	796	0	796	796
ERO1B	796	0	796	796
EXO1	796	0	796	796
FH	796	0	796	796
FMN2	796	0	796	796
GCSAML	796	0	796	796
GCSAML-AS1	796	0	796	796
GGPS1	796	0	796	796
GNG4	796	0	796	796
GPR137B	796	0	796	796
GREM2	796	0	796	796
HEATR1	796	0	796	796
HNRNPU	796	0	796	796
IRF2BP2	796	0	796	796
KCNK1	796	0	796	796
KIF26B	796	0	796	796
KMO	796	0	796	796
LGALS8	796	0	796	796
LGALS8-AS1	796	0	796	796
LINC00184	796	0	796	796
LINC01132	796	0	796	796
LINC01139	796	0	796	796
LINC01341	796	0	796	796
LINC01347	796	0	796	796
LINC01348	796	0	796	796
LINC01354	796	0	796	796
LOC100130331	796	0	796	796
LOC101927765	796	0	796	796
LOC101927787	796	0	796	796
LOC101927851	796	0	796	796
LOC101928068	796	0	796	796
LOC101928226	796	0	796	796
LOC255654	796	0	796	796
LOC339529	796	0	796	796
LYPD8	796	0	796	796
LYST	796	0	796	796
MAP1LC3C	796	0	796	796
MIR1537	796	0	796	796
MIR3123	796	0	796	796
MIR3124	796	0	796	796
MIR3916	796	0	796	796
MIR4427	796	0	796	796
MIR4428	796	0	796	796
MIR4671	796	0	796	796
MIR4677	796	0	796	796
MIR4753	796	0	796	796
MLK4	796	0	796	796
MT1HL1	796	0	796	796
MTR	796	0	796	796
NID1	796	0	796	796
NLRP3	796	0	796	796
OPN3	796	0	796	796
OR11L1	796	0	796	796
OR13G1	796	0	796	796
OR14A16	796	0	796	796
OR14C36	796	0	796	796
OR14I1	796	0	796	796
OR1C1	796	0	796	796
OR2AK2	796	0	796	796
OR2B11	796	0	796	796
OR2C3	796	0	796	796
OR2G2	796	0	796	796
OR2G3	796	0	796	796
OR2G6	796	0	796	796
OR2L13	796	0	796	796
OR2L1P	796	0	796	796
OR2L2	796	0	796	796
OR2L3	796	0	796	796
OR2L5	796	0	796	796
OR2L8	796	0	796	796
OR2M1P	796	0	796	796
OR2M2	796	0	796	796
OR2M3	796	0	796	796
OR2M4	796	0	796	796
OR2M5	796	0	796	796
OR2M7	796	0	796	796
OR2T1	796	0	796	796
OR2T10	796	0	796	796
OR2T11	796	0	796	796
OR2T12	796	0	796	796
OR2T2	796	0	796	796
OR2T27	796	0	796	796
OR2T29	796	0	796	796
OR2T3	796	0	796	796
OR2T33	796	0	796	796
OR2T34	796	0	796	796
OR2T35	796	0	796	796
OR2T4	796	0	796	796
OR2T5	796	0	796	796
OR2T6	796	0	796	796
OR2T8	796	0	796	796
OR2W3	796	0	796	796
OR2W5	796	0	796	796
OR6F1	796	0	796	796
PCNX2	796	0	796	796
PGBD2	796	0	796	796
PLD5	796	0	796	796
RBM34	796	0	796	796
RGS7	796	0	796	796
RPS7P5	796	0	796	796
RYR2	796	0	796	796
SCCPDH	796	0	796	796
SDCCAG8	796	0	796	796
SH3BP5L	796	0	796	796
SLC35F3	796	0	796	796
SMYD3	796	0	796	796
SNORA100	796	0	796	796
SNORA14B	796	0	796	796
TARBP1	796	0	796	796
TBCE	796	0	796	796
TFB2M	796	0	796	796
TOMM20	796	0	796	796
TRIM58	796	0	796	796
VN1R5	796	0	796	796
WDR64	796	0	796	796
ZBTB18	796	0	796	796
ZNF124	796	0	796	796
ZNF496	796	0	796	796
ZNF669	796	0	796	796
ZNF670	796	0	796	796
ZNF670-ZNF695	796	0	796	796
ZNF672	796	0	796	796
ZNF692	796	0	796	796
ZNF695	796	0	796	796
ZP4	796	0	796	796
FAM138D	293	431	724	578
AFG3L1P	0	702	702	702
ANKRD11	0	702	702	702
CDK10	0	702	702	702
CENPBD1	0	702	702	702
CHMP1A	0	702	702	702
CPNE7	0	702	702	702
DBNDD1	0	702	702	702
DEF8	0	702	702	702
DPEP1	0	702	702	702
FAM157C	0	702	702	702
FANCA	0	702	702	702
GAS8	0	702	702	702
GAS8-AS1	0	702	702	702
LOC100287036	0	702	702	702
LOC101927817	0	702	702	702
LOC105371414	0	702	702	702
MC1R	0	702	702	702
PRDM7	0	702	702	702
RPL13	0	702	702	702
SNORD68	0	702	702	702
SPATA2L	0	702	702	702
SPATA33	0	702	702	702
SPG7	0	702	702	702
SPIRE2	0	702	702	702
TCF25	0	702	702	702
TUBB3	0	702	702	702
URAHP	0	702	702	702
VPS9D1	0	702	702	702
VPS9D1-AS1	0	702	702	702
ZNF276	0	702	702	702
CASC11	690	0	690	690
MYC	690	0	690	690
MAP2K4	0	655	655	655
MIR744	0	655	655	655
DUX4	0	649	649	493
FNTA	448	196	644	619
HGSNAT	448	196	644	619
POMK	448	196	644	619
POTEA	448	196	644	619
ABR	0	637	637	637
BHLHA9	0	637	637	637
C17orf97	0	637	637	637
DBIL5P	0	637	637	637
DOC2B	0	637	637	637
FAM57A	0	637	637	637
GEMIN4	0	637	637	637
GLOD4	0	637	637	637
LOC100506371	0	637	637	637
LOC100506388	0	637	637	637
LOC101927727	0	637	637	637
LOC105371430	0	637	637	637
MIR3183	0	637	637	637
MRM3	0	637	637	637
NXN	0	637	637	637
RFLNB	0	637	637	637
RPH3AL	0	637	637	637
SCGB1C2	0	637	637	637
TIMM22	0	637	637	637
TUSC5	0	637	637	637
VPS53	0	637	637	637
YWHAE	0	637	637	637
ANKRD26P1	0	577	577	577
ENPP7P13	0	577	577	577
FLJ26245	0	577	577	577
FRG2DP	0	577	577	577
HERC2P4	0	577	577	577
LINC00273	0	577	577	577
LINC01566	0	577	577	577
LOC102723753	0	577	577	577
LOC390705	0	577	577	577
SHCBP1	0	577	577	577
SLC6A10P	0	577	577	577
TP53TG3	0	577	577	577
TP53TG3B	0	577	577	577
TP53TG3C	0	577	577	577
TP53TG3D	0	577	577	577
TP53TG3E	0	577	577	577
TP53TG3F	0	577	577	577
TP53TG3HP	0	577	577	577
UBE2MP1	0	577	577	577
VPS35	0	577	577	577
ZNF267	0	577	577	577
hsa-mir-1826	0	577	577	577
CSMD1	0	568	568	568
LOC101927815	0	568	568	568
AASDHPPT	0	556	556	556
ABCG4	0	556	556	556
ACAT1	0	556	556	556
ALG9	0	556	556	556
ALKBH8	0	556	556	556
ANKK1	0	556	556	556
APOA1	0	556	556	556
APOA1-AS	0	556	556	556
APOA4	0	556	556	556
APOA5	0	556	556	556
APOC3	0	556	556	556
ARCN1	0	556	556	556
ARHGAP20	0	556	556	556
ARHGEF12	0	556	556	556
ATM	0	556	556	556
ATP5L	0	556	556	556
BACE1	0	556	556	556
BACE1-AS	0	556	556	556
BCL9L	0	556	556	556
BCO2	0	556	556	556
BTG4	0	556	556	556
BUD13	0	556	556	556
C11orf1	0	556	556	556
C11orf52	0	556	556	556
C11orf53	0	556	556	556
C11orf57	0	556	556	556
C11orf65	0	556	556	556
C11orf71	0	556	556	556
C11orf87	0	556	556	556
C11orf88	0	556	556	556
C1QTNF5	0	556	556	556
C2CD2L	0	556	556	556
CADM1	0	556	556	556
CBL	0	556	556	556
CCDC153	0	556	556	556
CCDC84	0	556	556	556
CD3D	0	556	556	556
CD3E	0	556	556	556
CD3G	0	556	556	556
CEP164	0	556	556	556
CLDN25	0	556	556	556
COLCA1	0	556	556	556
COLCA2	0	556	556	556
CRYAB	0	556	556	556
CUL5	0	556	556	556
CWF19L2	0	556	556	556
CXCR5	0	556	556	556
DDX10	0	556	556	556
DDX6	0	556	556	556
DIXDC1	0	556	556	556
DLAT	0	556	556	556
DPAGT1	0	556	556	556
DRD2	0	556	556	556
DSCAML1	0	556	556	556
ELMOD1	0	556	556	556
EXPH5	0	556	556	556
FDX1	0	556	556	556
FDXACB1	0	556	556	556
FOXR1	0	556	556	556
FXYD2	0	556	556	556
FXYD6	0	556	556	556
FXYD6-FXYD2	0	556	556	556
GRIA4	0	556	556	556
GUCY1A2	0	556	556	556
H2AFX	0	556	556	556
HINFP	0	556	556	556
HMBS	0	556	556	556
HSPB2	0	556	556	556
HSPB2-C11orf52	0	556	556	556
HTR3A	0	556	556	556
HTR3B	0	556	556	556
HYOU1	0	556	556	556
IFT46	0	556	556	556
IL10RA	0	556	556	556
IL18	0	556	556	556
JAML	0	556	556	556
KBTBD3	0	556	556	556
KDELC2	0	556	556	556
KMT2A	0	556	556	556
LAYN	0	556	556	556
LINC00900	0	556	556	556
LOC100131626	0	556	556	556
LOC100132078	0	556	556	556
LOC100132686	0	556	556	556
LOC100652768	0	556	556	556
LOC101928535	0	556	556	556
LOC101928823	0	556	556	556
LOC101928847	0	556	556	556
LOC101928940	0	556	556	556
LOC101928985	0	556	556	556
LOC101929011	0	556	556	556
LOC101929089	0	556	556	556
LOC102724301	0	556	556	556
LOC105369473	0	556	556	556
LOC105369486	0	556	556	556
LOC105369507	0	556	556	556
LOC105369509	0	556	556	556
LOC283140	0	556	556	556
LOC387810	0	556	556	556
LOC643923	0	556	556	556
LOC649133	0	556	556	556
MCAM	0	556	556	556
MIR34B	0	556	556	556
MIR34C	0	556	556	556
MIR3656	0	556	556	556
MIR4301	0	556	556	556
MIR4491	0	556	556	556
MIR4492	0	556	556	556
MIR6716	0	556	556	556
MIR6756	0	556	556	556
MPZL2	0	556	556	556
MPZL3	0	556	556	556
MSANTD4	0	556	556	556
NCAM1	0	556	556	556
NCAM1-AS1	0	556	556	556
NECTIN1	0	556	556	556
NLRX1	0	556	556	556
NNMT	0	556	556	556
NPAT	0	556	556	556
NXPE1	0	556	556	556
NXPE2	0	556	556	556
NXPE4	0	556	556	556
OAF	0	556	556	556
PAFAH1B2	0	556	556	556
PCSK7	0	556	556	556
PDZD3	0	556	556	556
PHLDB1	0	556	556	556
PIH1D2	0	556	556	556
PLET1	0	556	556	556
POU2AF1	0	556	556	556
POU2F3	0	556	556	556
PPP2R1B	0	556	556	556
PTS	0	556	556	556
RAB39A	0	556	556	556
RBM7	0	556	556	556
RDX	0	556	556	556
REXO2	0	556	556	556
RNF214	0	556	556	556
RNF26	0	556	556	556
RPL23AP64	0	556	556	556
RPS25	0	556	556	556
SCN2B	0	556	556	556
SCN4B	0	556	556	556
SDHD	0	556	556	556
SIDT2	0	556	556	556
SIK2	0	556	556	556
SIK3	0	556	556	556
SLC35F2	0	556	556	556
SLC37A4	0	556	556	556
SLN	0	556	556	556
TAGLN	0	556	556	556
TEX12	0	556	556	556
THY1	0	556	556	556
TIMM8B	0	556	556	556
TMEM136	0	556	556	556
TMEM25	0	556	556	556
TMPRSS13	0	556	556	556
TMPRSS4	0	556	556	556
TMPRSS4-AS1	0	556	556	556
TMPRSS5	0	556	556	556
TRAPPC4	0	556	556	556
TREH	0	556	556	556
TRIM29	0	556	556	556
TTC12	0	556	556	556
TTC36	0	556	556	556
UBE4A	0	556	556	556
UPK2	0	556	556	556
USP2	0	556	556	556
USP2-AS1	0	556	556	556
USP28	0	556	556	556
VPS11	0	556	556	556
ZBTB16	0	556	556	556
ZC3H12C	0	556	556	556
ZPR1	0	556	556	556
ZW10	0	556	556	556
LOC101927770	551	0	551	551
LOC105372672	551	0	551	551
ZNF217	551	0	551	551
ACAD8	0	521	521	521
B3GAT1	0	521	521	521
GLB1L2	0	521	521	521
GLB1L3	0	521	521	521
IGSF9B	0	521	521	521
JAM3	0	521	521	521
LOC100128239	0	521	521	521
LOC100507548	0	521	521	521
LOC283177	0	521	521	521
LOC646522	0	521	521	521
MIR4697	0	521	521	521
MIR4697HG	0	521	521	521
NCAPD3	0	521	521	521
OPCML	0	521	521	521
SPATA19	0	521	521	521
THYN1	0	521	521	521
VPS26B	0	521	521	521
LPAR6	0	490	490	490
RB1	0	490	490	490
FAM19A5	0	488	488	488
LOC284933	0	488	488	488
MIR3201	0	488	488	488
MIR4535	0	488	488	488
ACTL8	0	463	463	463
AGMAT	0	463	463	463
AKR7A2	0	463	463	463
AKR7A3	0	463	463	463
AKR7L	0	463	463	463
ALDH4A1	0	463	463	463
ALPL	0	463	463	463
ARHGEF10L	0	463	463	463
ARHGEF19	0	463	463	463
ATP13A2	0	463	463	463
C1orf195	0	463	463	463
C1orf64	0	463	463	463
CAMK2N1	0	463	463	463
CAPZB	0	463	463	463
CASP9	0	463	463	463
CDA	0	463	463	463
CELA2A	0	463	463	463
CELA2B	0	463	463	463
CLCNKA	0	463	463	463
CLCNKB	0	463	463	463
CROCC	0	463	463	463
CROCCP2	0	463	463	463
CROCCP3	0	463	463	463
CTRC	0	463	463	463
DDI2	0	463	463	463
DDOST	0	463	463	463
DNAJC16	0	463	463	463
ECE1	0	463	463	463
EFHD2	0	463	463	463
EIF4G3	0	463	463	463
EMC1	0	463	463	463
EPHA2	0	463	463	463
ESPNP	0	463	463	463
FAM131C	0	463	463	463
FAM231A	0	463	463	463
FAM231B	0	463	463	463
FAM231C	0	463	463	463
FAM43B	0	463	463	463
FBLIM1	0	463	463	463
FBXO42	0	463	463	463
FHAD1	0	463	463	463
FLJ37453	0	463	463	463
HP1BP3	0	463	463	463
HSPB7	0	463	463	463
HTR6	0	463	463	463
IFFO2	0	463	463	463
IGSF21	0	463	463	463
KIF17	0	463	463	463
KLHDC7A	0	463	463	463
LDLRAD2	0	463	463	463
LINC01141	0	463	463	463
LOC100132147	0	463	463	463
LOC100506730	0	463	463	463
LOC100506801	0	463	463	463
LOC101927876	0	463	463	463
LOC101927895	0	463	463	463
LOC105376805	0	463	463	463
LOC105378614	0	463	463	463
MFAP2	0	463	463	463
MINOS1	0	463	463	463
MINOS1-NBL1	0	463	463	463
MIR1256	0	463	463	463
MIR1290	0	463	463	463
MIR3675	0	463	463	463
MIR3972	0	463	463	463
MIR4695	0	463	463	463
MIR6084	0	463	463	463
MRTO4	0	463	463	463
MST1L	0	463	463	463
MST1P2	0	463	463	463
MUL1	0	463	463	463
NBL1	0	463	463	463
NBPF1	0	463	463	463
NBPF3	0	463	463	463
NECAP2	0	463	463	463
OTUD3	0	463	463	463
PADI1	0	463	463	463
PADI2	0	463	463	463
PADI3	0	463	463	463
PADI4	0	463	463	463
PADI6	0	463	463	463
PAX7	0	463	463	463
PINK1	0	463	463	463
PINK1-AS	0	463	463	463
PLA2G2A	0	463	463	463
PLA2G2C	0	463	463	463
PLA2G2D	0	463	463	463
PLA2G2E	0	463	463	463
PLA2G2F	0	463	463	463
PLA2G5	0	463	463	463
PLEKHM2	0	463	463	463
PQLC2	0	463	463	463
RAP1GAP	0	463	463	463
RCC2	0	463	463	463
RNF186	0	463	463	463
RNU1-1	0	463	463	463
RNU1-2	0	463	463	463
RNU1-3	0	463	463	463
RNU1-4	0	463	463	463
RPS14P3	0	463	463	463
RSC1A1	0	463	463	463
RSG1	0	463	463	463
SDHB	0	463	463	463
SH2D5	0	463	463	463
SLC25A34	0	463	463	463
SPATA21	0	463	463	463
SPEN	0	463	463	463
SZRD1	0	463	463	463
TAS1R2	0	463	463	463
TMCO4	0	463	463	463
TMEM51	0	463	463	463
TMEM51-AS1	0	463	463	463
TMEM82	0	463	463	463
UBR4	0	463	463	463
UBXN10	0	463	463	463
UBXN10-AS1	0	463	463	463
UQCRHL	0	463	463	463
USP48	0	463	463	463
VWA5B1	0	463	463	463
ZBTB17	0	463	463	463
ANKRD62P1-PARP4P3	0	460	460	460
ATP6V1E1	0	460	460	460
BCL2L13	0	460	460	460
BID	0	460	460	460
BMS1P17	0	460	460	460
BMS1P22	0	460	460	460
CCT8L2	0	460	460	460
CECR1	0	460	460	460
CECR2	0	460	460	460
CECR3	0	460	460	460
CECR5	0	460	460	460
CECR5-AS1	0	460	460	460
CECR6	0	460	460	460
CECR7	0	460	460	460
DUXAP8	0	460	460	460
GAB4	0	460	460	460
HSFY1P1	0	460	460	460
IL17RA	0	460	460	460
LINC00528	0	460	460	460
LINC01297	0	460	460	460
LOC100996342	0	460	460	460
LOC101929350	0	460	460	460
LOC101929372	0	460	460	460
LOC102723769	0	460	460	460
LOC102723780	0	460	460	460
MIR3198-1	0	460	460	460
OR11H1	0	460	460	460
POTEH	0	460	460	460
POTEH-AS1	0	460	460	460
SLC25A18	0	460	460	460
TPTEP1	0	460	460	460
XKR3	0	460	460	460
CCND1	439	0	439	439
ORAOV1	439	0	439	439
TUBD1	439	0	439	439
ACAP3	0	431	431	431
ACOT7	0	431	431	431
ACTRT2	0	431	431	431
AGRN	0	431	431	431
AJAP1	0	431	431	431
ANKRD65	0	431	431	431
ARHGEF16	0	431	431	431
ATAD3A	0	431	431	431
ATAD3B	0	431	431	431
ATAD3C	0	431	431	431
AURKAIP1	0	431	431	431
B3GALT6	0	431	431	431
C1orf159	0	431	431	431
C1orf174	0	431	431	431
CALML6	0	431	431	431
CCDC27	0	431	431	431
CCNL2	0	431	431	431
CDK11A	0	431	431	431
CDK11B	0	431	431	431
CEP104	0	431	431	431
CFAP74	0	431	431	431
CHD5	0	431	431	431
CPSF3L	0	431	431	431
CPTP	0	431	431	431
DDX11L1	0	431	431	431
DFFB	0	431	431	431
DVL1	0	431	431	431
FAAP20	0	431	431	431
FAM132A	0	431	431	431
FAM138A	0	431	431	431
FAM138C	0	431	431	431
FAM213B	0	431	431	431
FAM41C	0	431	431	431
FAM87B	0	431	431	431
FNDC10	0	431	431	431
GABRD	0	431	431	431
GNB1	0	431	431	431
GPR153	0	431	431	431
HES3	0	431	431	431
HES4	0	431	431	431
HES5	0	431	431	431
ICMT	0	431	431	431
ISG15	0	431	431	431
KCNAB2	0	431	431	431
KLHL17	0	431	431	431
LINC00115	0	431	431	431
LINC00337	0	431	431	431
LINC00982	0	431	431	431
LINC01128	0	431	431	431
LINC01134	0	431	431	431
LINC01342	0	431	431	431
LINC01346	0	431	431	431
LOC100129534	0	431	431	431
LOC100130417	0	431	431	431
LOC100132062	0	431	431	431
LOC100133331	0	431	431	431
LOC100288069	0	431	431	431
LOC100996583	0	431	431	431
LOC101928626	0	431	431	431
LOC102724312	0	431	431	431
LOC102724450	0	431	431	431
LOC105378591	0	431	431	431
LOC115110	0	431	431	431
LOC148413	0	431	431	431
LOC284661	0	431	431	431
LOC729737	0	431	431	431
LRRC47	0	431	431	431
MEGF6	0	431	431	431
MIB2	0	431	431	431
MIR1302-10	0	431	431	431
MIR1302-11	0	431	431	431
MIR1302-2	0	431	431	431
MIR1302-9	0	431	431	431
MIR200A	0	431	431	431
MIR200B	0	431	431	431
MIR4251	0	431	431	431
MIR429	0	431	431	431
MIR4417	0	431	431	431
MIR4689	0	431	431	431
MIR551A	0	431	431	431
MIR6723	0	431	431	431
MIR6726	0	431	431	431
MIR6727	0	431	431	431
MIR6808	0	431	431	431
MIR6859-1	0	431	431	431
MIR6859-2	0	431	431	431
MIR6859-3	0	431	431	431
MMEL1	0	431	431	431
MMP23A	0	431	431	431
MMP23B	0	431	431	431
MORN1	0	431	431	431
MRPL20	0	431	431	431
MXRA8	0	431	431	431
NADK	0	431	431	431
NOC2L	0	431	431	431
NPHP4	0	431	431	431
OR4F16	0	431	431	431
OR4F29	0	431	431	431
OR4F5	0	431	431	431
PANK4	0	431	431	431
PERM1	0	431	431	431
PEX10	0	431	431	431
PLCH2	0	431	431	431
PLEKHN1	0	431	431	431
PRDM16	0	431	431	431
PRKCZ	0	431	431	431
PUSL1	0	431	431	431
RER1	0	431	431	431
RNF207	0	431	431	431
RNF223	0	431	431	431
RPL22	0	431	431	431
SAMD11	0	431	431	431
SCNN1D	0	431	431	431
SDF4	0	431	431	431
SKI	0	431	431	431
SLC35E2	0	431	431	431
SLC35E2B	0	431	431	431
SMIM1	0	431	431	431
SSU72	0	431	431	431
TAS1R3	0	431	431	431
TMEM240	0	431	431	431
TMEM52	0	431	431	431
TMEM88B	0	431	431	431
TNFRSF14	0	431	431	431
TNFRSF18	0	431	431	431
TNFRSF4	0	431	431	431
TP73	0	431	431	431
TP73-AS1	0	431	431	431
TPRG1L	0	431	431	431
TTC34	0	431	431	431
TTLL10	0	431	431	431
UBE2J2	0	431	431	431
VWA1	0	431	431	431
WASH7P	0	431	431	431
WRAP73	0	431	431	431
hsa-mir-551a	0	431	431	431
ANKRD20A9P	0	427	427	427
ANKRD26P3	0	427	427	427
FAM230C	0	427	427	427
LINC00350	0	427	427	427
LINC00408	0	427	427	427
LINC00417	0	427	427	427
LINC00421	0	427	427	427
LINC00442	0	427	427	427
LINC01072	0	427	427	427
LOC101928697	0	427	427	427
MPHOSPH8	0	427	427	427
PSPC1	0	427	427	427
TPTE2	0	427	427	427
TUBA3C	0	427	427	427
ZMYM2	0	427	427	427
ZMYM5	0	427	427	427
ERLIN2	419	0	419	419
LOC101929622	419	0	419	419
LOC102723701	419	0	419	419
ZNF703	419	0	419	419
ADAL	0	396	396	396
ANKRD63	0	396	396	396
ANP32AP1	0	396	396	396
AP4E1	0	396	396	396
ATP8B4	0	396	396	396
B2M	0	396	396	396
BAHD1	0	396	396	396
BCL2L10	0	396	396	396
BLOC1S6	0	396	396	396
BMF	0	396	396	396
BUB1B	0	396	396	396
BUB1B-PAK6	0	396	396	396
C15orf41	0	396	396	396
C15orf48	0	396	396	396
C15orf52	0	396	396	396
C15orf53	0	396	396	396
C15orf54	0	396	396	396
C15orf56	0	396	396	396
C15orf57	0	396	396	396
C15orf62	0	396	396	396
CAPN3	0	396	396	396
CASC4	0	396	396	396
CATSPER2	0	396	396	396
CATSPER2P1	0	396	396	396
CCNDBP1	0	396	396	396
CDAN1	0	396	396	396
CEP152	0	396	396	396
CHAC1	0	396	396	396
CHP1	0	396	396	396
CHST14	0	396	396	396
CKMT1A	0	396	396	396
CKMT1B	0	396	396	396
COPS2	0	396	396	396
CSNK1A1P1	0	396	396	396
CTDSPL2	0	396	396	396
CTXN2	0	396	396	396
CYP19A1	0	396	396	396
DCAF13P3	0	396	396	396
DISP2	0	396	396	396
DLL4	0	396	396	396
DMXL2	0	396	396	396
DNAJC17	0	396	396	396
DPH6	0	396	396	396
DPH6-AS1	0	396	396	396
DTWD1	0	396	396	396
DUOX1	0	396	396	396
DUOX2	0	396	396	396
DUOXA1	0	396	396	396
DUOXA2	0	396	396	396
DUT	0	396	396	396
EHD4	0	396	396	396
EHD4-AS1	0	396	396	396
EID1	0	396	396	396
EIF2AK4	0	396	396	396
EIF3J	0	396	396	396
EIF3J-AS1	0	396	396	396
ELL3	0	396	396	396
EPB42	0	396	396	396
EXD1	0	396	396	396
FAM227B	0	396	396	396
FAM98B	0	396	396	396
FBN1	0	396	396	396
FGF7	0	396	396	396
FLJ10038	0	396	396	396
FRMD5	0	396	396	396
FSIP1	0	396	396	396
GABPB1	0	396	396	396
GABPB1-AS1	0	396	396	396
GALK2	0	396	396	396
GANC	0	396	396	396
GATM	0	396	396	396
GCHFR	0	396	396	396
GLDN	0	396	396	396
GNB5	0	396	396	396
GPR176	0	396	396	396
HAUS2	0	396	396	396
HDC	0	396	396	396
HMGN2P46	0	396	396	396
HYPK	0	396	396	396
INAFM2	0	396	396	396
INO80	0	396	396	396
ITPKA	0	396	396	396
IVD	0	396	396	396
JMJD7	0	396	396	396
JMJD7-PLA2G4B	0	396	396	396
KNL1	0	396	396	396
KNSTRN	0	396	396	396
LCMT2	0	396	396	396
LEO1	0	396	396	396
LINC01491	0	396	396	396
LOC100129973	0	396	396	396
LOC100419583	0	396	396	396
LOC100422556	0	396	396	396
LOC101928227	0	396	396	396
LOC101928414	0	396	396	396
LOC105370792	0	396	396	396
LOC105370802	0	396	396	396
LOC105370941	0	396	396	396
LOC105370943	0	396	396	396
LOC145845	0	396	396	396
LRRC57	0	396	396	396
LTK	0	396	396	396
LYSMD2	0	396	396	396
MAP1A	0	396	396	396
MAPK6	0	396	396	396
MAPKBP1	0	396	396	396
MEIS2	0	396	396	396
MFAP1	0	396	396	396
MGA	0	396	396	396
MIR1266	0	396	396	396
MIR1282	0	396	396	396
MIR147B	0	396	396	396
MIR3942	0	396	396	396
MIR4310	0	396	396	396
MIR4510	0	396	396	396
MIR4712	0	396	396	396
MIR4713	0	396	396	396
MIR4716	0	396	396	396
MIR626	0	396	396	396
MIR627	0	396	396	396
MIR7973-1	0	396	396	396
MIR7973-2	0	396	396	396
MIR8063	0	396	396	396
MRPL42P5	0	396	396	396
MYEF2	0	396	396	396
MYO5C	0	396	396	396
NDUFAF1	0	396	396	396
NDUFAF4P1	0	396	396	396
NUSAP1	0	396	396	396
OIP5	0	396	396	396
OIP5-AS1	0	396	396	396
PAK6	0	396	396	396
PATL2	0	396	396	396
PDIA3	0	396	396	396
PHGR1	0	396	396	396
PIN4P1	0	396	396	396
PLA2G4B	0	396	396	396
PLA2G4D	0	396	396	396
PLA2G4E	0	396	396	396
PLA2G4E-AS1	0	396	396	396
PLA2G4F	0	396	396	396
PLCB2	0	396	396	396
PPIP5K1	0	396	396	396
PPP1R14D	0	396	396	396
RAD51	0	396	396	396
RAD51-AS1	0	396	396	396
RASGRP1	0	396	396	396
RHOV	0	396	396	396
RMDN3	0	396	396	396
RPAP1	0	396	396	396
RPUSD2	0	396	396	396
RTF1	0	396	396	396
SCG3	0	396	396	396
SECISBP2L	0	396	396	396
SEMA6D	0	396	396	396
SERF2	0	396	396	396
SERF2-C15ORF63	0	396	396	396
SERINC4	0	396	396	396
SHC4	0	396	396	396
SHF	0	396	396	396
SLC12A1	0	396	396	396
SLC24A5	0	396	396	396
SLC27A2	0	396	396	396
SLC28A2	0	396	396	396
SLC30A4	0	396	396	396
SNAP23	0	396	396	396
SORD	0	396	396	396
SPATA5L1	0	396	396	396
SPG11	0	396	396	396
SPINT1	0	396	396	396
SPPL2A	0	396	396	396
SPRED1	0	396	396	396
SPTBN5	0	396	396	396
SQRDL	0	396	396	396
SRP14	0	396	396	396
SRP14-AS1	0	396	396	396
STARD9	0	396	396	396
STRC	0	396	396	396
TERB2	0	396	396	396
TGM5	0	396	396	396
TGM7	0	396	396	396
THBS1	0	396	396	396
TMCO5A	0	396	396	396
TMEM62	0	396	396	396
TMEM87A	0	396	396	396
TMOD2	0	396	396	396
TMOD3	0	396	396	396
TNFAIP8L3	0	396	396	396
TP53BP1	0	396	396	396
TRIM69	0	396	396	396
TRPM7	0	396	396	396
TTBK2	0	396	396	396
TUBGCP4	0	396	396	396
TYRO3	0	396	396	396
UBR1	0	396	396	396
USP50	0	396	396	396
USP8	0	396	396	396
VPS18	0	396	396	396
VPS39	0	396	396	396
WDR76	0	396	396	396
ZFYVE19	0	396	396	396
ZNF106	0	396	396	396
ZSCAN29	0	396	396	396
ATP8B3	0	384	384	384
KLF16	0	384	384	384
LOC100288123	0	384	384	384
MBD3	0	384	384	384
MEX3D	0	384	384	384
MIR1909	0	384	384	384
ONECUT3	0	384	384	384
REXO1	0	384	384	384
TCF3	0	384	384	384
UQCR11	0	384	384	384
AFDN	0	378	378	378
AFDN-AS1	0	378	378	378
DACT2	0	378	378	378
FRMD1	0	378	378	378
GPR31	0	378	378	378
HGC6.3	0	378	378	378
KIF25	0	378	378	378
KIF25-AS1	0	378	378	378
LINC01558	0	378	378	378
LOC101929420	0	378	378	378
LOC105378123	0	378	378	378
LOC105378127	0	378	378	378
LOC105378137	0	378	378	378
LOC401286	0	378	378	378
LOC441178	0	378	378	378
TCP10	0	378	378	378
TCP10L2	0	378	378	378
TTLL2	0	378	378	378
UNC93A	0	378	378	378
APBA2	0	367	367	367
ARHGAP11B	0	367	367	367
CHRFAM7A	0	367	367	367
DKFZP434L187	0	367	367	367
FAM189A1	0	367	367	367
GOLGA6L7P	0	367	367	367
GOLGA8F	0	367	367	367
GOLGA8G	0	367	367	367
GOLGA8H	0	367	367	367
GOLGA8IP	0	367	367	367
GOLGA8J	0	367	367	367
GOLGA8M	0	367	367	367
GOLGA8N	0	367	367	367
GOLGA8R	0	367	367	367
GOLGA8T	0	367	367	367
HERC2	0	367	367	367
HERC2P10	0	367	367	367
HERC2P9	0	367	367	367
LOC100130111	0	367	367	367
LOC100288637	0	367	367	367
LOC100289656	0	367	367	367
LOC101928042	0	367	367	367
MIR1268A	0	367	367	367
MIR4509-1	0	367	367	367
MIR4509-2	0	367	367	367
NSMCE3	0	367	367	367
PDCD6IPP2	0	367	367	367
TJP1	0	367	367	367
ULK4P1	0	367	367	367
ULK4P3	0	367	367	367
WHAMMP2	0	367	367	367
ABCA4	0	366	366	366
ABCD3	0	366	366	366
ACTG1P4	0	366	366	366
ADORA3	0	366	366	366
AGL	0	366	366	366
AHCYL1	0	366	366	366
AKNAD1	0	366	366	366
AKR7A2P1	0	366	366	366
ALG14	0	366	366	366
ALX3	0	366	366	366
AMIGO1	0	366	366	366
AMPD2	0	366	366	366
AMY1A	0	366	366	366
AMY1B	0	366	366	366
AMY1C	0	366	366	366
AMY2A	0	366	366	366
AMY2B	0	366	366	366
AP4B1	0	366	366	366
AP4B1-AS1	0	366	366	366
ARHGAP29	0	366	366	366
ATP5F1	0	366	366	366
ATXN7L2	0	366	366	366
BARHL2	0	366	366	366
BCAR3	0	366	366	366
BCL2L15	0	366	366	366
BRDT	0	366	366	366
BTBD8	0	366	366	366
C1orf146	0	366	366	366
C1orf162	0	366	366	366
C1orf194	0	366	366	366
CAPZA1	0	366	366	366
CCDC18	0	366	366	366
CCDC18-AS1	0	366	366	366
CD53	0	366	366	366
CDC14A	0	366	366	366
CDC7	0	366	366	366
CELSR2	0	366	366	366
CEPT1	0	366	366	366
CHI3L2	0	366	366	366
CHIA	0	366	366	366
CHIAP2	0	366	366	366
CLCC1	0	366	366	366
CNN3	0	366	366	366
COL11A1	0	366	366	366
CSF1	0	366	366	366
CTTNBP2NL	0	366	366	366
CYB561D1	0	366	366	366
CYMP	0	366	366	366
DBT	0	366	366	366
DCLRE1B	0	366	366	366
DDX20	0	366	366	366
DENND2D	0	366	366	366
DNAJA1P5	0	366	366	366
DNTTIP2	0	366	366	366
DPH5	0	366	366	366
DPYD	0	366	366	366
DPYD-AS1	0	366	366	366
DPYD-AS2	0	366	366	366
DR1	0	366	366	366
DRAM2	0	366	366	366
EPHX4	0	366	366	366
EPS8L3	0	366	366	366
EVI5	0	366	366	366
EXTL2	0	366	366	366
F3	0	366	366	366
FAM102B	0	366	366	366
FAM19A3	0	366	366	366
FAM212B	0	366	366	366
FAM212B-AS1	0	366	366	366
FAM69A	0	366	366	366
FLJ27354	0	366	366	366
FLJ31662	0	366	366	366
FNBP1L	0	366	366	366
FNDC7	0	366	366	366
FRRS1	0	366	366	366
GBP1	0	366	366	366
GBP1P1	0	366	366	366
GBP2	0	366	366	366
GBP3	0	366	366	366
GBP4	0	366	366	366
GBP5	0	366	366	366
GBP6	0	366	366	366
GBP7	0	366	366	366
GCLM	0	366	366	366
GEMIN8P4	0	366	366	366
GFI1	0	366	366	366
GLMN	0	366	366	366
GNAI3	0	366	366	366
GNAT2	0	366	366	366
GPR61	0	366	366	366
GPR88	0	366	366	366
GPSM2	0	366	366	366
GSTM1	0	366	366	366
GSTM2	0	366	366	366
GSTM3	0	366	366	366
GSTM4	0	366	366	366
GSTM5	0	366	366	366
GTF2B	0	366	366	366
HENMT1	0	366	366	366
HFM1	0	366	366	366
HIPK1	0	366	366	366
HIPK1-AS1	0	366	366	366
HS2ST1	0	366	366	366
KCNA10	0	366	366	366
KCNA2	0	366	366	366
KCNA3	0	366	366	366
KCNC4	0	366	366	366
KCNC4-AS1	0	366	366	366
KCND3	0	366	366	366
KCND3-AS1	0	366	366	366
KCND3-IT1	0	366	366	366
KIAA1107	0	366	366	366
KIAA1324	0	366	366	366
KYAT3	0	366	366	366
LAMTOR5	0	366	366	366
LAMTOR5-AS1	0	366	366	366
LINC01057	0	366	366	366
LINC01140	0	366	366	366
LINC01160	0	366	366	366
LINC01307	0	366	366	366
LINC01349	0	366	366	366
LINC01356	0	366	366	366
LINC01364	0	366	366	366
LINC01397	0	366	366	366
LMO4	0	366	366	366
LOC100129046	0	366	366	366
LOC100129138	0	366	366	366
LOC100129620	0	366	366	366
LOC100996251	0	366	366	366
LOC100996630	0	366	366	366
LOC100996635	0	366	366	366
LOC101927844	0	366	366	366
LOC101928098	0	366	366	366
LOC101928118	0	366	366	366
LOC101928241	0	366	366	366
LOC101928270	0	366	366	366
LOC101928370	0	366	366	366
LOC101928436	0	366	366	366
LOC101928476	0	366	366	366
LOC101928718	0	366	366	366
LOC102606465	0	366	366	366
LOC102723661	0	366	366	366
LOC105378853	0	366	366	366
LOC440600	0	366	366	366
LOC440602	0	366	366	366
LOC643355	0	366	366	366
LOC643441	0	366	366	366
LOC729930	0	366	366	366
LOC729970	0	366	366	366
LOC729987	0	366	366	366
LRIF1	0	366	366	366
LRIG2	0	366	366	366
LRRC39	0	366	366	366
LRRC8B	0	366	366	366
LRRC8C	0	366	366	366
LRRC8D	0	366	366	366
MAGI3	0	366	366	366
MFSD14A	0	366	366	366
MIR137	0	366	366	366
MIR137HG	0	366	366	366
MIR197	0	366	366	366
MIR2682	0	366	366	366
MIR378G	0	366	366	366
MIR4256	0	366	366	366
MIR548N	0	366	366	366
MIR553	0	366	366	366
MIR760	0	366	366	366
MIR7852	0	366	366	366
MOV10	0	366	366	366
MTF2	0	366	366	366
MYBPHL	0	366	366	366
NBPF4	0	366	366	366
NBPF6	0	366	366	366
NTNG1	0	366	366	366
OLFM3	0	366	366	366
OLFML3	0	366	366	366
OVGP1	0	366	366	366
PALMD	0	366	366	366
PGCP1	0	366	366	366
PHTF1	0	366	366	366
PIFO	0	366	366	366
PKN2	0	366	366	366
PKN2-AS1	0	366	366	366
PLPPR4	0	366	366	366
PLPPR5	0	366	366	366
PPM1J	0	366	366	366
PRMT6	0	366	366	366
PROK1	0	366	366	366
PRPF38B	0	366	366	366
PSMA5	0	366	366	366
PSRC1	0	366	366	366
PTBP2	0	366	366	366
PTPN22	0	366	366	366
RAP1A	0	366	366	366
RBM15	0	366	366	366
RBMXL1	0	366	366	366
RHOC	0	366	366	366
RNPC3	0	366	366	366
RPAP2	0	366	366	366
RPL5	0	366	366	366
RSBN1	0	366	366	366
RTCA	0	366	366	366
RTCA-AS1	0	366	366	366
RWDD3	0	366	366	366
S1PR1	0	366	366	366
SARS	0	366	366	366
SASS6	0	366	366	366
SCARNA2	0	366	366	366
SEP15	0	366	366	366
SETSIP	0	366	366	366
SLC16A1	0	366	366	366
SLC16A1-AS1	0	366	366	366
SLC16A4	0	366	366	366
SLC25A24	0	366	366	366
SLC30A7	0	366	366	366
SLC35A3	0	366	366	366
SLC44A3	0	366	366	366
SLC6A17	0	366	366	366
SNORA66	0	366	366	366
SNORD21	0	366	366	366
SNX7	0	366	366	366
SORT1	0	366	366	366
SPATA42	0	366	366	366
ST7L	0	366	366	366
STRIP1	0	366	366	366
STXBP3	0	366	366	366
SYPL2	0	366	366	366
SYT6	0	366	366	366
TAF13	0	366	366	366
TGFBR3	0	366	366	366
TMED5	0	366	366	366
TMEM167B	0	366	366	366
TMEM56	0	366	366	366
TMEM56-RWDD3	0	366	366	366
TMIGD3	0	366	366	366
TRMT13	0	366	366	366
UBL4B	0	366	366	366
VAV3	0	366	366	366
VAV3-AS1	0	366	366	366
VCAM1	0	366	366	366
WDR47	0	366	366	366
WDR77	0	366	366	366
WNT2B	0	366	366	366
ZNF326	0	366	366	366
ZNF644	0	366	366	366
CDKN2A	0	363	363	363
CDKN2A-AS1	0	363	363	363
CDKN2B	0	363	363	363
CDKN2B-AS1	0	363	363	363
AARSD1	0	362	362	362
ACBD4	0	362	362	362
ADAM11	0	362	362	362
AKIRIN2	0	362	362	362
ANKRD6	0	362	362	362
AOC2	0	362	362	362
AOC3	0	362	362	362
AOC4P	0	362	362	362
ARHGAP27	0	362	362	362
ARL17A	0	362	362	362
ARL17B	0	362	362	362
ARL4D	0	362	362	362
ASB16	0	362	362	362
ASB16-AS1	0	362	362	362
ATP6V0A1	0	362	362	362
ATXN7L3	0	362	362	362
BACH2	0	362	362	362
BCKDHB	0	362	362	362
BECN1	0	362	362	362
BRCA1	0	362	362	362
C17orf105	0	362	362	362
C17orf53	0	362	362	362
C1QL1	0	362	362	362
C6orf163	0	362	362	362
CASC6	0	362	362	362
CASP8AP2	0	362	362	362
CCDC103	0	362	362	362
CCDC43	0	362	362	362
CCR10	0	362	362	362
CD300LG	0	362	362	362
CEP162	0	362	362	362
CFAP206	0	362	362	362
CGA	0	362	362	362
CNR1	0	362	362	362
CNTD1	0	362	362	362
CNTNAP1	0	362	362	362
COA3	0	362	362	362
COASY	0	362	362	362
COL12A1	0	362	362	362
COX7A2	0	362	362	362
CRHR1	0	362	362	362
CRHR1-IT1	0	362	362	362
CRHR1-IT1-CRHR1	0	362	362	362
CYB5R4	0	362	362	362
DBF4B	0	362	362	362
DCAKD	0	362	362	362
DHX8	0	362	362	362
DOPEY1	0	362	362	362
DUSP3	0	362	362	362
EFTUD2	0	362	362	362
ELOVL4	0	362	362	362
EPHA7	0	362	362	362
ETV4	0	362	362	362
EZH1	0	362	362	362
FAM134C	0	362	362	362
FAM171A2	0	362	362	362
FAM215A	0	362	362	362
FAM46A	0	362	362	362
FHL5	0	362	362	362
FILIP1	0	362	362	362
FMNL1	0	362	362	362
FUT9	0	362	362	362
FZD2	0	362	362	362
G6PC	0	362	362	362
G6PC3	0	362	362	362
GABRR1	0	362	362	362
GABRR2	0	362	362	362
GFAP	0	362	362	362
GJA10	0	362	362	362
GJB7	0	362	362	362
GJC1	0	362	362	362
GPATCH8	0	362	362	362
GPR63	0	362	362	362
GRN	0	362	362	362
HDAC5	0	362	362	362
HEXIM1	0	362	362	362
HEXIM2	0	362	362	362
HIGD1B	0	362	362	362
HMGN3	0	362	362	362
HMGN3-AS1	0	362	362	362
HSD17B1	0	362	362	362
HTR1B	0	362	362	362
HTR1E	0	362	362	362
IBTK	0	362	362	362
IFI35	0	362	362	362
IMPG1	0	362	362	362
IRAK1BP1	0	362	362	362
ITGA2B	0	362	362	362
KANSL1	0	362	362	362
KANSL1-AS1	0	362	362	362
KIF18B	0	362	362	362
KLHL32	0	362	362	362
LCA5	0	362	362	362
LCAL1	0	362	362	362
LINC00671	0	362	362	362
LINC00854	0	362	362	362
LINC00910	0	362	362	362
LINC01180	0	362	362	362
LINC01526	0	362	362	362
LINC01590	0	362	362	362
LINC01611	0	362	362	362
LINC01621	0	362	362	362
LOC100506804	0	362	362	362
LOC101927314	0	362	362	362
LOC101928540	0	362	362	362
LOC101928820	0	362	362	362
LOC101928911	0	362	362	362
LOC101928936	0	362	362	362
LOC101929057	0	362	362	362
LOC101929767	0	362	362	362
LOC105371789	0	362	362	362
LOC105371795	0	362	362	362
LOC105377879	0	362	362	362
LOC107546764	0	362	362	362
LOC644172	0	362	362	362
LRRC37A	0	362	362	362
LRRC37A2	0	362	362	362
LRRC37A4P	0	362	362	362
LSM12	0	362	362	362
LYRM2	0	362	362	362
MANEA	0	362	362	362
MANEA-AS1	0	362	362	362
MAP3K14	0	362	362	362
MAP3K14-AS1	0	362	362	362
MAP3K7	0	362	362	362
MAPT	0	362	362	362
MAPT-AS1	0	362	362	362
MAPT-IT1	0	362	362	362
MDN1	0	362	362	362
ME1	0	362	362	362
MEI4	0	362	362	362
MEIOC	0	362	362	362
MEOX1	0	362	362	362
MIR2113	0	362	362	362
MIR2117	0	362	362	362
MIR4315-1	0	362	362	362
MIR4315-2	0	362	362	362
MIR4463	0	362	362	362
MIR4464	0	362	362	362
MIR4643	0	362	362	362
MIR5010	0	362	362	362
MIR548AT	0	362	362	362
MIR6780A	0	362	362	362
MIR6781	0	362	362	362
MIR6782	0	362	362	362
MIR6783	0	362	362	362
MIR6784	0	362	362	362
MLX	0	362	362	362
MMS22L	0	362	362	362
MPP2	0	362	362	362
MPP3	0	362	362	362
MRAP2	0	362	362	362
MYO6	0	362	362	362
NAGLU	0	362	362	362
NAGS	0	362	362	362
NBR1	0	362	362	362
NBR2	0	362	362	362
NDUFAF4	0	362	362	362
NMT1	0	362	362	362
NSF	0	362	362	362
NSFP1	0	362	362	362
NT5E	0	362	362	362
ORC3	0	362	362	362
PGM3	0	362	362	362
PHIP	0	362	362	362
PLCD3	0	362	362	362
PLEKHH3	0	362	362	362
PLEKHM1	0	362	362	362
PM20D2	0	362	362	362
PNRC1	0	362	362	362
PPY	0	362	362	362
PRSS35	0	362	362	362
PSMC3IP	0	362	362	362
PSME3	0	362	362	362
PTGES3L	0	362	362	362
PTGES3L-AARSD1	0	362	362	362
PTRF	0	362	362	362
PYY	0	362	362	362
RAMP2	0	362	362	362
RAMP2-AS1	0	362	362	362
RARS2	0	362	362	362
RIPPLY2	0	362	362	362
RND2	0	362	362	362
RNGTT	0	362	362	362
RNU2-1	0	362	362	362
RPL27	0	362	362	362
RRAGD	0	362	362	362
RUNDC1	0	362	362	362
RUNDC3A	0	362	362	362
RUNDC3A-AS1	0	362	362	362
RWDD2A	0	362	362	362
SENP6	0	362	362	362
SH3BGRL2	0	362	362	362
SLC25A39	0	362	362	362
SLC35A1	0	362	362	362
SLC4A1	0	362	362	362
SMIM8	0	362	362	362
SNAP91	0	362	362	362
SNHG5	0	362	362	362
SNORD50A	0	362	362	362
SNORD50B	0	362	362	362
SNX14	0	362	362	362
SOST	0	362	362	362
SPACA1	0	362	362	362
SPATA32	0	362	362	362
SPPL2C	0	362	362	362
SRSF12	0	362	362	362
STAT3	0	362	362	362
STAT5A	0	362	362	362
STH	0	362	362	362
SYNCRIP	0	362	362	362
TBX18	0	362	362	362
TBX18-AS1	0	362	362	362
TMEM101	0	362	362	362
TMEM106A	0	362	362	362
TMEM30A	0	362	362	362
TMUB2	0	362	362	362
TPBG	0	362	362	362
TSG1	0	362	362	362
TTK	0	362	362	362
TUBG1	0	362	362	362
TUBG2	0	362	362	362
UBE2J1	0	362	362	362
UBE3D	0	362	362	362
UBTF	0	362	362	362
UFL1	0	362	362	362
VAT1	0	362	362	362
VPS25	0	362	362	362
WNK4	0	362	362	362
ZNF292	0	362	362	362
hsa-mir-2113	0	362	362	362
AMIGO3	0	361	361	361
AMT	0	361	361	361
APEH	0	361	361	361
ARIH2	0	361	361	361
ARIH2OS	0	361	361	361
BSN	0	361	361	361
BSN-AS2	0	361	361	361
C3orf18	0	361	361	361
C3orf62	0	361	361	361
C3orf84	0	361	361	361
CACNA2D2	0	361	361	361
CAMKV	0	361	361	361
CCDC36	0	361	361	361
CCDC71	0	361	361	361
CDHR4	0	361	361	361
CISH	0	361	361	361
CYB561D2	0	361	361	361
DAG1	0	361	361	361
DALRD3	0	361	361	361
FAM212A	0	361	361	361
GMPPB	0	361	361	361
GNAI2	0	361	361	361
GNAT1	0	361	361	361
GPX1	0	361	361	361
HEMK1	0	361	361	361
HYAL1	0	361	361	361
HYAL2	0	361	361	361
HYAL3	0	361	361	361
IFRD2	0	361	361	361
IMPDH2	0	361	361	361
IP6K1	0	361	361	361
KLHDC8B	0	361	361	361
LAMB2	0	361	361	361
LAMB2P1	0	361	361	361
LSMEM2	0	361	361	361
MAPKAPK3	0	361	361	361
MIR191	0	361	361	361
MIR425	0	361	361	361
MIR4271	0	361	361	361
MIR4787	0	361	361	361
MIR5193	0	361	361	361
MIR566	0	361	361	361
MIR5787	0	361	361	361
MIR6872	0	361	361	361
MIR6890	0	361	361	361
MON1A	0	361	361	361
MST1	0	361	361	361
MST1R	0	361	361	361
NAT6	0	361	361	361
NDUFAF3	0	361	361	361
NICN1	0	361	361	361
NPRL2	0	361	361	361
P4HTM	0	361	361	361
PRKAR2A	0	361	361	361
PRKAR2A-AS1	0	361	361	361
QARS	0	361	361	361
QRICH1	0	361	361	361
RASSF1	0	361	361	361
RASSF1-AS1	0	361	361	361
RBM5	0	361	361	361
RBM5-AS1	0	361	361	361
RBM6	0	361	361	361
RHOA	0	361	361	361
RNF123	0	361	361	361
SEMA3B	0	361	361	361
SEMA3B-AS1	0	361	361	361
SEMA3F	0	361	361	361
SEMA3F-AS1	0	361	361	361
SLC25A20	0	361	361	361
SLC38A3	0	361	361	361
TCTA	0	361	361	361
TMEM115	0	361	361	361
TRAIP	0	361	361	361
TUSC2	0	361	361	361
UBA7	0	361	361	361
USP19	0	361	361	361
USP4	0	361	361	361
WDR6	0	361	361	361
ZMYND10	0	361	361	361
ABCD4	0	359	359	359
ACOT1	0	359	359	359
ACOT2	0	359	359	359
ACOT4	0	359	359	359
ACOT6	0	359	359	359
ACTN1	0	359	359	359
ACTN1-AS1	0	359	359	359
ACYP1	0	359	359	359
ADAM20	0	359	359	359
ADAM20P1	0	359	359	359
ADAM21	0	359	359	359
ADAM21P1	0	359	359	359
ADCK1	0	359	359	359
AHSA1	0	359	359	359
ALDH6A1	0	359	359	359
ALKBH1	0	359	359	359
ANGEL1	0	359	359	359
AREL1	0	359	359	359
ARG2	0	359	359	359
ATP6V1D	0	359	359	359
BATF	0	359	359	359
BBOF1	0	359	359	359
C14orf1	0	359	359	359
C14orf169	0	359	359	359
C14orf178	0	359	359	359
CCDC177	0	359	359	359
CEP128	0	359	359	359
CIPC	0	359	359	359
COQ6	0	359	359	359
COX16	0	359	359	359
DCAF4	0	359	359	359
DCAF5	0	359	359	359
DIO2	0	359	359	359
DIO2-AS1	0	359	359	359
DLST	0	359	359	359
DNAL1	0	359	359	359
DPF3	0	359	359	359
EIF2B2	0	359	359	359
EIF2S1	0	359	359	359
ELMSAN1	0	359	359	359
ENTPD5	0	359	359	359
ERH	0	359	359	359
ESRRB	0	359	359	359
EXD2	0	359	359	359
FAM161B	0	359	359	359
FAM71D	0	359	359	359
FCF1	0	359	359	359
FLVCR2	0	359	359	359
FOS	0	359	359	359
GALNT16	0	359	359	359
GPATCH2L	0	359	359	359
GPHN	0	359	359	359
GSTZ1	0	359	359	359
GTF2A1	0	359	359	359
HEATR4	0	359	359	359
IFT43	0	359	359	359
IRF2BPL	0	359	359	359
ISCA2	0	359	359	359
ISM2	0	359	359	359
JDP2	0	359	359	359
LIN52	0	359	359	359
LINC00238	0	359	359	359
LINC01220	0	359	359	359
LINC01269	0	359	359	359
LINC01467	0	359	359	359
LINC01629	0	359	359	359
LOC100289511	0	359	359	359
LOC100506476	0	359	359	359
LOC100506498	0	359	359	359
LOC100506603	0	359	359	359
LOC100506700	0	359	359	359
LOC100996664	0	359	359	359
LOC101928075	0	359	359	359
LOC101928123	0	359	359	359
LOC101928143	0	359	359	359
LOC101928504	0	359	359	359
LOC102724153	0	359	359	359
LOC102724190	0	359	359	359
LOC105370586	0	359	359	359
LOC145474	0	359	359	359
LOC283575	0	359	359	359
LOC646548	0	359	359	359
LRRC74A	0	359	359	359
LTBP2	0	359	359	359
MAP3K9	0	359	359	359
MED6	0	359	359	359
MIR1260A	0	359	359	359
MIR4505	0	359	359	359
MIR4709	0	359	359	359
MIR5694	0	359	359	359
MIR7843	0	359	359	359
MLH3	0	359	359	359
MPP5	0	359	359	359
NEK9	0	359	359	359
NGB	0	359	359	359
NOXRED1	0	359	359	359
NPC2	0	359	359	359
NRXN3	0	359	359	359
NUMB	0	359	359	359
PAPLN	0	359	359	359
PCNX1	0	359	359	359
PGF	0	359	359	359
PIGH	0	359	359	359
PLEK2	0	359	359	359
PLEKHD1	0	359	359	359
PLEKHH1	0	359	359	359
PNMA1	0	359	359	359
POMT2	0	359	359	359
PROX2	0	359	359	359
PSEN1	0	359	359	359
PTGR2	0	359	359	359
RAD51B	0	359	359	359
RBM25	0	359	359	359
RDH11	0	359	359	359
RDH12	0	359	359	359
RGS6	0	359	359	359
RPS6KL1	0	359	359	359
SAMD15	0	359	359	359
SEL1L	0	359	359	359
SIPA1L1	0	359	359	359
SLC10A1	0	359	359	359
SLC39A9	0	359	359	359
SLC8A3	0	359	359	359
SLIRP	0	359	359	359
SMOC1	0	359	359	359
SNORA79	0	359	359	359
SNORD56B	0	359	359	359
SNW1	0	359	359	359
SPTLC2	0	359	359	359
SRSF5	0	359	359	359
STON2	0	359	359	359
SUSD6	0	359	359	359
SYNDIG1L	0	359	359	359
SYNJ2BP	0	359	359	359
SYNJ2BP-COX16	0	359	359	359
TGFB3	0	359	359	359
TMED10	0	359	359	359
TMED8	0	359	359	359
TMEM229B	0	359	359	359
TMEM63C	0	359	359	359
TSHR	0	359	359	359
TTC9	0	359	359	359
TTLL5	0	359	359	359
VASH1	0	359	359	359
VIPAS39	0	359	359	359
VRTN	0	359	359	359
VSX2	0	359	359	359
VTI1B	0	359	359	359
YLPM1	0	359	359	359
ZC2HC1C	0	359	359	359
ZDHHC22	0	359	359	359
ZFP36L1	0	359	359	359
ZFYVE1	0	359	359	359
ZFYVE26	0	359	359	359
ZNF410	0	359	359	359
AK9	0	357	357	357
AMD1	0	357	357	357
ARMC2	0	357	357	357
ARMC2-AS1	0	357	357	357
CCDC162P	0	357	357	357
CD164	0	357	357	357
CDC40	0	357	357	357
CDK19	0	357	357	357
CEP57L1	0	357	357	357
DDO	0	357	357	357
FAM229B	0	357	357	357
FIG4	0	357	357	357
FOXO3	0	357	357	357
FYN	0	357	357	357
GPR6	0	357	357	357
GSTM2P1	0	357	357	357
GTF3C6	0	357	357	357
LACE1	0	357	357	357
LAMA4	0	357	357	357
LINC00222	0	357	357	357
LOC100996634	0	357	357	357
LOC101927640	0	357	357	357
METTL24	0	357	357	357
MFSD4B	0	357	357	357
MICAL1	0	357	357	357
NR2E1	0	357	357	357
OSTM1	0	357	357	357
PDSS2	0	357	357	357
PPIL6	0	357	357	357
REV3L	0	357	357	357
RFPL4B	0	357	357	357
RPF2	0	357	357	357
SCML4	0	357	357	357
SEC63	0	357	357	357
SESN1	0	357	357	357
SLC16A10	0	357	357	357
SLC22A16	0	357	357	357
SMPD2	0	357	357	357
SNX3	0	357	357	357
SOBP	0	357	357	357
TRAF3IP2	0	357	357	357
TRAF3IP2-AS1	0	357	357	357
TUBE1	0	357	357	357
WASF1	0	357	357	357
WISP3	0	357	357	357
ZBTB24	0	357	357	357
ADNP2	0	353	353	353
ATP9B	0	353	353	353
C18orf63	0	353	353	353
C18orf65	0	353	353	353
CNDP1	0	353	353	353
CNDP2	0	353	353	353
CTDP1	0	353	353	353
FAM69C	0	353	353	353
GALR1	0	353	353	353
HSBP1L1	0	353	353	353
KCNG2	0	353	353	353
LINC00683	0	353	353	353
LINC00908	0	353	353	353
LINC00909	0	353	353	353
LINC01029	0	353	353	353
LOC100131655	0	353	353	353
LOC100505853	0	353	353	353
LOC101927606	0	353	353	353
LOC101927651	0	353	353	353
LOC101927989	0	353	353	353
LOC284241	0	353	353	353
LOC339298	0	353	353	353
LOC400661	0	353	353	353
MBP	0	353	353	353
NFATC1	0	353	353	353
PARD6G	0	353	353	353
PARD6G-AS1	0	353	353	353
PQLC1	0	353	353	353
RBFA	0	353	353	353
RBFADN	0	353	353	353
SALL3	0	353	353	353
SMIM21	0	353	353	353
TSHZ1	0	353	353	353
TXNL4A	0	353	353	353
ZADH2	0	353	353	353
ZNF236	0	353	353	353
ZNF407	0	353	353	353
ZNF516	0	353	353	353
ACTL6A	346	0	346	346
EGFR	346	0	346	346
EGFR-AS1	346	0	346	346
ELDR	346	0	346	346
FKBP9P1	346	0	346	346
GNB4	346	0	346	346
KCCAT211	346	0	346	346
KCNMB2	346	0	346	346
KCNMB2-AS1	346	0	346	346
KCNMB3	346	0	346	346
LANCL2	346	0	346	346
LINC00501	346	0	346	346
LINC00578	346	0	346	346
LINC01014	346	0	346	346
LINC01208	346	0	346	346
LINC01209	346	0	346	346
LOC101928739	346	0	346	346
MFN1	346	0	346	346
MRPL47	346	0	346	346
MRPS17	346	0	346	346
NDUFB5	346	0	346	346
PEX5L	346	0	346	346
PEX5L-AS2	346	0	346	346
PIK3CA	346	0	346	346
SEPT14	346	0	346	346
TBL1XR1	346	0	346	346
USP13	346	0	346	346
VOPP1	346	0	346	346
ZMAT3	346	0	346	346
ZNF639	346	0	346	346
ZNF713	346	0	346	346
ABCA11P	0	342	342	342
ATP5I	0	342	342	342
CPLX1	0	342	342	342
CTBP1	0	342	342	342
CTBP1-AS	0	342	342	342
CTBP1-AS2	0	342	342	342
DGKQ	0	342	342	342
FGFRL1	0	342	342	342
GAK	0	342	342	342
IDUA	0	342	342	342
LOC100129917	0	342	342	342
LOC100130872	0	342	342	342
LOC105374344	0	342	342	342
MFSD7	0	342	342	342
MIR571	0	342	342	342
MYL5	0	342	342	342
PCGF3	0	342	342	342
PDE6B	0	342	342	342
PIGG	0	342	342	342
RNF212	0	342	342	342
SLC26A1	0	342	342	342
SPON2	0	342	342	342
TMED11P	0	342	342	342
TMEM175	0	342	342	342
ZNF141	0	342	342	342
ZNF595	0	342	342	342
ZNF718	0	342	342	342
ZNF721	0	342	342	342
ZNF732	0	342	342	342
ZNF876P	0	342	342	342
ACSL1	0	341	341	341
ANKRD37	0	341	341	341
C4orf47	0	341	341	341
CASP3	0	341	341	341
CCDC110	0	341	341	341
CDKN2AIP	0	341	341	341
CENPU	0	341	341	341
CFAP97	0	341	341	341
CLDN22	0	341	341	341
CLDN24	0	341	341	341
CYP4V2	0	341	341	341
DBET	0	341	341	341
DCTD	0	341	341	341
ENPP6	0	341	341	341
F11	0	341	341	341
F11-AS1	0	341	341	341
FAM149A	0	341	341	341
FAM92A1P2	0	341	341	341
FAT1	0	341	341	341
FLJ38576	0	341	341	341
FRG1	0	341	341	341
FRG2	0	341	341	341
HELT	0	341	341	341
ING2	0	341	341	341
IRF2	0	341	341	341
KLKB1	0	341	341	341
LINC00290	0	341	341	341
LINC01060	0	341	341	341
LINC01093	0	341	341	341
LINC01262	0	341	341	341
LINC01596	0	341	341	341
LOC100506272	0	341	341	341
LOC102723766	0	341	341	341
LOC105377590	0	341	341	341
LOC339975	0	341	341	341
LOC389247	0	341	341	341
LOC728175	0	341	341	341
LOC90768	0	341	341	341
LRP2BP	0	341	341	341
LVCAT8	0	341	341	341
MIR1305	0	341	341	341
MIR3945	0	341	341	341
MIR3945HG	0	341	341	341
MIR4455	0	341	341	341
MTNR1A	0	341	341	341
PDLIM3	0	341	341	341
PRIMPOL	0	341	341	341
RWDD4	0	341	341	341
SLC25A4	0	341	341	341
SLED1	0	341	341	341
SNX25	0	341	341	341
SORBS2	0	341	341	341
STOX2	0	341	341	341
TENM3	0	341	341	341
TLR3	0	341	341	341
TRAPPC11	0	341	341	341
TRIML1	0	341	341	341
TRIML2	0	341	341	341
UFSP2	0	341	341	341
WWC2	0	341	341	341
WWC2-AS1	0	341	341	341
WWC2-AS2	0	341	341	341
ZFP42	0	341	341	341
ERBB2	336	0	336	336
PGAP3	336	0	336	336
PNMT	336	0	336	336
PPP1R1B	336	0	336	336
STARD3	336	0	336	336
TCAP	336	0	336	336
C17orf51	0	334	334	334
FAM27E5	0	334	334	334
FLJ36000	0	334	334	334
KCNJ12	0	334	334	334
KCNJ18	0	334	334	334
LOC105371703	0	334	334	334
MTRNR2L1	0	334	334	334
ABHD6	0	325	325	325
ACOX2	0	325	325	325
ADAM6	0	325	325	325
ADAMTS9	0	325	325	325
ADAMTS9-AS1	0	325	325	325
ADAMTS9-AS2	0	325	325	325
ADSSL1	0	325	325	325
AHNAK2	0	325	325	325
AK7	0	325	325	325
AKT1	0	325	325	325
AMN	0	325	325	325
ANKRD9	0	325	325	325
APOPT1	0	325	325	325
APPL1	0	325	325	325
ARF4	0	325	325	325
ARF4-AS1	0	325	325	325
ARHGEF3	0	325	325	325
ARHGEF3-AS1	0	325	325	325
ARL6IP5	0	325	325	325
ASB14	0	325	325	325
ASB2	0	325	325	325
ASPG	0	325	325	325
ATG2B	0	325	325	325
ATXN3	0	325	325	325
ATXN7	0	325	325	325
BAG5	0	325	325	325
BCL11B	0	325	325	325
BDKRB1	0	325	325	325
BDKRB2	0	325	325	325
BEGAIN	0	325	325	325
BRF1	0	325	325	325
BTBD6	0	325	325	325
BTBD7	0	325	325	325
C14orf132	0	325	325	325
C14orf159	0	325	325	325
C14orf177	0	325	325	325
C14orf180	0	325	325	325
C14orf2	0	325	325	325
C14orf79	0	325	325	325
C14orf80	0	325	325	325
C3orf14	0	325	325	325
C3orf49	0	325	325	325
C3orf67	0	325	325	325
C3orf67-AS1	0	325	325	325
CADPS	0	325	325	325
CALM1	0	325	325	325
CATSPERB	0	325	325	325
CCDC66	0	325	325	325
CCDC85C	0	325	325	325
CCDC88C	0	325	325	325
CCNK	0	325	325	325
CDC42BPB	0	325	325	325
CDCA4	0	325	325	325
CEP170B	0	325	325	325
CHGA	0	325	325	325
CINP	0	325	325	325
CKB	0	325	325	325
CLMN	0	325	325	325
CNTN3	0	325	325	325
COX8C	0	325	325	325
CPSF2	0	325	325	325
CRIP1	0	325	325	325
CRIP2	0	325	325	325
CYP46A1	0	325	325	325
DDX24	0	325	325	325
DEGS2	0	325	325	325
DENND6A	0	325	325	325
DICER1	0	325	325	325
DICER1-AS1	0	325	325	325
DIO3	0	325	325	325
DIO3OS	0	325	325	325
DLK1	0	325	325	325
DNAH12	0	325	325	325
DNASE1L3	0	325	325	325
DYNC1H1	0	325	325	325
EBLN2	0	325	325	325
EFCAB11	0	325	325	325
EIF4E3	0	325	325	325
EIF5	0	325	325	325
ELK2AP	0	325	325	325
EML1	0	325	325	325
EML5	0	325	325	325
EOGT	0	325	325	325
EVL	0	325	325	325
EXOC3L4	0	325	325	325
FAM107A	0	325	325	325
FAM181A	0	325	325	325
FAM181A-AS1	0	325	325	325
FAM19A1	0	325	325	325
FAM19A4	0	325	325	325
FAM208A	0	325	325	325
FAM30A	0	325	325	325
FAM3D	0	325	325	325
FAM3D-AS1	0	325	325	325
FAM86DP	0	325	325	325
FBLN5	0	325	325	325
FEZF2	0	325	325	325
FHIT	0	325	325	325
FLNB	0	325	325	325
FLRT2	0	325	325	325
FOXN3	0	325	325	325
FOXN3-AS1	0	325	325	325
FOXN3-AS2	0	325	325	325
FOXP1	0	325	325	325
FOXP1-AS1	0	325	325	325
FRG2C	0	325	325	325
FRMD4B	0	325	325	325
GALC	0	325	325	325
GBE1	0	325	325	325
GLRX5	0	325	325	325
GOLGA5	0	325	325	325
GON7	0	325	325	325
GPR132	0	325	325	325
GPR27	0	325	325	325
GPR65	0	325	325	325
GPR68	0	325	325	325
GSC	0	325	325	325
GSKIP	0	325	325	325
GXYLT2	0	325	325	325
HESX1	0	325	325	325
HHIPL1	0	325	325	325
HSP90AA1	0	325	325	325
IFI27	0	325	325	325
IFI27L1	0	325	325	325
IFI27L2	0	325	325	325
IL17RD	0	325	325	325
INF2	0	325	325	325
ITPK1	0	325	325	325
ITPK1-AS1	0	325	325	325
JAG2	0	325	325	325
KBTBD8	0	325	325	325
KCNK10	0	325	325	325
KCNK13	0	325	325	325
KCTD6	0	325	325	325
KIF26A	0	325	325	325
KLC1	0	325	325	325
LGMN	0	325	325	325
LINC00221	0	325	325	325
LINC00226	0	325	325	325
LINC00239	0	325	325	325
LINC00341	0	325	325	325
LINC00521	0	325	325	325
LINC00523	0	325	325	325
LINC00524	0	325	325	325
LINC00605	0	325	325	325
LINC00618	0	325	325	325
LINC00637	0	325	325	325
LINC00638	0	325	325	325
LINC00642	0	325	325	325
LINC00677	0	325	325	325
LINC00698	0	325	325	325
LINC00870	0	325	325	325
LINC00877	0	325	325	325
LINC00911	0	325	325	325
LINC00960	0	325	325	325
LINC00994	0	325	325	325
LINC01146	0	325	325	325
LINC01550	0	325	325	325
LMOD3	0	325	325	325
LOC100129345	0	325	325	325
LOC100507277	0	325	325	325
LOC100507437	0	325	325	325
LOC101927296	0	325	325	325
LOC101927374	0	325	325	325
LOC101928767	0	325	325	325
LOC101928791	0	325	325	325
LOC101928909	0	325	325	325
LOC101929002	0	325	325	325
LOC101929080	0	325	325	325
LOC101929159	0	325	325	325
LOC101929241	0	325	325	325
LOC101929634	0	325	325	325
LOC102723354	0	325	325	325
LOC105370605	0	325	325	325
LOC105370619	0	325	325	325
LOC105370622	0	325	325	325
LOC105370697	0	325	325	325
LOC105377102	0	325	325	325
LOC105377105	0	325	325	325
LOC105377143	0	325	325	325
LOC105377146	0	325	325	325
LOC105377162	0	325	325	325
LOC105378183	0	325	325	325
LOC107984640	0	325	325	325
LOC283585	0	325	325	325
LOC728290	0	325	325	325
LOC730202	0	325	325	325
LRIG1	0	325	325	325
MAGI1	0	325	325	325
MAGI1-AS1	0	325	325	325
MARK3	0	325	325	325
MEG3	0	325	325	325
MEG8	0	325	325	325
MEG9	0	325	325	325
MIR1185-1	0	325	325	325
MIR1185-2	0	325	325	325
MIR1193	0	325	325	325
MIR1197	0	325	325	325
MIR1247	0	325	325	325
MIR127	0	325	325	325
MIR1284	0	325	325	325
MIR1324	0	325	325	325
MIR134	0	325	325	325
MIR136	0	325	325	325
MIR151B	0	325	325	325
MIR154	0	325	325	325
MIR203A	0	325	325	325
MIR203B	0	325	325	325
MIR2392	0	325	325	325
MIR299	0	325	325	325
MIR300	0	325	325	325
MIR3136	0	325	325	325
MIR3173	0	325	325	325
MIR323A	0	325	325	325
MIR323B	0	325	325	325
MIR329-1	0	325	325	325
MIR329-2	0	325	325	325
MIR337	0	325	325	325
MIR342	0	325	325	325
MIR345	0	325	325	325
MIR369	0	325	325	325
MIR370	0	325	325	325
MIR376A1	0	325	325	325
MIR376A2	0	325	325	325
MIR376B	0	325	325	325
MIR376C	0	325	325	325
MIR377	0	325	325	325
MIR379	0	325	325	325
MIR380	0	325	325	325
MIR381	0	325	325	325
MIR381HG	0	325	325	325
MIR382	0	325	325	325
MIR3923	0	325	325	325
MIR409	0	325	325	325
MIR410	0	325	325	325
MIR411	0	325	325	325
MIR412	0	325	325	325
MIR4272	0	325	325	325
MIR4273	0	325	325	325
MIR4309	0	325	325	325
MIR431	0	325	325	325
MIR432	0	325	325	325
MIR433	0	325	325	325
MIR4444-1	0	325	325	325
MIR4506	0	325	325	325
MIR4507	0	325	325	325
MIR4537	0	325	325	325
MIR4538	0	325	325	325
MIR4539	0	325	325	325
MIR4710	0	325	325	325
MIR485	0	325	325	325
MIR487A	0	325	325	325
MIR487B	0	325	325	325
MIR493	0	325	325	325
MIR494	0	325	325	325
MIR495	0	325	325	325
MIR496	0	325	325	325
MIR5195	0	325	325	325
MIR539	0	325	325	325
MIR541	0	325	325	325
MIR543	0	325	325	325
MIR544A	0	325	325	325
MIR548BB	0	325	325	325
MIR654	0	325	325	325
MIR655	0	325	325	325
MIR656	0	325	325	325
MIR665	0	325	325	325
MIR668	0	325	325	325
MIR6764	0	325	325	325
MIR6765	0	325	325	325
MIR758	0	325	325	325
MIR770	0	325	325	325
MIR8071-1	0	325	325	325
MIR889	0	325	325	325
MITF	0	325	325	325
MOAP1	0	325	325	325
MOK	0	325	325	325
MTA1	0	325	325	325
NDUFB1	0	325	325	325
NRDE2	0	325	325	325
NUDT14	0	325	325	325
OTUB2	0	325	325	325
PACS2	0	325	325	325
PAPOLA	0	325	325	325
PDE12	0	325	325	325
PDHB	0	325	325	325
PDZRN3	0	325	325	325
PDZRN3-AS1	0	325	325	325
PLD4	0	325	325	325
PPP1R13B	0	325	325	325
PPP2R5C	0	325	325	325
PPP4R2	0	325	325	325
PPP4R3A	0	325	325	325
PPP4R4	0	325	325	325
PRICKLE2	0	325	325	325
PRICKLE2-AS1	0	325	325	325
PRICKLE2-AS2	0	325	325	325
PRICKLE2-AS3	0	325	325	325
PRIMA1	0	325	325	325
PROK2	0	325	325	325
PSMC1	0	325	325	325
PSMD6	0	325	325	325
PSMD6-AS2	0	325	325	325
PTPN21	0	325	325	325
PTPRG	0	325	325	325
PTPRG-AS1	0	325	325	325
PXK	0	325	325	325
RCOR1	0	325	325	325
RD3L	0	325	325	325
RIN3	0	325	325	325
ROBO1	0	325	325	325
ROBO2	0	325	325	325
RPP14	0	325	325	325
RPS6KA5	0	325	325	325
RTL1	0	325	325	325
RYBP	0	325	325	325
SAMMSON	0	325	325	325
SCARNA13	0	325	325	325
SERPINA1	0	325	325	325
SERPINA10	0	325	325	325
SERPINA11	0	325	325	325
SERPINA12	0	325	325	325
SERPINA13P	0	325	325	325
SERPINA2	0	325	325	325
SERPINA3	0	325	325	325
SERPINA4	0	325	325	325
SERPINA5	0	325	325	325
SERPINA6	0	325	325	325
SERPINA9	0	325	325	325
SETD3	0	325	325	325
SHQ1	0	325	325	325
SIVA1	0	325	325	325
SLC24A4	0	325	325	325
SLC25A26	0	325	325	325
SLC25A29	0	325	325	325
SLC25A47	0	325	325	325
SLMAP	0	325	325	325
SNHG10	0	325	325	325
SNHG24	0	325	325	325
SNORA11B	0	325	325	325
SNORA28	0	325	325	325
SNORD112	0	325	325	325
SNORD113-1	0	325	325	325
SNORD113-2	0	325	325	325
SNORD113-3	0	325	325	325
SNORD113-4	0	325	325	325
SNORD113-5	0	325	325	325
SNORD113-6	0	325	325	325
SNORD113-7	0	325	325	325
SNORD113-8	0	325	325	325
SNORD113-9	0	325	325	325
SNORD114-1	0	325	325	325
SNORD114-10	0	325	325	325
SNORD114-11	0	325	325	325
SNORD114-12	0	325	325	325
SNORD114-13	0	325	325	325
SNORD114-14	0	325	325	325
SNORD114-15	0	325	325	325
SNORD114-16	0	325	325	325
SNORD114-17	0	325	325	325
SNORD114-18	0	325	325	325
SNORD114-19	0	325	325	325
SNORD114-2	0	325	325	325
SNORD114-20	0	325	325	325
SNORD114-21	0	325	325	325
SNORD114-22	0	325	325	325
SNORD114-23	0	325	325	325
SNORD114-24	0	325	325	325
SNORD114-25	0	325	325	325
SNORD114-26	0	325	325	325
SNORD114-27	0	325	325	325
SNORD114-28	0	325	325	325
SNORD114-29	0	325	325	325
SNORD114-3	0	325	325	325
SNORD114-30	0	325	325	325
SNORD114-31	0	325	325	325
SNORD114-4	0	325	325	325
SNORD114-5	0	325	325	325
SNORD114-6	0	325	325	325
SNORD114-7	0	325	325	325
SNORD114-8	0	325	325	325
SNORD114-9	0	325	325	325
SNTN	0	325	325	325
SPATA12	0	325	325	325
SPATA7	0	325	325	325
SUCLG2	0	325	325	325
SUCLG2-AS1	0	325	325	325
SYNE3	0	325	325	325
SYNPR	0	325	325	325
SYNPR-AS1	0	325	325	325
TC2N	0	325	325	325
TCL1A	0	325	325	325
TCL1B	0	325	325	325
TCL6	0	325	325	325
TDP1	0	325	325	325
TDRD9	0	325	325	325
TECPR2	0	325	325	325
TEX22	0	325	325	325
THOC7	0	325	325	325
THOC7-AS1	0	325	325	325
TMEM121	0	325	325	325
TMEM179	0	325	325	325
TMEM251	0	325	325	325
TMF1	0	325	325	325
TNFAIP2	0	325	325	325
TRAF3	0	325	325	325
TRIP11	0	325	325	325
TRMT61A	0	325	325	325
TTC7B	0	325	325	325
TTC8	0	325	325	325
TUNAR	0	325	325	325
UBA3	0	325	325	325
UBR7	0	325	325	325
UNC79	0	325	325	325
VRK1	0	325	325	325
WARS	0	325	325	325
WDR20	0	325	325	325
WDR25	0	325	325	325
XRCC3	0	325	325	325
YY1	0	325	325	325
ZBTB42	0	325	325	325
ZC3H14	0	325	325	325
ZFYVE21	0	325	325	325
ZNF717	0	325	325	325
ZNF839	0	325	325	325
hsa-mir-1185-2	0	325	325	325
ANO9	0	324	324	324
B4GALNT4	0	324	324	324
BET1L	0	324	324	324
HRAS	0	324	324	324
IFITM1	0	324	324	324
IFITM2	0	324	324	324
IFITM3	0	324	324	324
IFITM5	0	324	324	324
LINC01001	0	324	324	324
MIR6743	0	324	324	324
NLRP6	0	324	324	324
ODF3	0	324	324	324
PGGHG	0	324	324	324
PKP3	0	324	324	324
PSMD13	0	324	324	324
PTDSS2	0	324	324	324
RIC8A	0	324	324	324
RNH1	0	324	324	324
SCGB1C1	0	324	324	324
SIGIRR	0	324	324	324
SIRT3	0	324	324	324
LOC105375972	0	322	322	322
PTPRD	0	322	322	322
PTPRD-AS1	0	322	322	322
ACKR3	0	320	320	320
AGAP1	0	320	320	320
AGAP1-IT1	0	320	320	320
AGXT	0	320	320	320
ANKMY1	0	320	320	320
ANO7	0	320	320	320
AQP12A	0	320	320	320
AQP12B	0	320	320	320
ASB1	0	320	320	320
ASB18	0	320	320	320
ATG4B	0	320	320	320
BOK	0	320	320	320
BOK-AS1	0	320	320	320
C2orf54	0	320	320	320
CAPN10	0	320	320	320
CAPN10-AS1	0	320	320	320
COL6A3	0	320	320	320
COPS8	0	320	320	320
COPS9	0	320	320	320
D2HGDH	0	320	320	320
DTYMK	0	320	320	320
DUSP28	0	320	320	320
ERFE	0	320	320	320
ESPNL	0	320	320	320
FARP2	0	320	320	320
FLJ43879	0	320	320	320
GAL3ST2	0	320	320	320
GBX2	0	320	320	320
GPC1	0	320	320	320
GPR35	0	320	320	320
HDAC4	0	320	320	320
HDLBP	0	320	320	320
HES6	0	320	320	320
ILKAP	0	320	320	320
ING5	0	320	320	320
IQCA1	0	320	320	320
KIF1A	0	320	320	320
KLHL30	0	320	320	320
LINC01107	0	320	320	320
LINC01173	0	320	320	320
LINC01237	0	320	320	320
LOC101928111	0	320	320	320
LOC102723927	0	320	320	320
LOC150935	0	320	320	320
LOC151174	0	320	320	320
LOC200772	0	320	320	320
LOC285095	0	320	320	320
LOC643387	0	320	320	320
LOC728323	0	320	320	320
LOC93463	0	320	320	320
LRRFIP1	0	320	320	320
MGC16025	0	320	320	320
MIR149	0	320	320	320
MIR2467	0	320	320	320
MIR3133	0	320	320	320
MIR4269	0	320	320	320
MIR4440	0	320	320	320
MIR4441	0	320	320	320
MIR4786	0	320	320	320
MIR6811	0	320	320	320
MLPH	0	320	320	320
MTERF4	0	320	320	320
NDUFA10	0	320	320	320
NEU4	0	320	320	320
OR6B2	0	320	320	320
OR6B3	0	320	320	320
OTOS	0	320	320	320
PASK	0	320	320	320
PDCD1	0	320	320	320
PER2	0	320	320	320
PP14571	0	320	320	320
PPP1R7	0	320	320	320
PRLH	0	320	320	320
RAB17	0	320	320	320
RAMP1	0	320	320	320
RBM44	0	320	320	320
RNPEPL1	0	320	320	320
RTP5	0	320	320	320
SCLY	0	320	320	320
SEPT2	0	320	320	320
SH3BP4	0	320	320	320
SNED1	0	320	320	320
STK25	0	320	320	320
THAP4	0	320	320	320
TRAF3IP1	0	320	320	320
TWIST2	0	320	320	320
UBE2F	0	320	320	320
UBE2F-SCLY	0	320	320	320
AKR1C1	318	0	318	318
AKR1C2	318	0	318	318
KLLN	0	316	316	316
PTEN	0	316	316	316
ADAM8	0	308	308	308
ADGRA1	0	308	308	308
ADGRA1-AS1	0	308	308	308
BNIP3	0	308	308	308
C10orf91	0	308	308	308
CALY	0	308	308	308
CFAP46	0	308	308	308
CTAGE7P	0	308	308	308
CYP2E1	0	308	308	308
DPYSL4	0	308	308	308
ECHS1	0	308	308	308
FRG2B	0	308	308	308
FUOM	0	308	308	308
GLRX3	0	308	308	308
INPP5A	0	308	308	308
JAKMIP3	0	308	308	308
KNDC1	0	308	308	308
LINC00959	0	308	308	308
LINC01164	0	308	308	308
LINC01166	0	308	308	308
LINC01167	0	308	308	308
LINC01168	0	308	308	308
LRRC27	0	308	308	308
MIR202	0	308	308	308
MIR202HG	0	308	308	308
MIR378C	0	308	308	308
MIR3944	0	308	308	308
MTG1	0	308	308	308
NKX6-2	0	308	308	308
PAOX	0	308	308	308
PPP2R2D	0	308	308	308
PRAP1	0	308	308	308
PWWP2B	0	308	308	308
SCART1	0	308	308	308
SPRN	0	308	308	308
SPRNP1	0	308	308	308
STK32C	0	308	308	308
SYCE1	0	308	308	308
TCERG1L	0	308	308	308
TCERG1L-AS1	0	308	308	308
TUBGCP2	0	308	308	308
UTF1	0	308	308	308
VENTX	0	308	308	308
ZNF511	0	308	308	308
GFOD1	307	0	307	307
LOC100130357	307	0	307	307
MCUR1	307	0	307	307
NOL7	307	0	307	307
PHACTR1	307	0	307	307
RANBP9	307	0	307	307
SIRT5	307	0	307	307
TBC1D7	307	0	307	307
TBC1D7-LOC100130357	307	0	307	307
B4GALNT3	293	0	293	293
CCDC77	293	0	293	293
CPM	293	0	293	293
CPSF6	293	0	293	293
ERC1	293	0	293	293
FRS2	293	0	293	293
IQSEC3	293	0	293	293
KDM5A	293	0	293	293
LOC100049716	293	0	293	293
LOC100288778	293	0	293	293
LOC101929384	293	0	293	293
LOC102723544	293	0	293	293
LOC105369595	293	0	293	293
LOC574538	293	0	293	293
LYZ	293	0	293	293
MIR1279	293	0	293	293
NINJ2	293	0	293	293
RAD52	293	0	293	293
SLC6A12	293	0	293	293
SLC6A13	293	0	293	293
WNK1	293	0	293	293
YEATS4	293	0	293	293
ABCA2	0	283	283	283
ABL1	0	283	283	283
ABO	0	283	283	283
ADAMTS13	0	283	283	283
ADAMTSL2	0	283	283	283
AGPAT2	0	283	283	283
AIF1L	0	283	283	283
AK8	0	283	283	283
ANAPC2	0	283	283	283
ARRDC1	0	283	283	283
ARRDC1-AS1	0	283	283	283
ASB6	0	283	283	283
ASS1	0	283	283	283
BARHL1	0	283	283	283
BRD3	0	283	283	283
C8G	0	283	283	283
C9orf106	0	283	283	283
C9orf116	0	283	283	283
C9orf139	0	283	283	283
C9orf142	0	283	283	283
C9orf163	0	283	283	283
C9orf172	0	283	283	283
C9orf50	0	283	283	283
C9orf62	0	283	283	283
C9orf69	0	283	283	283
C9orf78	0	283	283	283
CACFD1	0	283	283	283
CACNA1B	0	283	283	283
CAMSAP1	0	283	283	283
CARD9	0	283	283	283
CCDC183	0	283	283	283
CCDC183-AS1	0	283	283	283
CCDC187	0	283	283	283
CEL	0	283	283	283
CELP	0	283	283	283
CFAP77	0	283	283	283
CLIC3	0	283	283	283
COL5A1	0	283	283	283
COL5A1-AS1	0	283	283	283
CRAT	0	283	283	283
CYSRT1	0	283	283	283
DBH	0	283	283	283
DBH-AS1	0	283	283	283
DDX31	0	283	283	283
DKFZP434A062	0	283	283	283
DNLZ	0	283	283	283
DOLK	0	283	283	283
DOLPP1	0	283	283	283
DPH7	0	283	283	283
DPP7	0	283	283	283
EDF1	0	283	283	283
EGFL7	0	283	283	283
EHMT1	0	283	283	283
EHMT1-IT1	0	283	283	283
ENTPD2	0	283	283	283
ENTPD8	0	283	283	283
EXD3	0	283	283	283
EXOSC2	0	283	283	283
FAM157B	0	283	283	283
FAM163B	0	283	283	283
FAM166A	0	283	283	283
FAM69B	0	283	283	283
FAM78A	0	283	283	283
FBXW5	0	283	283	283
FCN1	0	283	283	283
FCN2	0	283	283	283
FIBCD1	0	283	283	283
FNBP1	0	283	283	283
FUBP3	0	283	283	283
FUT7	0	283	283	283
GBGT1	0	283	283	283
GFI1B	0	283	283	283
GLT6D1	0	283	283	283
GPR107	0	283	283	283
GPSM1	0	283	283	283
GRIN1	0	283	283	283
GTF3C4	0	283	283	283
GTF3C5	0	283	283	283
HMCN2	0	283	283	283
HSPC324	0	283	283	283
IER5L	0	283	283	283
INPP5E	0	283	283	283
KCNT1	0	283	283	283
LAMC3	0	283	283	283
LCN1	0	283	283	283
LCN10	0	283	283	283
LCN12	0	283	283	283
LCN15	0	283	283	283
LCN6	0	283	283	283
LCN8	0	283	283	283
LCN9	0	283	283	283
LCNL1	0	283	283	283
LHX3	0	283	283	283
LINC00094	0	283	283	283
LINC00963	0	283	283	283
LINC01451	0	283	283	283
LINC01502	0	283	283	283
LINC01503	0	283	283	283
LOC100128593	0	283	283	283
LOC100130548	0	283	283	283
LOC100133077	0	283	283	283
LOC100272217	0	283	283	283
LOC101448202	0	283	283	283
LOC101928525	0	283	283	283
LOC101928786	0	283	283	283
LOC101928932	0	283	283	283
LOC101929331	0	283	283	283
LOC105376306	0	283	283	283
LOC105376331	0	283	283	283
LOC401554	0	283	283	283
LOC401557	0	283	283	283
LRRC26	0	283	283	283
LRRC8A	0	283	283	283
MAMDC4	0	283	283	283
MAN1B1	0	283	283	283
MAN1B1-AS1	0	283	283	283
MED22	0	283	283	283
MED27	0	283	283	283
MIGA2	0	283	283	283
MIR126	0	283	283	283
MIR3621	0	283	283	283
MIR3689A	0	283	283	283
MIR3689B	0	283	283	283
MIR3689C	0	283	283	283
MIR3689D1	0	283	283	283
MIR3689D2	0	283	283	283
MIR3689E	0	283	283	283
MIR3689F	0	283	283	283
MIR4292	0	283	283	283
MIR4479	0	283	283	283
MIR4669	0	283	283	283
MIR4673	0	283	283	283
MIR4674	0	283	283	283
MIR548AW	0	283	283	283
MIR602	0	283	283	283
MIR6722	0	283	283	283
MIR6855	0	283	283	283
MIR6856	0	283	283	283
MIR6877	0	283	283	283
MIR7114	0	283	283	283
MRPL41	0	283	283	283
MRPS2	0	283	283	283
NACC2	0	283	283	283
NALT1	0	283	283	283
NCS1	0	283	283	283
NDOR1	0	283	283	283
NELFB	0	283	283	283
NOTCH1	0	283	283	283
NOXA1	0	283	283	283
NPDC1	0	283	283	283
NRARP	0	283	283	283
NSMF	0	283	283	283
NTMT1	0	283	283	283
NTNG2	0	283	283	283
NUP188	0	283	283	283
NUP214	0	283	283	283
OBP2A	0	283	283	283
OBP2B	0	283	283	283
OLFM1	0	283	283	283
PAEP	0	283	283	283
PHPT1	0	283	283	283
PHYHD1	0	283	283	283
PLPP7	0	283	283	283
PMPCA	0	283	283	283
PNPLA7	0	283	283	283
POMT1	0	283	283	283
PPP1R26	0	283	283	283
PPP1R26-AS1	0	283	283	283
PRDM12	0	283	283	283
PRRC2B	0	283	283	283
PRRX2	0	283	283	283
PRRX2-AS1	0	283	283	283
PTGDS	0	283	283	283
PTGES	0	283	283	283
PTPA	0	283	283	283
QRFP	0	283	283	283
QSOX2	0	283	283	283
RABL6	0	283	283	283
RALGDS	0	283	283	283
RAPGEF1	0	283	283	283
REXO4	0	283	283	283
RNF208	0	283	283	283
RNF224	0	283	283	283
RNU6ATAC	0	283	283	283
RPL7A	0	283	283	283
RXRA	0	283	283	283
SAPCD2	0	283	283	283
SARDH	0	283	283	283
SDCCAG3	0	283	283	283
SEC16A	0	283	283	283
SETX	0	283	283	283
SH3GLB2	0	283	283	283
SLC2A6	0	283	283	283
SLC34A3	0	283	283	283
SNAPC4	0	283	283	283
SNHG7	0	283	283	283
SNORA17A	0	283	283	283
SNORA17B	0	283	283	283
SNORD141A	0	283	283	283
SNORD24	0	283	283	283
SNORD36A	0	283	283	283
SNORD36B	0	283	283	283
SNORD36C	0	283	283	283
SNORD62A	0	283	283	283
SOHLH1	0	283	283	283
SPACA9	0	283	283	283
SSNA1	0	283	283	283
STKLD1	0	283	283	283
STPG3	0	283	283	283
STPG3-AS1	0	283	283	283
SURF1	0	283	283	283
SURF2	0	283	283	283
SURF4	0	283	283	283
SURF6	0	283	283	283
TMEM141	0	283	283	283
TMEM203	0	283	283	283
TMEM210	0	283	283	283
TMEM8C	0	283	283	283
TOR1A	0	283	283	283
TOR1B	0	283	283	283
TOR4A	0	283	283	283
TPRN	0	283	283	283
TRAF2	0	283	283	283
TSC1	0	283	283	283
TTF1	0	283	283	283
TUBB4B	0	283	283	283
TUBBP5	0	283	283	283
UAP1L1	0	283	283	283
UBAC1	0	283	283	283
UCK1	0	283	283	283
USP20	0	283	283	283
VAV2	0	283	283	283
WDR5	0	283	283	283
ZMYND19	0	283	283	283
MIR582	0	282	282	282
PART1	0	282	282	282
PDE4D	0	282	282	282
AAMDC	279	0	279	279
ALG8	279	0	279	279
ANKRD20A1	0	279	279	279
ANKRD20A2	0	279	279	279
ANKRD20A3	0	279	279	279
ANKRD20A4	0	279	279	279
AQP11	279	0	279	279
AQP7P1	0	279	279	279
AQP7P3	0	279	279	279
CBWD3	0	279	279	279
CBWD5	0	279	279	279
CBWD6	0	279	279	279
CLNS1A	279	0	279	279
CNTNAP3	0	279	279	279
CNTNAP3B	0	279	279	279
CNTNAP3P2	0	279	279	279
EFNA5	0	279	279	279
FAM201A	0	279	279	279
FAM27B	0	279	279	279
FAM27C	0	279	279	279
FAM27E2	0	279	279	279
FAM27E3	0	279	279	279
FAM74A1	0	279	279	279
FAM74A3	0	279	279	279
FAM74A4	0	279	279	279
FAM74A7	0	279	279	279
FAM95B1	0	279	279	279
FGF7P3	0	279	279	279
FGF7P6	0	279	279	279
FLJ43315	0	279	279	279
FOXD4L3	0	279	279	279
FOXD4L4	0	279	279	279
FOXD4L5	0	279	279	279
FOXD4L6	0	279	279	279
FRG1HP	0	279	279	279
FRG1JP	0	279	279	279
GAB2	279	0	279	279
GLIDR	0	279	279	279
GXYLT1P3	0	279	279	279
INTS4	279	0	279	279
KCTD14	279	0	279	279
KCTD21	279	0	279	279
KCTD21-AS1	279	0	279	279
LINC01189	0	279	279	279
LINC01410	0	279	279	279
LOC100132249	0	279	279	279
LOC101927827	0	279	279	279
LOC101928195	0	279	279	279
LOC101928381	0	279	279	279
LOC101928865	279	0	279	279
LOC101929583	0	279	279	279
LOC102723709	0	279	279	279
LOC102724238	0	279	279	279
LOC102724580	0	279	279	279
LOC102725126	0	279	279	279
LOC103908605	0	279	279	279
LOC105376064	0	279	279	279
LOC105379450	0	279	279	279
LOC286297	0	279	279	279
LOC403323	0	279	279	279
LOC440896	0	279	279	279
LOC554249	0	279	279	279
LOC642929	0	279	279	279
LOC646029	279	0	279	279
LOC728673	0	279	279	279
MIR1299	0	279	279	279
MIR4477A	0	279	279	279
NARS2	279	0	279	279
NDUFC2	279	0	279	279
NDUFC2-KCTD14	279	0	279	279
PAK1	279	0	279	279
PGM5	0	279	279	279
PGM5-AS1	0	279	279	279
PGM5P2	0	279	279	279
PTGER4P2-CDK2AP2P2	0	279	279	279
RSF1	279	0	279	279
SPATA31A1	0	279	279	279
SPATA31A3	0	279	279	279
SPATA31A5	0	279	279	279
SPATA31A6	0	279	279	279
SPATA31A7	0	279	279	279
THRSP	279	0	279	279
USP35	279	0	279	279
XLOC_007697	0	279	279	279
ZNF658	0	279	279	279
ZNF658B	0	279	279	279
AURKC	278	0	278	278
BRSK1	278	0	278	278
C19orf18	278	0	278	278
CCDC106	278	0	278	278
COX6B2	278	0	278	278
DNAAF3	278	0	278	278
DUXA	278	0	278	278
EPN1	278	0	278	278
EPS8L1	278	0	278	278
FAM71E2	278	0	278	278
FIZ1	278	0	278	278
FKBP1AP1	278	0	278	278
GALP	278	0	278	278
GP6	278	0	278	278
HSPBP1	278	0	278	278
IL11	278	0	278	278
ISOC2	278	0	278	278
KMT5C	278	0	278	278
LOC100128398	278	0	278	278
LOC101928886	278	0	278	278
LOC105372476	278	0	278	278
MIMT1	278	0	278	278
MIR6802	278	0	278	278
MIR6803	278	0	278	278
MIR6804	278	0	278	278
MIR6805	278	0	278	278
MIR7975	278	0	278	278
NAT14	278	0	278	278
NLRP11	278	0	278	278
NLRP13	278	0	278	278
NLRP2	278	0	278	278
NLRP4	278	0	278	278
NLRP5	278	0	278	278
NLRP7	278	0	278	278
NLRP8	278	0	278	278
NLRP9	278	0	278	278
PEG3	278	0	278	278
PEG3-AS1	278	0	278	278
PPP1R12C	278	0	278	278
PPP6R1	278	0	278	278
PTPRH	278	0	278	278
RDH13	278	0	278	278
RFPL4A	278	0	278	278
RFPL4AL1	278	0	278	278
RPL28	278	0	278	278
SBK2	278	0	278	278
SBK3	278	0	278	278
SHISA7	278	0	278	278
SMIM17	278	0	278	278
SSC5D	278	0	278	278
SYT5	278	0	278	278
TMEM150B	278	0	278	278
TMEM190	278	0	278	278
TMEM238	278	0	278	278
TMEM86B	278	0	278	278
TNNI3	278	0	278	278
TNNT1	278	0	278	278
TRAPPC2B	278	0	278	278
U2AF2	278	0	278	278
UBE2S	278	0	278	278
USP29	278	0	278	278
VN1R1	278	0	278	278
ZFP28	278	0	278	278
ZIK1	278	0	278	278
ZIM2	278	0	278	278
ZIM2-AS1	278	0	278	278
ZIM3	278	0	278	278
ZNF134	278	0	278	278
ZNF135	278	0	278	278
ZNF154	278	0	278	278
ZNF17	278	0	278	278
ZNF211	278	0	278	278
ZNF256	278	0	278	278
ZNF264	278	0	278	278
ZNF274	278	0	278	278
ZNF304	278	0	278	278
ZNF329	278	0	278	278
ZNF416	278	0	278	278
ZNF417	278	0	278	278
ZNF418	278	0	278	278
ZNF419	278	0	278	278
ZNF444	278	0	278	278
ZNF460	278	0	278	278
ZNF470	278	0	278	278
ZNF471	278	0	278	278
ZNF524	278	0	278	278
ZNF530	278	0	278	278
ZNF542P	278	0	278	278
ZNF543	278	0	278	278
ZNF544	278	0	278	278
ZNF547	278	0	278	278
ZNF548	278	0	278	278
ZNF549	278	0	278	278
ZNF550	278	0	278	278
ZNF551	278	0	278	278
ZNF552	278	0	278	278
ZNF579	278	0	278	278
ZNF580	278	0	278	278
ZNF581	278	0	278	278
ZNF582	278	0	278	278
ZNF582-AS1	278	0	278	278
ZNF583	278	0	278	278
ZNF586	278	0	278	278
ZNF587	278	0	278	278
ZNF587B	278	0	278	278
ZNF606	278	0	278	278
ZNF628	278	0	278	278
ZNF667	278	0	278	278
ZNF667-AS1	278	0	278	278
ZNF671	278	0	278	278
ZNF71	278	0	278	278
ZNF749	278	0	278	278
ZNF772	278	0	278	278
ZNF773	278	0	278	278
ZNF776	278	0	278	278
ZNF784	278	0	278	278
ZNF787	278	0	278	278
ZNF805	278	0	278	278
ZNF814	278	0	278	278
ZNF835	278	0	278	278
ZNF865	278	0	278	278
ZSCAN1	278	0	278	278
ZSCAN18	278	0	278	278
ZSCAN4	278	0	278	278
ZSCAN5A	278	0	278	278
ZSCAN5B	278	0	278	278
hsa-mir-1274b	278	0	278	278
C19orf12	277	0	277	277
CCNE1	277	0	277	277
LOC284395	277	0	277	277
PLEKHF1	277	0	277	277
POP4	277	0	277	277
URI1	277	0	277	277
VSTM2B	277	0	277	277
ACMSD	0	263	263	263
ACVR2A	0	263	263	263
AMER3	0	263	263	263
AMMECR1L	0	263	263	263
ANKRD30BL	0	263	263	263
ARHGAP15	0	263	263	263
ARHGEF4	0	263	263	263
ARL5A	0	263	263	263
ARL6IP6	0	263	263	263
BIN1	0	263	263	263
C2orf27A	0	263	263	263
C2orf27B	0	263	263	263
CACNB4	0	263	263	263
CCDC115	0	263	263	263
CCDC74A	0	263	263	263
CCDC74B	0	263	263	263
CCNT2	0	263	263	263
CCNT2-AS1	0	263	263	263
CFC1	0	263	263	263
CFC1B	0	263	263	263
CNTNAP5	0	263	263	263
CXCR4	0	263	263	263
CYP27C1	0	263	263	263
CYP4F30P	0	263	263	263
CYP4F62P	0	263	263	263
DARS	0	263	263	263
DARS-AS1	0	263	263	263
EPC2	0	263	263	263
ERCC3	0	263	263	263
FAM168B	0	263	263	263
FAM201B	0	263	263	263
FAR2P1	0	263	263	263
FAR2P2	0	263	263	263
FMNL2	0	263	263	263
GPR148	0	263	263	263
GPR17	0	263	263	263
GPR39	0	263	263	263
GTDC1	0	263	263	263
GYPC	0	263	263	263
HNMT	0	263	263	263
HS6ST1	0	263	263	263
IMP4	0	263	263	263
IWS1	0	263	263	263
KIF5C	0	263	263	263
KYNU	0	263	263	263
LCT	0	263	263	263
LIMS2	0	263	263	263
LINC01087	0	263	263	263
LINC01120	0	263	263	263
LINC01412	0	263	263	263
LOC100507600	0	263	263	263
LOC101927881	0	263	263	263
LOC101927924	0	263	263	263
LOC101928161	0	263	263	263
LOC101928185	0	263	263	263
LOC101928273	0	263	263	263
LOC101928386	0	263	263	263
LOC101929231	0	263	263	263
LOC101929260	0	263	263	263
LOC101929282	0	263	263	263
LOC101929319	0	263	263	263
LOC101929926	0	263	263	263
LOC105373609	0	263	263	263
LOC105373635	0	263	263	263
LOC105373656	0	263	263	263
LOC150776	0	263	263	263
LOC151121	0	263	263	263
LOC389033	0	263	263	263
LOC440910	0	263	263	263
LOC646743	0	263	263	263
LRP1B	0	263	263	263
LYPD1	0	263	263	263
LYPD6	0	263	263	263
LYPD6B	0	263	263	263
MAP3K19	0	263	263	263
MAP3K2	0	263	263	263
MBD5	0	263	263	263
MCM6	0	263	263	263
MED15P9	0	263	263	263
MGAT5	0	263	263	263
MIR128-1	0	263	263	263
MIR3679	0	263	263	263
MIR4773-1	0	263	263	263
MIR4783	0	263	263	263
MIR4784	0	263	263	263
MIR5590	0	263	263	263
MIR663B	0	263	263	263
MIR7157	0	263	263	263
MMADHC	0	263	263	263
MYO7B	0	263	263	263
MZT2A	0	263	263	263
MZT2B	0	263	263	263
NCKAP5	0	263	263	263
NEB	0	263	263	263
NMI	0	263	263	263
NOC2LP2	0	263	263	263
NXPH2	0	263	263	263
ORC4	0	263	263	263
PABPC1P2	0	263	263	263
PLEKHB2	0	263	263	263
POLR2D	0	263	263	263
POTEE	0	263	263	263
POTEF	0	263	263	263
POTEI	0	263	263	263
POTEJ	0	263	263	263
POTEKP	0	263	263	263
PROC	0	263	263	263
PRPF40A	0	263	263	263
PTPN18	0	263	263	263
R3HDM1	0	263	263	263
RAB3GAP1	0	263	263	263
RAB6C	0	263	263	263
RAB6C-AS1	0	263	263	263
RBM43	0	263	263	263
RIF1	0	263	263	263
RND3	0	263	263	263
RPRM	0	263	263	263
SAP130	0	263	263	263
SFT2D3	0	263	263	263
SMPD4	0	263	263	263
SPOPL	0	263	263	263
STAM2	0	263	263	263
TEX41	0	263	263	263
THSD7B	0	263	263	263
TISP43	0	263	263	263
TMEM163	0	263	263	263
TNFAIP6	0	263	263	263
TUBA3D	0	263	263	263
TUBA3E	0	263	263	263
UBXN4	0	263	263	263
UGGT1	0	263	263	263
WDR33	0	263	263	263
WTH3DI	0	263	263	263
YY1P2	0	263	263	263
ZEB2	0	263	263	263
ZEB2-AS1	0	263	263	263
ZNF806	0	263	263	263
ZRANB3	0	263	263	263
C21orf58	259	0	259	259
COL6A2	259	0	259	259
DIP2A	259	0	259	259
DIP2A-IT1	259	0	259	259
FTCD	259	0	259	259
LSS	259	0	259	259
MCM3AP	259	0	259	259
MCM3AP-AS1	259	0	259	259
PCNT	259	0	259	259
PRMT2	259	0	259	259
S100B	259	0	259	259
SPATC1L	259	0	259	259
YBEY	259	0	259	259
EHF	245	0	245	245
AP5B1	0	240	240	240
ARL2	0	240	240	240
ARL2-SNX15	0	240	240	240
ATG2A	0	240	240	240
BATF2	0	240	240	240
CAPN1	0	240	240	240
CCDC85B	0	240	240	240
CDC42BPG	0	240	240	240
CDC42EP2	0	240	240	240
CDCA5	0	240	240	240
CFL1	0	240	240	240
CTSW	0	240	240	240
DPF2	0	240	240	240
EFEMP2	0	240	240	240
EHBP1L1	0	240	240	240
EHD1	0	240	240	240
FAM89B	0	240	240	240
FAU	0	240	240	240
FIBP	0	240	240	240
FOSL1	0	240	240	240
FRMD8	0	240	240	240
GPHA2	0	240	240	240
KAT5	0	240	240	240
KCNK7	0	240	240	240
LTBP3	0	240	240	240
MAJIN	0	240	240	240
MALAT1	0	240	240	240
MAP3K11	0	240	240	240
MAP4K2	0	240	240	240
MEN1	0	240	240	240
MIR192	0	240	240	240
MIR194-2	0	240	240	240
MIR194-2HG	0	240	240	240
MIR4489	0	240	240	240
MIR4690	0	240	240	240
MIR612	0	240	240	240
MIR6749	0	240	240	240
MIR6750	0	240	240	240
MIR6751	0	240	240	240
MIR6879	0	240	240	240
MRPL49	0	240	240	240
MUS81	0	240	240	240
NAALADL1	0	240	240	240
NEAT1	0	240	240	240
NRXN2	0	240	240	240
OVOL1	0	240	240	240
OVOL1-AS1	0	240	240	240
PCNX3	0	240	240	240
POLA2	0	240	240	240
PPP2R5B	0	240	240	240
PYGM	0	240	240	240
RASGRP2	0	240	240	240
RELA	0	240	240	240
RNASEH2C	0	240	240	240
SAC3D1	0	240	240	240
SCYL1	0	240	240	240
SF1	0	240	240	240
SIPA1	0	240	240	240
SLC22A11	0	240	240	240
SLC22A12	0	240	240	240
SLC22A20	0	240	240	240
SLC25A45	0	240	240	240
SNX15	0	240	240	240
SNX32	0	240	240	240
SPDYC	0	240	240	240
SSSCA1	0	240	240	240
SSSCA1-AS1	0	240	240	240
SYVN1	0	240	240	240
TIGD3	0	240	240	240
TM7SF2	0	240	240	240
TMEM262	0	240	240	240
VPS51	0	240	240	240
ZFPL1	0	240	240	240
ZNHIT2	0	240	240	240
BRD4	234	0	234	234
EPHX3	234	0	234	234
FOXA1	234	0	234	234
MIPOL1	234	0	234	234
NOTCH3	234	0	234	234
TTC6	234	0	234	234
BHLHE40	225	0	225	225
BHLHE40-AS1	225	0	225	225
EGOT	225	0	225	225
ITPR1	225	0	225	225
ITPR1-AS1	225	0	225	225
SUMF1	225	0	225	225
AP2S1	0	222	222	222
ARHGAP35	0	222	222	222
BBC3	0	222	222	222
CALM3	0	222	222	222
CCDC8	0	222	222	222
CCDC9	0	222	222	222
DACT3	0	222	222	222
DACT3-AS1	0	222	222	222
FKRP	0	222	222	222
GNG8	0	222	222	222
HIF3A	0	222	222	222
IGFL1	0	222	222	222
INAFM1	0	222	222	222
MIR3190	0	222	222	222
MIR3191	0	222	222	222
MIR320E	0	222	222	222
NPAS1	0	222	222	222
PNMAL1	0	222	222	222
PNMAL2	0	222	222	222
PPP5C	0	222	222	222
PPP5D1	0	222	222	222
PRKD2	0	222	222	222
PTGIR	0	222	222	222
SAE1	0	222	222	222
SLC1A5	0	222	222	222
SNAR-E	0	222	222	222
STRN4	0	222	222	222
TMEM160	0	222	222	222
ZC3H4	0	222	222	222
ANKRD20A11P	0	219	219	219
ANKRD30BP2	0	219	219	219
BAGE	0	219	219	219
BAGE2	0	219	219	219
BAGE3	0	219	219	219
BAGE4	0	219	219	219
C21orf140	0	219	219	219
C21orf33	0	219	219	219
CBS	0	219	219	219
CRYAA	0	219	219	219
CYP4F29P	0	219	219	219
FRGCA	0	219	219	219
ICOSLG	0	219	219	219
KCNE1B	0	219	219	219
LINC00313	0	219	219	219
LINC00319	0	219	219	219
LOC100507412	0	219	219	219
LOC102723360	0	219	219	219
LOC102724188	0	219	219	219
LOC102724219	0	219	219	219
LOC102724354	0	219	219	219
LOC102724428	0	219	219	219
LOC102724652	0	219	219	219
LOC102724843	0	219	219	219
LOC105372833	0	219	219	219
LOC105379511	0	219	219	219
LOC105379514	0	219	219	219
MGC39584	0	219	219	219
MIR3118-1	0	219	219	219
MIR3156-3	0	219	219	219
MIR3648-1	0	219	219	219
MIR3687-1	0	219	219	219
MIR663A	0	219	219	219
MIR6724-1	0	219	219	219
MIR6724-2	0	219	219	219
MIR6724-3	0	219	219	219
MIR8069-1	0	219	219	219
POTED	0	219	219	219
PWP2	0	219	219	219
RNA18S5	0	219	219	219
RNA28S5	0	219	219	219
RNA45S5	0	219	219	219
RNA5-8S5	0	219	219	219
SIK1	0	219	219	219
SMIM11A	0	219	219	219
SMIM11B	0	219	219	219
TEKT4P2	0	219	219	219
TPTE	0	219	219	219
U2AF1	0	219	219	219
U2AF1L5	0	219	219	219
ACP1	0	209	209	209
ADAM17	0	209	209	209
ADCY3	0	209	209	209
ADI1	0	209	209	209
ALLC	0	209	209	209
APOB	0	209	209	209
ASAP2	0	209	209	209
ASXL2	0	209	209	209
ATAD2B	0	209	209	209
ATP6V1C2	0	209	209	209
C2orf48	0	209	209	209
C2orf50	0	209	209	209
CENPO	0	209	209	209
CMPK2	0	209	209	209
COLEC11	0	209	209	209
CPSF3	0	209	209	209
CYS1	0	209	209	209
DCDC2C	0	209	209	209
DDX1	0	209	209	209
DNAJC27	0	209	209	209
DNAJC27-AS1	0	209	209	209
DNMT3A	0	209	209	209
DTNB	0	209	209	209
E2F6	0	209	209	209
EFR3B	0	209	209	209
FAM110C	0	209	209	209
FAM150B	0	209	209	209
FAM228A	0	209	209	209
FAM228B	0	209	209	209
FAM49A	0	209	209	209
FAM84A	0	209	209	209
FKBP1B	0	209	209	209
FLJ33534	0	209	209	209
GACAT3	0	209	209	209
GAREM2	0	209	209	209
GDF7	0	209	209	209
GEN1	0	209	209	209
GREB1	0	209	209	209
GRHL1	0	209	209	209
HADHA	0	209	209	209
HADHB	0	209	209	209
HPCAL1	0	209	209	209
HS1BP3	0	209	209	209
HS1BP3-IT1	0	209	209	209
IAH1	0	209	209	209
ID2	0	209	209	209
ID2-AS1	0	209	209	209
ITGB1BP1	0	209	209	209
ITSN2	0	209	209	209
KCNF1	0	209	209	209
KCNS3	0	209	209	209
KIDINS220	0	209	209	209
KIF3C	0	209	209	209
KLF11	0	209	209	209
KLHL29	0	209	209	209
LAPTM4A	0	209	209	209
LDAH	0	209	209	209
LINC00276	0	209	209	209
LINC00298	0	209	209	209
LINC00299	0	209	209	209
LINC00487	0	209	209	209
LINC00570	0	209	209	209
LINC00954	0	209	209	209
LINC01105	0	209	209	209
LINC01115	0	209	209	209
LINC01246	0	209	209	209
LINC01247	0	209	209	209
LINC01248	0	209	209	209
LINC01249	0	209	209	209
LINC01250	0	209	209	209
LINC01304	0	209	209	209
LINC01376	0	209	209	209
LINC01381	0	209	209	209
LOC100506274	0	209	209	209
LOC100506474	0	209	209	209
LOC101060385	0	209	209	209
LOC101060391	0	209	209	209
LOC101926966	0	209	209	209
LOC101928222	0	209	209	209
LOC101929452	0	209	209	209
LOC101929551	0	209	209	209
LOC101929567	0	209	209	209
LOC101929715	0	209	209	209
LOC101929733	0	209	209	209
LOC101929882	0	209	209	209
LOC102723362	0	209	209	209
LOC105373352	0	209	209	209
LOC105373394	0	209	209	209
LOC400940	0	209	209	209
LOC645949	0	209	209	209
LOC653602	0	209	209	209
LPIN1	0	209	209	209
MATN3	0	209	209	209
MBOAT2	0	209	209	209
MFSD2B	0	209	209	209
MIR1301	0	209	209	209
MIR3125	0	209	209	209
MIR3681	0	209	209	209
MIR3681HG	0	209	209	209
MIR4261	0	209	209	209
MIR4262	0	209	209	209
MIR4429	0	209	209	209
MIR4757	0	209	209	209
MIR548S	0	209	209	209
MIR7158	0	209	209	209
MIR7515	0	209	209	209
MIR7515HG	0	209	209	209
MSGN1	0	209	209	209
MYCN	0	209	209	209
MYCNOS	0	209	209	209
MYCNUT	0	209	209	209
MYT1L	0	209	209	209
MYT1L-AS1	0	209	209	209
NBAS	0	209	209	209
NCOA1	0	209	209	209
NOL10	0	209	209	209
NRIR	0	209	209	209
NT5C1B	0	209	209	209
NT5C1B-RDH14	0	209	209	209
NTSR2	0	209	209	209
ODC1	0	209	209	209
OSR1	0	209	209	209
PDIA6	0	209	209	209
PFN4	0	209	209	209
POMC	0	209	209	209
PQLC3	0	209	209	209
PTRHD1	0	209	209	209
PUM2	0	209	209	209
PXDN	0	209	209	209
RAB10	0	209	209	209
RAD51AP2	0	209	209	209
RDH14	0	209	209	209
RHOB	0	209	209	209
RNASEH1	0	209	209	209
RNASEH1-AS1	0	209	209	209
RNF144A	0	209	209	209
RNF144A-AS1	0	209	209	209
ROCK2	0	209	209	209
RPS7	0	209	209	209
RRM2	0	209	209	209
RSAD2	0	209	209	209
SDC1	0	209	209	209
SF3B6	0	209	209	209
SH3YL1	0	209	209	209
SMC6	0	209	209	209
SNORA80B	0	209	209	209
SNTG2	0	209	209	209
SOX11	0	209	209	209
TAF1B	0	209	209	209
TDRD15	0	209	209	209
TMEM18	0	209	209	209
TP53I3	0	209	209	209
TPO	0	209	209	209
TRAPPC12	0	209	209	209
TRIB2	0	209	209	209
TSSC1	0	209	209	209
TTC32	0	209	209	209
UBXN2A	0	209	209	209
VSNL1	0	209	209	209
WDCP	0	209	209	209
WDR35	0	209	209	209
YWHAQ	0	209	209	209
AACS	0	205	205	205
ABCB9	0	205	205	205
ACADS	0	205	205	205
ADGRD1	0	205	205	205
ANAPC5	0	205	205	205
ANHX	0	205	205	205
ANKLE2	0	205	205	205
ARL6IP4	0	205	205	205
ATP6V0A2	0	205	205	205
B3GNT4	0	205	205	205
BCL7A	0	205	205	205
BICDL1	0	205	205	205
BPHL	0	205	205	205
BRI3BP	0	205	205	205
C12orf43	0	205	205	205
C12orf49	0	205	205	205
C12orf65	0	205	205	205
CABP1	0	205	205	205
CAMKK2	0	205	205	205
CCDC60	0	205	205	205
CCDC62	0	205	205	205
CCDC92	0	205	205	205
CDK2AP1	0	205	205	205
CHFR	0	205	205	205
CIT	0	205	205	205
CLIP1	0	205	205	205
CLIP1-AS1	0	205	205	205
COQ5	0	205	205	205
COX6A1	0	205	205	205
CRAT8	0	205	205	205
DDX51	0	205	205	205
DDX55	0	205	205	205
DENR	0	205	205	205
DHX37	0	205	205	205
DIABLO	0	205	205	205
DNAH10	0	205	205	205
DUSP22	0	205	205	205
DYNLL1	0	205	205	205
EIF2B1	0	205	205	205
EP400	0	205	205	205
EP400NL	0	205	205	205
EXOC2	0	205	205	205
FAM217A	0	205	205	205
FAM50B	0	205	205	205
FBRSL1	0	205	205	205
FBXO21	0	205	205	205
FBXW8	0	205	205	205
FLJ37505	0	205	205	205
FOXC1	0	205	205	205
FOXCUT	0	205	205	205
FOXF2	0	205	205	205
FOXQ1	0	205	205	205
FZD10	0	205	205	205
FZD10-AS1	0	205	205	205
GALNT9	0	205	205	205
GATC	0	205	205	205
GCN1	0	205	205	205
GLT1D1	0	205	205	205
GMDS	0	205	205	205
GMDS-AS1	0	205	205	205
GOLGA3	0	205	205	205
GTF2H3	0	205	205	205
HCAR1	0	205	205	205
HCAR2	0	205	205	205
HCAR3	0	205	205	205
HIP1R	0	205	205	205
HNF1A	0	205	205	205
HNF1A-AS1	0	205	205	205
HPD	0	205	205	205
HRK	0	205	205	205
HSPB8	0	205	205	205
HTATSF1P2	0	205	205	205
HUS1B	0	205	205	205
IL31	0	205	205	205
IQCD	0	205	205	205
IRF4	0	205	205	205
KDM2B	0	205	205	205
KMT5A	0	205	205	205
KNTC1	0	205	205	205
KSR2	0	205	205	205
LACAT8	0	205	205	205
LHX5	0	205	205	205
LHX5-AS1	0	205	205	205
LINC00173	0	205	205	205
LINC00266-3	0	205	205	205
LINC00507	0	205	205	205
LINC00508	0	205	205	205
LINC00934	0	205	205	205
LINC00939	0	205	205	205
LINC00943	0	205	205	205
LINC00944	0	205	205	205
LINC01011	0	205	205	205
LINC01089	0	205	205	205
LINC01234	0	205	205	205
LINC01257	0	205	205	205
LINC01600	0	205	205	205
LINC01622	0	205	205	205
LOC100128554	0	205	205	205
LOC100130238	0	205	205	205
LOC100190940	0	205	205	205
LOC100506551	0	205	205	205
LOC100506691	0	205	205	205
LOC100507091	0	205	205	205
LOC100507194	0	205	205	205
LOC100996671	0	205	205	205
LOC100996679	0	205	205	205
LOC101593348	0	205	205	205
LOC101927415	0	205	205	205
LOC101927464	0	205	205	205
LOC101927592	0	205	205	205
LOC101927616	0	205	205	205
LOC101927637	0	205	205	205
LOC101927691	0	205	205	205
LOC101927694	0	205	205	205
LOC101927730	0	205	205	205
LOC101927735	0	205	205	205
LOC101927759	0	205	205	205
LOC101928416	0	205	205	205
LOC101928530	0	205	205	205
LOC101928597	0	205	205	205
LOC105370014	0	205	205	205
LOC105370016	0	205	205	205
LOC105370024	0	205	205	205
LOC105370068	0	205	205	205
LOC107161159	0	205	205	205
LOC283352	0	205	205	205
LOC285766	0	205	205	205
LOC338797	0	205	205	205
LOC440117	0	205	205	205
LRCOL1	0	205	205	205
LRRC43	0	205	205	205
MAP1LC3B2	0	205	205	205
MED13L	0	205	205	205
MIR1178	0	205	205	205
MIR3612	0	205	205	205
MIR3908	0	205	205	205
MIR4304	0	205	205	205
MIR4419B	0	205	205	205
MIR4472-2	0	205	205	205
MIR4498	0	205	205	205
MIR4645	0	205	205	205
MIR4700	0	205	205	205
MIR5188	0	205	205	205
MIR548AQ	0	205	205	205
MIR620	0	205	205	205
MIR6720	0	205	205	205
MIR6762	0	205	205	205
MIR6763	0	205	205	205
MIR6880	0	205	205	205
MIR7107	0	205	205	205
MIR8072	0	205	205	205
MLEC	0	205	205	205
MLXIP	0	205	205	205
MMP17	0	205	205	205
MORN3	0	205	205	205
MPHOSPH9	0	205	205	205
MSI1	0	205	205	205
MYLK4	0	205	205	205
NCOR2	0	205	205	205
NOC4L	0	205	205	205
NOS1	0	205	205	205
NQO2	0	205	205	205
NRAV	0	205	205	205
OASL	0	205	205	205
OGFOD2	0	205	205	205
ORAI1	0	205	205	205
P2RX2	0	205	205	205
P2RX4	0	205	205	205
P2RX7	0	205	205	205
PEBP1	0	205	205	205
PGAM5	0	205	205	205
PITPNM2	0	205	205	205
PIWIL1	0	205	205	205
PLA2G1B	0	205	205	205
PLBD2	0	205	205	205
POLE	0	205	205	205
POP5	0	205	205	205
PRKAB1	0	205	205	205
PRPF4B	0	205	205	205
PSMD9	0	205	205	205
PSMG4	0	205	205	205
PUS1	0	205	205	205
PXDC1	0	205	205	205
PXMP2	0	205	205	205
PXN	0	205	205	205
PXN-AS1	0	205	205	205
RAB35	0	205	205	205
RAN	0	205	205	205
RBM19	0	205	205	205
RFC5	0	205	205	205
RFLNA	0	205	205	205
RHOF	0	205	205	205
RILPL1	0	205	205	205
RILPL2	0	205	205	205
RIMBP2	0	205	205	205
RIPK1	0	205	205	205
RNF10	0	205	205	205
RNF34	0	205	205	205
RNFT2	0	205	205	205
RNU4-1	0	205	205	205
RNU4-2	0	205	205	205
RPLP0	0	205	205	205
RSRC2	0	205	205	205
SBNO1	0	205	205	205
SCARB1	0	205	205	205
SDS	0	205	205	205
SDSL	0	205	205	205
SERPINB1	0	205	205	205
SERPINB6	0	205	205	205
SERPINB9	0	205	205	205
SERPINB9P1	0	205	205	205
SETD1B	0	205	205	205
SFSWAP	0	205	205	205
SIRT4	0	205	205	205
SLC15A4	0	205	205	205
SLC22A23	0	205	205	205
SLC8B1	0	205	205	205
SNORA49	0	205	205	205
SNRNP35	0	205	205	205
SPPL3	0	205	205	205
SRRM4	0	205	205	205
SRSF9	0	205	205	205
STX2	0	205	205	205
SUDS3	0	205	205	205
TAOK3	0	205	205	205
TBX3	0	205	205	205
TBX5	0	205	205	205
TBX5-AS1	0	205	205	205
TCTN2	0	205	205	205
TESC	0	205	205	205
TESC-AS1	0	205	205	205
THRIL	0	205	205	205
TMED2	0	205	205	205
TMEM120B	0	205	205	205
TMEM132B	0	205	205	205
TMEM132C	0	205	205	205
TMEM132D	0	205	205	205
TMEM233	0	205	205	205
TPCN1	0	205	205	205
TRIAP1	0	205	205	205
TUBB2A	0	205	205	205
TUBB2B	0	205	205	205
UBC	0	205	205	205
ULK1	0	205	205	205
UNC119B	0	205	205	205
VPS33A	0	205	205	205
VPS37B	0	205	205	205
VSIG10	0	205	205	205
WDR66	0	205	205	205
WRNIP1	0	205	205	205
WSB2	0	205	205	205
XLOC_009911	0	205	205	205
ZCCHC8	0	205	205	205
ZNF10	0	205	205	205
ZNF140	0	205	205	205
ZNF26	0	205	205	205
ZNF268	0	205	205	205
ZNF605	0	205	205	205
ZNF664	0	205	205	205
ZNF664-FAM101A	0	205	205	205
ZNF84	0	205	205	205
ZNF891	0	205	205	205
KMT2C	0	204	204	204
FAM169B	200	0	200	200
IGF1R	200	0	200	200
IRAIN	200	0	200	200
LUNAR1	200	0	200	200
MIR4714	200	0	200	200
PGPEP1L	200	0	200	200
ANKS1B	0	198	198	198
CD24	198	0	198	198
FAM71C	0	198	198	198
LOC100422737	198	0	198	198
LOC101928937	0	198	198	198
MIR587	198	0	198	198
APOLD1	0	193	193	193
BORCS5	0	193	193	193
CDKN1B	0	193	193	193
CREBL2	0	193	193	193
DDX47	0	193	193	193
DUSP16	0	193	193	193
FAM234B	0	193	193	193
GPR19	0	193	193	193
GPRC5A	0	193	193	193
GPRC5D	0	193	193	193
GSG1	0	193	193	193
HEBP1	0	193	193	193
HTR7P1	0	193	193	193
LOC100506314	0	193	193	193
LOH12CR2	0	193	193	193
MIR613	0	193	193	193
MIR614	0	193	193	193
RPL13AP20	0	193	193	193
ABHD13	179	0	179	179
ADPRHL1	179	0	179	179
ANKRD10	179	0	179	179
ARGLU1	179	0	179	179
ARHGEF7	179	0	179	179
ARHGEF7-AS1	179	0	179	179
ARHGEF7-AS2	179	0	179	179
ATP11A	179	0	179	179
ATP11A-AS1	179	0	179	179
ATP11AUN	179	0	179	179
ATP4B	179	0	179	179
BIVM	179	0	179	179
BIVM-ERCC5	179	0	179	179
CARS2	179	0	179	179
CCDC168	179	0	179	179
CDC16	179	0	179	179
CHAMP1	179	0	179	179
CLYBL	179	0	179	179
CLYBL-AS1	179	0	179	179
CLYBL-AS2	179	0	179	179
COL4A1	179	0	179	179
COL4A2	179	0	179	179
COL4A2-AS1	179	0	179	179
COL4A2-AS2	179	0	179	179
CUL4A	179	0	179	179
DAOA	179	0	179	179
DAOA-AS1	179	0	179	179
DCUN1D2	179	0	179	179
DOCK9	179	0	179	179
DOCK9-AS1	179	0	179	179
DOCK9-AS2	179	0	179	179
EFNB2	179	0	179	179
ERCC5	179	0	179	179
F10	179	0	179	179
F10-AS1	179	0	179	179
F7	179	0	179	179
FAM155A	179	0	179	179
FAM155A-IT1	179	0	179	179
FARP1	179	0	179	179
FGF14	179	0	179	179
FGF14-AS1	179	0	179	179
FGF14-AS2	179	0	179	179
FGF14-IT1	179	0	179	179
FKSG29	179	0	179	179
GAS6	179	0	179	179
GAS6-AS1	179	0	179	179
GAS6-AS2	179	0	179	179
GGACT	179	0	179	179
GPR18	179	0	179	179
GPR183	179	0	179	179
GRK1	179	0	179	179
GRTP1	179	0	179	179
GRTP1-AS1	179	0	179	179
HS6ST3	179	0	179	179
ING1	179	0	179	179
IPO5	179	0	179	179
IRS2	179	0	179	179
ITGBL1	179	0	179	179
KDELC1	179	0	179	179
LAMP1	179	0	179	179
LIG4	179	0	179	179
LINC00343	179	0	179	179
LINC00346	179	0	179	179
LINC00354	179	0	179	179
LINC00359	179	0	179	179
LINC00368	179	0	179	179
LINC00396	179	0	179	179
LINC00399	179	0	179	179
LINC00403	179	0	179	179
LINC00411	179	0	179	179
LINC00431	179	0	179	179
LINC00443	179	0	179	179
LINC00449	179	0	179	179
LINC00452	179	0	179	179
LINC00454	179	0	179	179
LINC00456	179	0	179	179
LINC00460	179	0	179	179
LINC00551	179	0	179	179
LINC00552	179	0	179	179
LINC00554	179	0	179	179
LINC00565	179	0	179	179
LINC00567	179	0	179	179
LINC00676	179	0	179	179
LINC01039	179	0	179	179
LINC01043	179	0	179	179
LINC01044	179	0	179	179
LINC01054	179	0	179	179
LINC01070	179	0	179	179
LINC01232	179	0	179	179
LINC01309	179	0	179	179
LOC100506016	179	0	179	179
LOC101060553	179	0	179	179
LOC101927437	179	0	179	179
LOC101928730	179	0	179	179
LOC101928841	179	0	179	179
LOC105370333	179	0	179	179
LOC105370369	179	0	179	179
MBNL2	179	0	179	179
MCF2L	179	0	179	179
MCF2L-AS1	179	0	179	179
METTL21C	179	0	179	179
METTL21EP	179	0	179	179
MIR1267	179	0	179	179
MIR2681	179	0	179	179
MIR3170	179	0	179	179
MIR4306	179	0	179	179
MIR4501	179	0	179	179
MIR4502	179	0	179	179
MIR4705	179	0	179	179
MIR548AR	179	0	179	179
MIR623	179	0	179	179
MIR8073	179	0	179	179
MIR8075	179	0	179	179
MYO16	179	0	179	179
MYO16-AS1	179	0	179	179
NALCN	179	0	179	179
NALCN-AS1	179	0	179	179
NAXD	179	0	179	179
OXGR1	179	0	179	179
PCCA	179	0	179	179
PCCA-AS1	179	0	179	179
PCID2	179	0	179	179
PROZ	179	0	179	179
RAB20	179	0	179	179
RAP2A	179	0	179	179
RASA3	179	0	179	179
RNF113B	179	0	179	179
SLC10A2	179	0	179	179
SLC15A1	179	0	179	179
SOX1	179	0	179	179
SPACA7	179	0	179	179
STK24	179	0	179	179
TEX29	179	0	179	179
TEX30	179	0	179	179
TFDP1	179	0	179	179
TM9SF2	179	0	179	179
TMCO3	179	0	179	179
TMEM255B	179	0	179	179
TMTC4	179	0	179	179
TNFSF13B	179	0	179	179
TPP2	179	0	179	179
TUBGCP3	179	0	179	179
UBAC2	179	0	179	179
UBAC2-AS1	179	0	179	179
UPF3A	179	0	179	179
ZIC2	179	0	179	179
ZIC5	179	0	179	179
AAAS	0	178	178	178
ACVR1B	0	178	178	178
ACVRL1	0	178	178	178
ADAMTS20	0	178	178	178
ADCY6	0	178	178	178
AMHR2	0	178	178	178
AMIGO2	0	178	178	178
ANKRD33	0	178	178	178
ANKRD52	0	178	178	178
ANO6	0	178	178	178
ANP32D	0	178	178	178
APOF	0	178	178	178
AQP2	0	178	178	178
AQP5	0	178	178	178
AQP6	0	178	178	178
ARF3	0	178	178	178
ARID2	0	178	178	178
ASB8	0	178	178	178
ASIC1	0	178	178	178
ATF1	0	178	178	178
ATF7	0	178	178	178
ATG101	0	178	178	178
ATP5B	0	178	178	178
ATP5G2	0	178	178	178
BAZ2A	0	178	178	178
BCDIN3D	0	178	178	178
BCDIN3D-AS1	0	178	178	178
BIN2	0	178	178	178
BLOC1S1	0	178	178	178
BLOC1S1-RDH5	0	178	178	178
C12orf10	0	178	178	178
C12orf54	0	178	178	178
C12orf80	0	178	178	178
C1QL4	0	178	178	178
CACNB3	0	178	178	178
CALCOCO1	0	178	178	178
CBX5	0	178	178	178
CCDC184	0	178	178	178
CCDC65	0	178	178	178
CCNT1	0	178	178	178
CD63	0	178	178	178
CDK2	0	178	178	178
CELA1	0	178	178	178
CERS5	0	178	178	178
CISTR	0	178	178	178
CNPY2	0	178	178	178
COL2A1	0	178	178	178
COPZ1	0	178	178	178
COQ10A	0	178	178	178
COX14	0	178	178	178
CS	0	178	178	178
CSAD	0	178	178	178
CSRNP2	0	178	178	178
DAZAP2	0	178	178	178
DBX2	0	178	178	178
DCD	0	178	178	178
DDN	0	178	178	178
DDX23	0	178	178	178
DGKA	0	178	178	178
DHH	0	178	178	178
DIP2B	0	178	178	178
DNAJC14	0	178	178	178
DNAJC22	0	178	178	178
EIF4B	0	178	178	178
ENDOU	0	178	178	178
ERBB3	0	178	178	178
ESPL1	0	178	178	178
ESYT1	0	178	178	178
FAIM2	0	178	178	178
FAM186A	0	178	178	178
FAM186B	0	178	178	178
FIGNL2	0	178	178	178
FKBP11	0	178	178	178
FLJ12825	0	178	178	178
FMNL3	0	178	178	178
GALNT6	0	178	178	178
GDF11	0	178	178	178
GLS2	0	178	178	178
GLYCAM1	0	178	178	178
GPD1	0	178	178	178
GPR182	0	178	178	178
GPR84	0	178	178	178
GRASP	0	178	178	178
GTSF1	0	178	178	178
H1FNT	0	178	178	178
HDAC7	0	178	178	178
HIGD1C	0	178	178	178
HNRNPA1	0	178	178	178
HOTAIR	0	178	178	178
HOXC-AS1	0	178	178	178
HOXC-AS2	0	178	178	178
HOXC-AS3	0	178	178	178
HOXC10	0	178	178	178
HOXC11	0	178	178	178
HOXC12	0	178	178	178
HOXC13	0	178	178	178
HOXC13-AS	0	178	178	178
HOXC4	0	178	178	178
HOXC5	0	178	178	178
HOXC6	0	178	178	178
HOXC8	0	178	178	178
HOXC9	0	178	178	178
HSD17B6	0	178	178	178
IGFBP6	0	178	178	178
IKZF4	0	178	178	178
IL23A	0	178	178	178
IRAK4	0	178	178	178
ITGA5	0	178	178	178
ITGA7	0	178	178	178
ITGB7	0	178	178	178
KANSL2	0	178	178	178
KCNH3	0	178	178	178
KMT2D	0	178	178	178
KRT1	0	178	178	178
KRT18	0	178	178	178
KRT2	0	178	178	178
KRT3	0	178	178	178
KRT4	0	178	178	178
KRT5	0	178	178	178
KRT6A	0	178	178	178
KRT6B	0	178	178	178
KRT6C	0	178	178	178
KRT7	0	178	178	178
KRT71	0	178	178	178
KRT72	0	178	178	178
KRT73	0	178	178	178
KRT73-AS1	0	178	178	178
KRT74	0	178	178	178
KRT75	0	178	178	178
KRT76	0	178	178	178
KRT77	0	178	178	178
KRT78	0	178	178	178
KRT79	0	178	178	178
KRT8	0	178	178	178
KRT80	0	178	178	178
KRT81	0	178	178	178
KRT82	0	178	178	178
KRT83	0	178	178	178
KRT84	0	178	178	178
KRT85	0	178	178	178
KRT86	0	178	178	178
LACRT	0	178	178	178
LALBA	0	178	178	178
LARP4	0	178	178	178
LETMD1	0	178	178	178
LIMA1	0	178	178	178
LINC00592	0	178	178	178
LINC00935	0	178	178	178
LINC00938	0	178	178	178
LMBR1L	0	178	178	178
LOC100240734	0	178	178	178
LOC100240735	0	178	178	178
LOC100288798	0	178	178	178
LOC100335030	0	178	178	178
LOC100506125	0	178	178	178
LOC100652999	0	178	178	178
LOC101927267	0	178	178	178
LOC101927292	0	178	178	178
LOC101927318	0	178	178	178
LOC102724050	0	178	178	178
LOC105369747	0	178	178	178
LOC105369781	0	178	178	178
LOC105369971	0	178	178	178
LOC283332	0	178	178	178
LOC283335	0	178	178	178
LOC400043	0	178	178	178
LRP1	0	178	178	178
LRP1-AS	0	178	178	178
MAP3K12	0	178	178	178
MCRS1	0	178	178	178
METTL7A	0	178	178	178
METTL7B	0	178	178	178
MFSD5	0	178	178	178
MIP	0	178	178	178
MIR1228	0	178	178	178
MIR1291	0	178	178	178
MIR1293	0	178	178	178
MIR148B	0	178	178	178
MIR196A2	0	178	178	178
MIR3198-2	0	178	178	178
MIR4494	0	178	178	178
MIR4698	0	178	178	178
MIR4701	0	178	178	178
MIR615	0	178	178	178
MIR6505	0	178	178	178
MIR6757	0	178	178	178
MMP19	0	178	178	178
MUCL1	0	178	178	178
MYL6	0	178	178	178
MYL6B	0	178	178	178
MYO1A	0	178	178	178
NAB2	0	178	178	178
NABP2	0	178	178	178
NACA	0	178	178	178
NCKAP1L	0	178	178	178
NCKAP5L	0	178	178	178
NDUFA4L2	0	178	178	178
NELL2	0	178	178	178
NEMP1	0	178	178	178
NEUROD4	0	178	178	178
NFE2	0	178	178	178
NPFF	0	178	178	178
NR4A1	0	178	178	178
NXPH4	0	178	178	178
OR10A7	0	178	178	178
OR10AD1	0	178	178	178
OR10P1	0	178	178	178
OR2AP1	0	178	178	178
OR6C1	0	178	178	178
OR6C2	0	178	178	178
OR6C3	0	178	178	178
OR6C4	0	178	178	178
OR6C6	0	178	178	178
OR6C65	0	178	178	178
OR6C68	0	178	178	178
OR6C70	0	178	178	178
OR6C74	0	178	178	178
OR6C75	0	178	178	178
OR6C76	0	178	178	178
OR7E47P	0	178	178	178
OR8S1	0	178	178	178
OR9K2	0	178	178	178
ORMDL2	0	178	178	178
PA2G4	0	178	178	178
PAN2	0	178	178	178
PCBP2	0	178	178	178
PCBP2-OT1	0	178	178	178
PCED1B	0	178	178	178
PCED1B-AS1	0	178	178	178
PDE1B	0	178	178	178
PFDN5	0	178	178	178
PFKM	0	178	178	178
PLEKHA8P1	0	178	178	178
PMEL	0	178	178	178
POU6F1	0	178	178	178
PPP1R1A	0	178	178	178
PRIM1	0	178	178	178
PRKAG1	0	178	178	178
PRPF40B	0	178	178	178
PRPH	0	178	178	178
PRR13	0	178	178	178
PTGES3	0	178	178	178
PUS7L	0	178	178	178
PYM1	0	178	178	178
R3HDM2	0	178	178	178
RAB5B	0	178	178	178
RACGAP1	0	178	178	178
RACGAP1P	0	178	178	178
RAPGEF3	0	178	178	178
RARG	0	178	178	178
RBMS2	0	178	178	178
RDH16	0	178	178	178
RDH5	0	178	178	178
RHEBL1	0	178	178	178
RND1	0	178	178	178
RNF41	0	178	178	178
RPAP3	0	178	178	178
RPL41	0	178	178	178
RPS26	0	178	178	178
SARNP	0	178	178	178
SCAF11	0	178	178	178
SCN8A	0	178	178	178
SDR9C7	0	178	178	178
SENP1	0	178	178	178
SHMT2	0	178	178	178
SLC11A2	0	178	178	178
SLC38A1	0	178	178	178
SLC38A2	0	178	178	178
SLC38A4	0	178	178	178
SLC39A5	0	178	178	178
SLC48A1	0	178	178	178
SLC4A8	0	178	178	178
SMAGP	0	178	178	178
SMARCC2	0	178	178	178
SMARCD1	0	178	178	178
SMUG1	0	178	178	178
SNORA105C	0	178	178	178
SNORA2A	0	178	178	178
SNORA2B	0	178	178	178
SNORA2C	0	178	178	178
SNORD133	0	178	178	178
SNORD59A	0	178	178	178
SNORD59B	0	178	178	178
SOAT2	0	178	178	178
SP1	0	178	178	178
SP7	0	178	178	178
SPATS2	0	178	178	178
SPRYD3	0	178	178	178
SPRYD4	0	178	178	178
STAC3	0	178	178	178
STAT2	0	178	178	178
STAT6	0	178	178	178
SUOX	0	178	178	178
TAC3	0	178	178	178
TARBP2	0	178	178	178
TESPA1	0	178	178	178
TFCP2	0	178	178	178
TIMELESS	0	178	178	178
TMBIM6	0	178	178	178
TMEM106C	0	178	178	178
TMEM117	0	178	178	178
TMEM198B	0	178	178	178
TMPRSS12	0	178	178	178
TNS2	0	178	178	178
TROAP	0	178	178	178
TUBA1A	0	178	178	178
TUBA1B	0	178	178	178
TUBA1C	0	178	178	178
TWF1	0	178	178	178
VDR	0	178	178	178
WNT1	0	178	178	178
WNT10B	0	178	178	178
ZBTB39	0	178	178	178
ZC3H10	0	178	178	178
ZNF385A	0	178	178	178
ZNF641	0	178	178	178
ZNF740	0	178	178	178
LOC101926964	169	0	169	169
MGC34796	169	0	169	169
MIR3116-1	169	0	169	169
MIR3116-2	169	0	169	169
NFIA	169	0	169	169
NFIA-AS1	169	0	169	169
NFIA-AS2	169	0	169	169
PATJ	169	0	169	169
TM2D1	169	0	169	169
ANXA11	166	0	166	166
BEND3P3	166	0	166	166
BMS1P21	166	0	166	166
EIF5AL1	166	0	166	166
LINC00857	166	0	166	166
LOC100130698	166	0	166	166
LOC105378385	166	0	166	166
LOC642361	166	0	166	166
LOC729815	166	0	166	166
MBL1P	166	0	166	166
NUTM2B	166	0	166	166
NUTM2B-AS1	166	0	166	166
PLAC9	166	0	166	166
PPIF	166	0	166	166
SFTPA1	166	0	166	166
SFTPA2	166	0	166	166
SFTPD	166	0	166	166
TMEM254	166	0	166	166
TMEM254-AS1	166	0	166	166
ZCCHC24	166	0	166	166
ZMIZ1	166	0	166	166
ZMIZ1-AS1	166	0	166	166
ANKRD17	163	0	163	163
COX18	163	0	163	163
C20orf96	0	162	162	162
CSNK2A1	0	162	162	162
DEFB125	0	162	162	162
DEFB126	0	162	162	162
DEFB127	0	162	162	162
DEFB128	0	162	162	162
DEFB129	0	162	162	162
DEFB132	0	162	162	162
NRSN2	0	162	162	162
NRSN2-AS1	0	162	162	162
RBCK1	0	162	162	162
SCRT2	0	162	162	162
SLC52A3	0	162	162	162
SOX12	0	162	162	162
SRXN1	0	162	162	162
TBC1D20	0	162	162	162
TCF15	0	162	162	162
TRIB3	0	162	162	162
ZCCHC3	0	162	162	162
CCDC144NL	150	0	150	150
CCDC144NL-AS1	150	0	150	150
DHRS7B	150	0	150	150
LINC01563	150	0	150	150
LOC339260	150	0	150	150
NATD1	150	0	150	150
TMEM11	150	0	150	150
USP22	150	0	150	150
ADAP1	0	144	144	144
AMZ1	0	144	144	144
BRAT1	0	144	144	144
C7orf50	0	144	144	144
CARD11	0	144	144	144
CHST12	0	144	144	144
COX19	0	144	144	144
CYP2W1	0	144	144	144
DNAAF5	0	144	144	144
EIF3B	0	144	144	144
ELFN1	0	144	144	144
ELFN1-AS1	0	144	144	144
FAM20C	0	144	144	144
GET4	0	144	144	144
GNA12	0	144	144	144
GPER1	0	144	144	144
GPR146	0	144	144	144
GRIFIN	0	144	144	144
HRAT92	0	144	144	144
INTS1	0	144	144	144
IQCE	0	144	144	144
LFNG	0	144	144	144
LOC100129603	0	144	144	144
LOC100507642	0	144	144	144
LOC101926963	0	144	144	144
LOC101927000	0	144	144	144
LOC101927021	0	144	144	144
LOC101927181	0	144	144	144
LOC102723672	0	144	144	144
LOC105375115	0	144	144	144
LOC442497	0	144	144	144
MAD1L1	0	144	144	144
MAFK	0	144	144	144
MICALL2	0	144	144	144
MIR339	0	144	144	144
MIR4648	0	144	144	144
MIR4655	0	144	144	144
MIR6836	0	144	144	144
MRM2	0	144	144	144
NUDT1	0	144	144	144
PDGFA	0	144	144	144
PRKAR1B	0	144	144	144
PSMG3	0	144	144	144
PSMG3-AS1	0	144	144	144
SNX8	0	144	144	144
SUN1	0	144	144	144
TFAMP1	0	144	144	144
TMEM184A	0	144	144	144
TTYH3	0	144	144	144
UNCX	0	144	144	144
WI2-2373I1.2	0	144	144	144
ZFAND2A	0	144	144	144
ALOX5AP	142	0	142	142
HMGB1	142	0	142	142
KATNAL1	142	0	142	142
LINC00297	142	0	142	142
LINC00365	142	0	142	142
LINC00384	142	0	142	142
LINC00398	142	0	142	142
LINC00426	142	0	142	142
LINC00544	142	0	142	142
LINC00572	142	0	142	142
LINC01058	142	0	142	142
UBL3	142	0	142	142
USPL1	142	0	142	142
FLRT3	0	133	133	133
LOC613266	0	133	133	133
MACROD2	0	133	133	133
MACROD2-AS1	0	133	133	133
MACROD2-IT1	0	133	133	133
