Hugo_Symbol	Amp	Del	total	AlteredSamples
MIR7641-2	0	352	352	215
RNU6-1	51	251	302	178
RNU6-2	51	251	302	178
RNU6-7	51	251	302	178
[P3H2]	236	0	236	236
ACTRT3	230	0	230	230
CLDN11	230	0	230	230
EGFEM1P	230	0	230	230
EIF5A2	230	0	230	230
FNDC3B	230	0	230	230
GHSR	230	0	230	230
GPR160	230	0	230	230
LOC100128164	230	0	230	230
LOC100507661	230	0	230	230
LOC101928583	230	0	230	230
LOC105374205	230	0	230	230
LRRC31	230	0	230	230
LRRC34	230	0	230	230
LRRIQ4	230	0	230	230
MECOM	230	0	230	230
MIR551B	230	0	230	230
MIR569	230	0	230	230
MIR6828	230	0	230	230
MYNN	230	0	230	230
NCEH1	230	0	230	230
PHC3	230	0	230	230
PLD1	230	0	230	230
PRKCI	230	0	230	230
RPL22L1	230	0	230	230
SAMD7	230	0	230	230
SEC62	230	0	230	230
SKIL	230	0	230	230
SLC2A2	230	0	230	230
SLC7A14	230	0	230	230
TERC	230	0	230	230
TMEM212	230	0	230	230
TMEM212-AS1	230	0	230	230
TNFSF10	230	0	230	230
TNIK	230	0	230	230
MIR205	163	0	163	163
MIR205HG	163	0	163	163
ABCG4	0	159	159	159
ACAD8	0	159	159	159
ACRV1	0	159	159	159
ADAMTS15	0	159	159	159
ADAMTS8	0	159	159	159
ANKK1	0	159	159	159
APLP2	0	159	159	159
APOA1	0	159	159	159
APOA1-AS	0	159	159	159
APOA4	0	159	159	159
APOA5	0	159	159	159
APOC3	0	159	159	159
ARCN1	0	159	159	159
ARHGAP32	0	159	159	159
ARHGEF12	0	159	159	159
ATP5L	0	159	159	159
B3GAT1	0	159	159	159
BACE1	0	159	159	159
BACE1-AS	0	159	159	159
BARX2	0	159	159	159
BCL9L	0	159	159	159
BLID	0	159	159	159
BSX	0	159	159	159
BUD13	0	159	159	159
C11orf44	0	159	159	159
C11orf45	0	159	159	159
C11orf63	0	159	159	159
C11orf71	0	159	159	159
C1QTNF5	0	159	159	159
C2CD2L	0	159	159	159
CADM1	0	159	159	159
CBL	0	159	159	159
CCDC15	0	159	159	159
CCDC153	0	159	159	159
CCDC84	0	159	159	159
CD3D	0	159	159	159
CD3E	0	159	159	159
CD3G	0	159	159	159
CDON	0	159	159	159
CEP164	0	159	159	159
CHEK1	0	159	159	159
CLDN25	0	159	159	159
CLMP	0	159	159	159
CRTAM	0	159	159	159
CXCR5	0	159	159	159
DCPS	0	159	159	159
DDX25	0	159	159	159
DDX6	0	159	159	159
DPAGT1	0	159	159	159
DRD2	0	159	159	159
DSCAML1	0	159	159	159
EI24	0	159	159	159
ESAM	0	159	159	159
ETS1	0	159	159	159
FAM118B	0	159	159	159
FEZ1	0	159	159	159
FLI1	0	159	159	159
FOXR1	0	159	159	159
FOXRED1	0	159	159	159
FXYD2	0	159	159	159
FXYD6	0	159	159	159
FXYD6-FXYD2	0	159	159	159
GLB1L2	0	159	159	159
GLB1L3	0	159	159	159
GRAMD1B	0	159	159	159
GRIK4	0	159	159	159
H2AFX	0	159	159	159
HEPACAM	0	159	159	159
HEPN1	0	159	159	159
HINFP	0	159	159	159
HMBS	0	159	159	159
HSPA8	0	159	159	159
HTR3A	0	159	159	159
HTR3B	0	159	159	159
HYLS1	0	159	159	159
HYOU1	0	159	159	159
IFT46	0	159	159	159
IGSF9B	0	159	159	159
IL10RA	0	159	159	159
JAM3	0	159	159	159
JAML	0	159	159	159
KCNJ1	0	159	159	159
KCNJ5	0	159	159	159
KIRREL3	0	159	159	159
KIRREL3-AS2	0	159	159	159
KIRREL3-AS3	0	159	159	159
KMT2A	0	159	159	159
LINC00167	0	159	159	159
LINC00900	0	159	159	159
LINC01395	0	159	159	159
LOC100128239	0	159	159	159
LOC100131626	0	159	159	159
LOC100132686	0	159	159	159
LOC100507283	0	159	159	159
LOC100507431	0	159	159	159
LOC100507548	0	159	159	159
LOC100652768	0	159	159	159
LOC101928823	0	159	159	159
LOC101928847	0	159	159	159
LOC101928940	0	159	159	159
LOC101928985	0	159	159	159
LOC101929011	0	159	159	159
LOC101929089	0	159	159	159
LOC101929208	0	159	159	159
LOC101929227	0	159	159	159
LOC101929340	0	159	159	159
LOC101929427	0	159	159	159
LOC101929473	0	159	159	159
LOC101929497	0	159	159	159
LOC101929517	0	159	159	159
LOC101929538	0	159	159	159
LOC101929653	0	159	159	159
LOC102724301	0	159	159	159
LOC103611081	0	159	159	159
LOC105369507	0	159	159	159
LOC105369509	0	159	159	159
LOC105369532	0	159	159	159
LOC283140	0	159	159	159
LOC283177	0	159	159	159
LOC341056	0	159	159	159
LOC387810	0	159	159	159
LOC403312	0	159	159	159
LOC646522	0	159	159	159
LOC649133	0	159	159	159
MCAM	0	159	159	159
MIR100	0	159	159	159
MIR100HG	0	159	159	159
MIR125B1	0	159	159	159
MIR3167	0	159	159	159
MIR3656	0	159	159	159
MIR4301	0	159	159	159
MIR4492	0	159	159	159
MIR4493	0	159	159	159
MIR4697	0	159	159	159
MIR4697HG	0	159	159	159
MIR6090	0	159	159	159
MIR6716	0	159	159	159
MIR6756	0	159	159	159
MIR8052	0	159	159	159
MIRLET7A2	0	159	159	159
MPZL2	0	159	159	159
MPZL3	0	159	159	159
MSANTD2	0	159	159	159
NCAM1	0	159	159	159
NCAM1-AS1	0	159	159	159
NCAPD3	0	159	159	159
NECTIN1	0	159	159	159
NFRKB	0	159	159	159
NLRX1	0	159	159	159
NNMT	0	159	159	159
NRGN	0	159	159	159
NTM	0	159	159	159
NTM-AS1	0	159	159	159
NTM-IT	0	159	159	159
NXPE1	0	159	159	159
NXPE2	0	159	159	159
NXPE4	0	159	159	159
OAF	0	159	159	159
OPCML	0	159	159	159
OR10G4	0	159	159	159
OR10G7	0	159	159	159
OR10G8	0	159	159	159
OR10G9	0	159	159	159
OR10S1	0	159	159	159
OR4D5	0	159	159	159
OR6M1	0	159	159	159
OR6T1	0	159	159	159
OR6X1	0	159	159	159
OR8A1	0	159	159	159
OR8B12	0	159	159	159
OR8B2	0	159	159	159
OR8B3	0	159	159	159
OR8B4	0	159	159	159
OR8B8	0	159	159	159
OR8D1	0	159	159	159
OR8D2	0	159	159	159
OR8D4	0	159	159	159
OR8G1	0	159	159	159
OR8G2	0	159	159	159
OR8G5	0	159	159	159
PAFAH1B2	0	159	159	159
PANX3	0	159	159	159
PATE1	0	159	159	159
PATE2	0	159	159	159
PATE3	0	159	159	159
PATE4	0	159	159	159
PCSK7	0	159	159	159
PDZD3	0	159	159	159
PHLDB1	0	159	159	159
PKNOX2	0	159	159	159
PKNOX2-AS1	0	159	159	159
PLET1	0	159	159	159
POU2F3	0	159	159	159
PRDM10	0	159	159	159
PTS	0	159	159	159
PUS3	0	159	159	159
RBM7	0	159	159	159
REXO2	0	159	159	159
RNF214	0	159	159	159
RNF26	0	159	159	159
ROBO3	0	159	159	159
ROBO4	0	159	159	159
RPL23AP64	0	159	159	159
RPS25	0	159	159	159
RPUSD4	0	159	159	159
SC5D	0	159	159	159
SCN2B	0	159	159	159
SCN3B	0	159	159	159
SCN4B	0	159	159	159
SENCR	0	159	159	159
SIAE	0	159	159	159
SIDT2	0	159	159	159
SIK3	0	159	159	159
SLC37A2	0	159	159	159
SLC37A4	0	159	159	159
SNORD14C	0	159	159	159
SNORD14D	0	159	159	159
SNORD14E	0	159	159	159
SNX19	0	159	159	159
SORL1	0	159	159	159
SPA17	0	159	159	159
SPATA19	0	159	159	159
SRPRA	0	159	159	159
ST14	0	159	159	159
ST3GAL4	0	159	159	159
ST3GAL4-AS1	0	159	159	159
STT3A	0	159	159	159
STT3A-AS1	0	159	159	159
TAGLN	0	159	159	159
TBCEL	0	159	159	159
TBRG1	0	159	159	159
TECTA	0	159	159	159
THY1	0	159	159	159
THYN1	0	159	159	159
TIRAP	0	159	159	159
TMEM136	0	159	159	159
TMEM218	0	159	159	159
TMEM225	0	159	159	159
TMEM25	0	159	159	159
TMEM45B	0	159	159	159
TMPRSS13	0	159	159	159
TMPRSS4	0	159	159	159
TMPRSS4-AS1	0	159	159	159
TMPRSS5	0	159	159	159
TP53AIP1	0	159	159	159
TRAPPC4	0	159	159	159
TREH	0	159	159	159
TRIM29	0	159	159	159
TTC12	0	159	159	159
TTC36	0	159	159	159
UBASH3B	0	159	159	159
UBE4A	0	159	159	159
UPK2	0	159	159	159
USP2	0	159	159	159
USP2-AS1	0	159	159	159
USP28	0	159	159	159
VPS11	0	159	159	159
VPS26B	0	159	159	159
VSIG2	0	159	159	159
VWA5A	0	159	159	159
ZBTB16	0	159	159	159
ZBTB44	0	159	159	159
ZNF202	0	159	159	159
ZPR1	0	159	159	159
ZW10	0	159	159	159
ADAMTSL4	157	0	157	157
ADAMTSL4-AS1	157	0	157	157
ANP32E	157	0	157	157
ANXA9	157	0	157	157
APH1A	157	0	157	157
ARNT	157	0	157	157
BNIPL	157	0	157	157
C1orf54	157	0	157	157
C1orf56	157	0	157	157
C1orf68	157	0	157	157
C2CD4D	157	0	157	157
CA14	157	0	157	157
CDC42SE1	157	0	157	157
CELF3	157	0	157	157
CERS2	157	0	157	157
CGN	157	0	157	157
CIART	157	0	157	157
CRCT1	157	0	157	157
CRNN	157	0	157	157
CTSK	157	0	157	157
CTSS	157	0	157	157
ECM1	157	0	157	157
ENSA	157	0	157	157
FALEC	157	0	157	157
FAM63A	157	0	157	157
FLG	157	0	157	157
FLG-AS1	157	0	157	157
FLG2	157	0	157	157
GABPB2	157	0	157	157
GBAT2	157	0	157	157
GOLPH3L	157	0	157	157
HORMAD1	157	0	157	157
HRNR	157	0	157	157
KPRP	157	0	157	157
LCE1B	157	0	157	157
LCE1C	157	0	157	157
LCE1D	157	0	157	157
LCE1E	157	0	157	157
LCE1F	157	0	157	157
LCE2A	157	0	157	157
LCE2B	157	0	157	157
LCE2C	157	0	157	157
LCE2D	157	0	157	157
LCE3A	157	0	157	157
LCE3B	157	0	157	157
LCE3C	157	0	157	157
LCE3D	157	0	157	157
LCE3E	157	0	157	157
LCE4A	157	0	157	157
LCE5A	157	0	157	157
LINGO4	157	0	157	157
LOC100131107	157	0	157	157
LOC100132111	157	0	157	157
LOC100507670	157	0	157	157
LOC105371433	157	0	157	157
LYSMD1	157	0	157	157
MCL1	157	0	157	157
MIR4257	157	0	157	157
MIR554	157	0	157	157
MIR6878	157	0	157	157
MLLT11	157	0	157	157
MRPL9	157	0	157	157
MRPS21	157	0	157	157
NBPF18P	157	0	157	157
OAZ3	157	0	157	157
PI4KB	157	0	157	157
PIP5K1A	157	0	157	157
PLEKHO1	157	0	157	157
POGZ	157	0	157	157
PRPF3	157	0	157	157
PRUNE1	157	0	157	157
PSMB4	157	0	157	157
PSMD4	157	0	157	157
RFX5	157	0	157	157
RIIAD1	157	0	157	157
RORC	157	0	157	157
RPRD2	157	0	157	157
RPTN	157	0	157	157
S100A10	157	0	157	157
S100A11	157	0	157	157
SCNM1	157	0	157	157
SELENBP1	157	0	157	157
SEMA6C	157	0	157	157
SETDB1	157	0	157	157
SNX27	157	0	157	157
TARS2	157	0	157	157
TCHH	157	0	157	157
TCHHL1	157	0	157	157
TDRKH	157	0	157	157
THEM4	157	0	157	157
THEM5	157	0	157	157
TMOD4	157	0	157	157
TNFAIP8L2	157	0	157	157
TNFAIP8L2-SCNM1	157	0	157	157
TUFT1	157	0	157	157
VPS45	157	0	157	157
VPS72	157	0	157	157
ZNF687	157	0	157	157
RNU6-8	0	148	148	107
AHRR	141	0	141	141
BRD9	141	0	141	141
CCDC127	141	0	141	141
CEP72	141	0	141	141
CTD-3080P12.3	141	0	141	141
EXOC3	141	0	141	141
EXOC3-AS1	141	0	141	141
HRAT5	141	0	141	141
LOC100288152	141	0	141	141
LOC100506688	141	0	141	141
LOC100996325	141	0	141	141
LRRC14B	141	0	141	141
MIR4456	141	0	141	141
MIR4635	141	0	141	141
NKD2	141	0	141	141
PDCD6	141	0	141	141
PLEKHG4B	141	0	141	141
PP7080	141	0	141	141
SDHA	141	0	141	141
SLC12A7	141	0	141	141
SLC6A18	141	0	141	141
SLC6A19	141	0	141	141
SLC9A3	141	0	141	141
TERT	141	0	141	141
TPPP	141	0	141	141
TRIP13	141	0	141	141
ZDHHC11	141	0	141	141
A1BG	95	40	135	126
A1BG-AS1	95	40	135	126
ABALON	135	0	135	135
AURKC	95	40	135	126
BCL2L1	135	0	135	135
BRSK1	95	40	135	126
C19orf18	95	40	135	126
CACNG6	95	40	135	126
CACNG7	95	40	135	126
CACNG8	95	40	135	126
CCDC106	95	40	135	126
CDC42EP5	95	40	135	126
CENPBD1P1	95	40	135	126
CHMP2A	95	40	135	126
CNOT3	95	40	135	126
COX4I2	135	0	135	135
COX6B2	95	40	135	126
DNAAF3	95	40	135	126
DPRX	95	40	135	126
DUXA	95	40	135	126
EPN1	95	40	135	126
EPS8L1	95	40	135	126
FAM71E2	95	40	135	126
FCAR	95	40	135	126
FIZ1	95	40	135	126
FKBP1AP1	95	40	135	126
GALP	95	40	135	126
GP6	95	40	135	126
HSPBP1	95	40	135	126
IL11	95	40	135	126
ISOC2	95	40	135	126
KIR2DL1	95	40	135	126
KIR2DL2	95	40	135	126
KIR2DL3	95	40	135	126
KIR2DL4	95	40	135	126
KIR2DS1	95	40	135	126
KIR2DS2	95	40	135	126
KIR2DS3	95	40	135	126
KIR2DS4	95	40	135	126
KIR2DS5	95	40	135	126
KIR3DL1	95	40	135	126
KIR3DL2	95	40	135	126
KIR3DL3	95	40	135	126
KIR3DS1	95	40	135	126
KIR3DX1	95	40	135	126
KMT5C	95	40	135	126
LAIR1	95	40	135	126
LAIR2	95	40	135	126
LENG1	95	40	135	126
LENG8	95	40	135	126
LENG8-AS1	95	40	135	126
LENG9	95	40	135	126
LILRA1	95	40	135	126
LILRA2	95	40	135	126
LILRA4	95	40	135	126
LILRA5	95	40	135	126
LILRA6	95	40	135	126
LILRB1	95	40	135	126
LILRB2	95	40	135	126
LILRB3	95	40	135	126
LILRB4	95	40	135	126
LILRB5	95	40	135	126
LILRP2	95	40	135	126
LOC100128398	95	40	135	126
LOC101928804	95	40	135	126
LOC101928886	95	40	135	126
LOC105372476	95	40	135	126
LOC105372483	95	40	135	126
LOC284379	95	40	135	126
MBOAT7	95	40	135	126
MIMT1	95	40	135	126
MIR1283-1	95	40	135	126
MIR1283-2	95	40	135	126
MIR1323	95	40	135	126
MIR371A	95	40	135	126
MIR371B	95	40	135	126
MIR372	95	40	135	126
MIR373	95	40	135	126
MIR4752	95	40	135	126
MIR4754	95	40	135	126
MIR498	95	40	135	126
MIR512-1	95	40	135	126
MIR512-2	95	40	135	126
MIR515-1	95	40	135	126
MIR515-2	95	40	135	126
MIR516A1	95	40	135	126
MIR516A2	95	40	135	126
MIR516B1	95	40	135	126
MIR516B2	95	40	135	126
MIR517A	95	40	135	126
MIR517B	95	40	135	126
MIR517C	95	40	135	126
MIR518A1	95	40	135	126
MIR518A2	95	40	135	126
MIR518B	95	40	135	126
MIR518C	95	40	135	126
MIR518D	95	40	135	126
MIR518E	95	40	135	126
MIR518F	95	40	135	126
MIR519A1	95	40	135	126
MIR519A2	95	40	135	126
MIR519B	95	40	135	126
MIR519C	95	40	135	126
MIR519D	95	40	135	126
MIR519E	95	40	135	126
MIR520A	95	40	135	126
MIR520B	95	40	135	126
MIR520C	95	40	135	126
MIR520D	95	40	135	126
MIR520E	95	40	135	126
MIR520F	95	40	135	126
MIR520G	95	40	135	126
MIR520H	95	40	135	126
MIR521-1	95	40	135	126
MIR521-2	95	40	135	126
MIR522	95	40	135	126
MIR523	95	40	135	126
MIR524	95	40	135	126
MIR525	95	40	135	126
MIR526A1	95	40	135	126
MIR526A2	95	40	135	126
MIR526B	95	40	135	126
MIR527	95	40	135	126
MIR6802	95	40	135	126
MIR6803	95	40	135	126
MIR6804	95	40	135	126
MIR6805	95	40	135	126
MIR6806	95	40	135	126
MIR6807	95	40	135	126
MIR7975	95	40	135	126
MIR8061	95	40	135	126
MIR935	95	40	135	126
MYADM	95	40	135	126
MZF1	95	40	135	126
MZF1-AS1	95	40	135	126
NAT14	95	40	135	126
NCR1	95	40	135	126
NDUFA3	95	40	135	126
NLRP11	95	40	135	126
NLRP12	95	40	135	126
NLRP13	95	40	135	126
NLRP2	95	40	135	126
NLRP4	95	40	135	126
NLRP5	95	40	135	126
NLRP7	95	40	135	126
NLRP8	95	40	135	126
NLRP9	95	40	135	126
OSCAR	95	40	135	126
PEG3	95	40	135	126
PEG3-AS1	95	40	135	126
PPP1R12C	95	40	135	126
PPP6R1	95	40	135	126
PRKCG	95	40	135	126
PRPF31	95	40	135	126
PTPRH	95	40	135	126
RDH13	95	40	135	126
RFPL4A	95	40	135	126
RFPL4AL1	95	40	135	126
RNF225	95	40	135	126
RPL28	95	40	135	126
RPS5	95	40	135	126
RPS9	95	40	135	126
SBK2	95	40	135	126
SBK3	95	40	135	126
SHISA7	95	40	135	126
SLC27A5	95	40	135	126
SMIM17	95	40	135	126
SSC5D	95	40	135	126
SYT5	95	40	135	126
TARM1	95	40	135	126
TFPT	95	40	135	126
TMC4	95	40	135	126
TMEM150B	95	40	135	126
TMEM190	95	40	135	126
TMEM238	95	40	135	126
TMEM86B	95	40	135	126
TNNI3	95	40	135	126
TNNT1	95	40	135	126
TPM3P9	95	40	135	126
TPX2	135	0	135	135
TRAPPC2B	95	40	135	126
TRIM28	95	40	135	126
TSEN34	95	40	135	126
TTYH1	95	40	135	126
U2AF2	95	40	135	126
UBE2M	95	40	135	126
UBE2S	95	40	135	126
USP29	95	40	135	126
VN1R1	95	40	135	126
VSTM1	95	40	135	126
ZBTB45	95	40	135	126
ZFP28	95	40	135	126
ZIK1	95	40	135	126
ZIM2	95	40	135	126
ZIM2-AS1	95	40	135	126
ZIM3	95	40	135	126
ZNF132	95	40	135	126
ZNF134	95	40	135	126
ZNF135	95	40	135	126
ZNF154	95	40	135	126
ZNF17	95	40	135	126
ZNF211	95	40	135	126
ZNF256	95	40	135	126
ZNF264	95	40	135	126
ZNF274	95	40	135	126
ZNF304	95	40	135	126
ZNF324	95	40	135	126
ZNF324B	95	40	135	126
ZNF329	95	40	135	126
ZNF331	95	40	135	126
ZNF416	95	40	135	126
ZNF417	95	40	135	126
ZNF418	95	40	135	126
ZNF419	95	40	135	126
ZNF444	95	40	135	126
ZNF446	95	40	135	126
ZNF460	95	40	135	126
ZNF470	95	40	135	126
ZNF471	95	40	135	126
ZNF497	95	40	135	126
ZNF524	95	40	135	126
ZNF525	95	40	135	126
ZNF530	95	40	135	126
ZNF542P	95	40	135	126
ZNF543	95	40	135	126
ZNF544	95	40	135	126
ZNF547	95	40	135	126
ZNF548	95	40	135	126
ZNF549	95	40	135	126
ZNF550	95	40	135	126
ZNF551	95	40	135	126
ZNF552	95	40	135	126
ZNF579	95	40	135	126
ZNF580	95	40	135	126
ZNF581	95	40	135	126
ZNF582	95	40	135	126
ZNF582-AS1	95	40	135	126
ZNF583	95	40	135	126
ZNF584	95	40	135	126
ZNF586	95	40	135	126
ZNF587	95	40	135	126
ZNF587B	95	40	135	126
ZNF606	95	40	135	126
ZNF628	95	40	135	126
ZNF667	95	40	135	126
ZNF667-AS1	95	40	135	126
ZNF671	95	40	135	126
ZNF71	95	40	135	126
ZNF749	95	40	135	126
ZNF761	95	40	135	126
ZNF765	95	40	135	126
ZNF772	95	40	135	126
ZNF773	95	40	135	126
ZNF776	95	40	135	126
ZNF784	95	40	135	126
ZNF787	95	40	135	126
ZNF8	95	40	135	126
ZNF805	95	40	135	126
ZNF813	95	40	135	126
ZNF814	95	40	135	126
ZNF835	95	40	135	126
ZNF837	95	40	135	126
ZNF845	95	40	135	126
ZNF865	95	40	135	126
ZSCAN1	95	40	135	126
ZSCAN18	95	40	135	126
ZSCAN22	95	40	135	126
ZSCAN4	95	40	135	126
ZSCAN5A	95	40	135	126
ZSCAN5B	95	40	135	126
hsa-mir-1274b	95	40	135	126
ADAMTS9	0	132	132	132
ADAMTS9-AS1	0	132	132	132
ADAMTS9-AS2	0	132	132	132
ARL6IP5	0	132	132	132
ATXN7	0	132	132	132
BCAR4	132	0	132	70
C3orf14	0	132	132	132
C3orf49	0	132	132	132
CADPS	0	132	132	132
CNTN3	0	132	132	132
EBLN2	0	132	132	132
EIF4E3	0	132	132	132
EOGT	0	132	132	132
FAM19A1	0	132	132	132
FAM19A4	0	132	132	132
FAM86DP	0	132	132	132
FEZF2	0	132	132	132
FHIT	0	132	132	132
FOXP1	0	132	132	132
FOXP1-AS1	0	132	132	132
FRG2C	0	132	132	132
FRMD4B	0	132	132	132
GPR27	0	132	132	132
GXYLT2	0	132	132	132
KBTBD8	0	132	132	132
LINC00698	0	132	132	132
LINC00870	0	132	132	132
LINC00877	0	132	132	132
LINC00960	0	132	132	132
LINC00994	0	132	132	132
LITAF	132	0	132	70
LMOD3	0	132	132	132
LOC101927296	0	132	132	132
LOC105377143	0	132	132	132
LOC105377146	0	132	132	132
LOC105377162	0	132	132	132
LRIG1	0	132	132	132
MAGI1	0	132	132	132
MAGI1-AS1	0	132	132	132
MIR1284	0	132	132	132
MIR1324	0	132	132	132
MIR3136	0	132	132	132
MIR4272	0	132	132	132
MIR4273	0	132	132	132
MIR4444-1	0	132	132	132
MIR548BB	0	132	132	132
MITF	0	132	132	132
PDZRN3	0	132	132	132
PDZRN3-AS1	0	132	132	132
PPP4R2	0	132	132	132
PRICKLE2	0	132	132	132
PRICKLE2-AS1	0	132	132	132
PRICKLE2-AS2	0	132	132	132
PRICKLE2-AS3	0	132	132	132
PROK2	0	132	132	132
PSMD6	0	132	132	132
PSMD6-AS2	0	132	132	132
PTPRG	0	132	132	132
PTPRG-AS1	0	132	132	132
RYBP	0	132	132	132
SAMMSON	0	132	132	132
SHQ1	0	132	132	132
SLC25A26	0	132	132	132
SNN	132	0	132	70
SNTN	0	132	132	132
SUCLG2	0	132	132	132
SUCLG2-AS1	0	132	132	132
SYNPR	0	132	132	132
SYNPR-AS1	0	132	132	132
THOC7	0	132	132	132
THOC7-AS1	0	132	132	132
TMF1	0	132	132	132
TXNDC11	132	0	132	70
UBA3	0	132	132	132
ZC3H7A	132	0	132	70
ZNF717	0	132	132	132
[MYC]	131	0	131	131
CASC8	129	0	129	129
ACKR3	0	126	126	126
AGAP1	0	126	126	126
AGAP1-IT1	0	126	126	126
AGXT	0	126	126	126
ALPI	0	126	126	126
ALPP	0	126	126	126
ALPPL2	0	126	126	126
ANKMY1	0	126	126	126
ANO7	0	126	126	126
AQP12A	0	126	126	126
AQP12B	0	126	126	126
ARL4C	0	126	126	126
ARMC9	0	126	126	126
ASB1	0	126	126	126
ASB18	0	126	126	126
ATG16L1	0	126	126	126
ATG4B	0	126	126	126
B3GNT7	0	126	126	126
BOK	0	126	126	126
BOK-AS1	0	126	126	126
C2orf54	0	126	126	126
C2orf57	0	126	126	126
C2orf72	0	126	126	126
C2orf82	0	126	126	126
CAB39	0	126	126	126
CAPN10	0	126	126	126
CAPN10-AS1	0	126	126	126
CHRND	0	126	126	126
CHRNG	0	126	126	126
COL6A3	0	126	126	126
COPS7B	0	126	126	126
COPS8	0	126	126	126
COPS9	0	126	126	126
D2HGDH	0	126	126	126
DGKD	0	126	126	126
DIS3L2	0	126	126	126
DNAJB3	0	126	126	126
DTYMK	0	126	126	126
DUSP28	0	126	126	126
ECEL1	0	126	126	126
ECEL1P2	0	126	126	126
EFHD1	0	126	126	126
EIF4E2	0	126	126	126
ERFE	0	126	126	126
ESPNL	0	126	126	126
FARP2	0	126	126	126
FBXO36	0	126	126	126
FLJ43879	0	126	126	126
GAL3ST2	0	126	126	126
GBX2	0	126	126	126
GIGYF2	0	126	126	126
GPC1	0	126	126	126
GPR35	0	126	126	126
GPR55	0	126	126	126
HDAC4	0	126	126	126
HDLBP	0	126	126	126
HES6	0	126	126	126
HJURP	0	126	126	126
HTR2B	0	126	126	126
ILKAP	0	126	126	126
ING5	0	126	126	126
INPP5D	0	126	126	126
IQCA1	0	126	126	126
ITM2C	0	126	126	126
KCNJ13	0	126	126	126
KIF1A	0	126	126	126
KLHL30	0	126	126	126
LINC00471	0	126	126	126
LINC01107	0	126	126	126
LINC01173	0	126	126	126
LINC01237	0	126	126	126
LOC100286922	0	126	126	126
LOC101928111	0	126	126	126
LOC101928881	0	126	126	126
LOC102723927	0	126	126	126
LOC150935	0	126	126	126
LOC151174	0	126	126	126
LOC151475	0	126	126	126
LOC151484	0	126	126	126
LOC200772	0	126	126	126
LOC285095	0	126	126	126
LOC643387	0	126	126	126
LOC728323	0	126	126	126
LOC93463	0	126	126	126
LRRFIP1	0	126	126	126
MGC16025	0	126	126	126
MIR1244-1	0	126	126	126
MIR1244-2	0	126	126	126
MIR1244-3	0	126	126	126
MIR1471	0	126	126	126
MIR149	0	126	126	126
MIR2467	0	126	126	126
MIR3133	0	126	126	126
MIR4269	0	126	126	126
MIR4440	0	126	126	126
MIR4441	0	126	126	126
MIR4777	0	126	126	126
MIR4786	0	126	126	126
MIR5001	0	126	126	126
MIR562	0	126	126	126
MIR6811	0	126	126	126
MLPH	0	126	126	126
MROH2A	0	126	126	126
MSL3P1	0	126	126	126
MTERF4	0	126	126	126
NCL	0	126	126	126
NDUFA10	0	126	126	126
NEU2	0	126	126	126
NEU4	0	126	126	126
NGEF	0	126	126	126
NMUR1	0	126	126	126
NPPC	0	126	126	126
OR6B2	0	126	126	126
OR6B3	0	126	126	126
OTOS	0	126	126	126
PASK	0	126	126	126
PDCD1	0	126	126	126
PDE6D	0	126	126	126
PER2	0	126	126	126
PP14571	0	126	126	126
PPP1R7	0	126	126	126
PRLH	0	126	126	126
PRSS56	0	126	126	126
PSMD1	0	126	126	126
PTMA	0	126	126	126
RAB17	0	126	126	126
RAMP1	0	126	126	126
RBM44	0	126	126	126
RNPEPL1	0	126	126	126
RTP5	0	126	126	126
SAG	0	126	126	126
SCARNA5	0	126	126	126
SCARNA6	0	126	126	126
SCLY	0	126	126	126
SEPT2	0	126	126	126
SH3BP4	0	126	126	126
SLC16A14	0	126	126	126
SNED1	0	126	126	126
SNORA75	0	126	126	126
SNORD20	0	126	126	126
SNORD82	0	126	126	126
SP100	0	126	126	126
SP110	0	126	126	126
SP140	0	126	126	126
SP140L	0	126	126	126
SPATA3	0	126	126	126
SPATA3-AS1	0	126	126	126
SPP2	0	126	126	126
STK25	0	126	126	126
THAP4	0	126	126	126
TIGD1	0	126	126	126
TRAF3IP1	0	126	126	126
TRIP12	0	126	126	126
TRPM8	0	126	126	126
TWIST2	0	126	126	126
UBE2F	0	126	126	126
UBE2F-SCLY	0	126	126	126
UGT1A1	0	126	126	126
UGT1A10	0	126	126	126
UGT1A3	0	126	126	126
UGT1A4	0	126	126	126
UGT1A5	0	126	126	126
UGT1A6	0	126	126	126
UGT1A7	0	126	126	126
UGT1A8	0	126	126	126
UGT1A9	0	126	126	126
USP40	0	126	126	126
hsa-mir-1244-1	0	126	126	126
RNU1-1	0	120	120	76
RNU1-2	0	120	120	76
RNU1-3	0	120	120	76
RNU1-4	0	120	120	76
LOC101929395	118	0	118	118
LOC101929413	118	0	118	118
LOC339593	118	0	118	118
MIR1302-10	72	46	118	101
MIR1302-11	72	46	118	101
MIR1302-2	72	46	118	101
MIR1302-9	72	46	118	101
MIR6859-1	72	46	118	101
MIR6859-2	72	46	118	101
MIR6859-3	72	46	118	101
AKAP11	0	117	117	117
ALG5	0	117	117	117
ARL11	0	117	117	117
CAB39L	0	117	117	117
CCDC122	0	117	117	117
CDADC1	0	117	117	117
COG3	0	117	117	117
COG6	0	117	117	117
CPB2	0	117	117	117
CPB2-AS1	0	117	117	117
CSNK1A1L	0	117	117	117
CTAGE10P	0	117	117	117
CYSLTR2	0	117	117	117
DGKH	0	117	117	117
DLEU1	0	117	117	117
DLEU1-AS1	0	117	117	117
DLEU2	0	117	117	117
DLEU7	0	117	117	117
DLEU7-AS1	0	117	117	117
DNAJC15	0	117	117	117
EBPL	0	117	117	117
ELF1	0	117	117	117
ENOX1	0	117	117	117
ENOX1-AS2	0	117	117	117
EPSTI1	0	117	117	117
ERICH6B	0	117	117	117
ESD	0	117	117	117
EXOSC8	0	117	117	117
FAM124A	0	117	117	117
FAM216B	0	117	117	117
FNDC3A	0	117	117	117
FOXO1	0	117	117	117
FREM2	0	117	117	117
GPALPP1	0	117	117	117
GTF2F2	0	117	117	117
GUCY1B2	0	117	117	117
HTR2A	0	117	117	117
HTR2A-AS1	0	117	117	117
INTS6	0	117	117	117
INTS6-AS1	0	117	117	117
ITM2B	0	117	117	117
KBTBD6	0	117	117	117
KBTBD7	0	117	117	117
KCNRG	0	117	117	117
KCTD4	0	117	117	117
KPNA3	0	117	117	117
LACC1	0	117	117	117
LCP1	0	117	117	117
LHFP	0	117	117	117
LINC00284	0	117	117	117
LINC00330	0	117	117	117
LINC00332	0	117	117	117
LINC00366	0	117	117	117
LINC00371	0	117	117	117
LINC00390	0	117	117	117
LINC00400	0	117	117	117
LINC00428	0	117	117	117
LINC00437	0	117	117	117
LINC00441	0	117	117	117
LINC00462	0	117	117	117
LINC00547	0	117	117	117
LINC00548	0	117	117	117
LINC00562	0	117	117	117
LINC00563	0	117	117	117
LINC00571	0	117	117	117
LINC00598	0	117	117	117
LINC01048	0	117	117	117
LINC01050	0	117	117	117
LINC01055	0	117	117	117
LINC01198	0	117	117	117
LOC101929140	0	117	117	117
LOC101929259	0	117	117	117
LOC105370177	0	117	117	117
LOC105370203	0	117	117	117
LPAR6	0	117	117	117
LRCH1	0	117	117	117
LRRC63	0	117	117	117
MED4	0	117	117	117
MED4-AS1	0	117	117	117
MIR15A	0	117	117	117
MIR16-1	0	117	117	117
MIR3168	0	117	117	117
MIR320D1	0	117	117	117
MIR3613	0	117	117	117
MIR4305	0	117	117	117
MIR4703	0	117	117	117
MIR5006	0	117	117	117
MIR5693	0	117	117	117
MIR621	0	117	117	117
MIR8079	0	117	117	117
MLNR	0	117	117	117
MRPS31	0	117	117	117
MTRF1	0	117	117	117
NAA16	0	117	117	117
NHLRC3	0	117	117	117
NUDT15	0	117	117	117
NUFIP1	0	117	117	117
OR7E37P	0	117	117	117
PHF11	0	117	117	117
POSTN	0	117	117	117
PROSER1	0	117	117	117
RB1	0	117	117	117
RCBTB1	0	117	117	117
RCBTB2	0	117	117	117
RFXAP	0	117	117	117
RGCC	0	117	117	117
RNASEH2B	0	117	117	117
RNASEH2B-AS1	0	117	117	117
RUBCNL	0	117	117	117
SERP2	0	117	117	117
SERPINE3	0	117	117	117
SETDB2	0	117	117	117
SETDB2-PHF11	0	117	117	117
SIAH3	0	117	117	117
SLC25A15	0	117	117	117
SLC25A30	0	117	117	117
SLC25A30-AS1	0	117	117	117
SMAD9	0	117	117	117
SMIM2	0	117	117	117
SMIM2-AS1	0	117	117	117
SMIM2-IT1	0	117	117	117
SNORA31	0	117	117	117
SPERT	0	117	117	117
SPRYD7	0	117	117	117
ST13P4	0	117	117	117
STOML3	0	117	117	117
SUCLA2	0	117	117	117
SUGT1P3	0	117	117	117
SUPT20H	0	117	117	117
TNFSF11	0	117	117	117
TPT1	0	117	117	117
TPT1-AS1	0	117	117	117
TPTE2P5	0	117	117	117
TRIM13	0	117	117	117
TRPC4	0	117	117	117
TSC22D1	0	117	117	117
TSC22D1-AS1	0	117	117	117
TUSC8	0	117	117	117
UFM1	0	117	117	117
VWA8	0	117	117	117
VWA8-AS1	0	117	117	117
WBP4	0	117	117	117
ZC3H13	0	117	117	117
ARHGEF10	0	115	115	115
CLN8	0	115	115	115
CSMD1	0	115	115	115
DLGAP2	0	115	115	115
DLGAP2-AS1	0	115	115	115
ERICH1	0	115	115	115
ERICH1-AS1	0	115	115	115
FAM87A	0	115	115	115
FBXO25	0	115	115	115
KBTBD11	0	115	115	115
KBTBD11-OT1	0	115	115	115
LOC101927752	0	115	115	115
LOC101927815	0	115	115	115
LOC101928058	0	115	115	115
LOC286083	0	115	115	115
LOC401442	0	115	115	115
MIR3674	0	115	115	115
MIR596	0	115	115	115
MIR7160	0	115	115	115
MYOM2	0	115	115	115
OR4F21	0	115	115	115
RPL23AP53	0	115	115	115
TDRP	0	115	115	115
ZNF596	0	115	115	115
DBET	0	112	112	112
DUX4	0	112	112	112
F11	0	112	112	112
F11-AS1	0	112	112	112
FAT1	0	112	112	112
FRG1	0	112	112	112
FRG2	0	112	112	112
LINC01060	0	112	112	112
LINC01262	0	112	112	112
LINC01596	0	112	112	112
LOC100506272	0	112	112	112
LOC339975	0	112	112	112
MTNR1A	0	112	112	112
TRIML1	0	112	112	112
TRIML2	0	112	112	112
ZFP42	0	112	112	112
FAM138D	61	46	107	93
CCSER1	0	105	105	105
ABCA7	0	103	103	103
APC2	0	103	103	103
ARHGAP45	0	103	103	103
ARID3A	0	103	103	103
ATP5D	0	103	103	103
AZU1	0	103	103	103
C19orf24	0	103	103	103
CBARP	0	103	103	103
CFD	0	103	103	103
CIRBP	0	103	103	103
CIRBP-AS1	0	103	103	103
CNN2	0	103	103	103
DAZAP1	0	103	103	103
EFNA2	0	103	103	103
ELANE	0	103	103	103
GAMT	0	103	103	103
GPX4	0	103	103	103
GRIN3B	0	103	103	103
KISS1R	0	103	103	103
MED16	0	103	103	103
MIDN	0	103	103	103
MIR3187	0	103	103	103
MUM1	0	103	103	103
NDUFS7	0	103	103	103
PLPPR3	0	103	103	103
POLR2E	0	103	103	103
PRTN3	0	103	103	103
R3HDM4	0	103	103	103
RPS15	0	103	103	103
SBNO2	0	103	103	103
STK11	0	103	103	103
TMEM259	0	103	103	103
WDR18	0	103	103	103
ACR	0	100	100	100
ADM2	0	100	100	100
ALG12	0	100	100	100
ARSA	0	100	100	100
BRD1	0	100	100	100
C22orf34	0	100	100	100
CHKB	0	100	100	100
CHKB-AS1	0	100	100	100
CHKB-CPT1B	0	100	100	100
CPT1B	0	100	100	100
CRELD2	0	100	100	100
DENND6B	0	100	100	100
FAM19A5	0	100	100	100
HDAC10	0	100	100	100
IL17REL	0	100	100	100
KLHDC7B	0	100	100	100
LINC01310	0	100	100	100
LMF2	0	100	100	100
LOC105373100	0	100	100	100
LOC284933	0	100	100	100
MAPK11	0	100	100	100
MAPK12	0	100	100	100
MAPK8IP2	0	100	100	100
MIOX	0	100	100	100
MIR3201	0	100	100	100
MIR3667	0	100	100	100
MIR4535	0	100	100	100
MIR6821	0	100	100	100
MLC1	0	100	100	100
MOV10L1	0	100	100	100
NCAPH2	0	100	100	100
ODF3B	0	100	100	100
PANX2	0	100	100	100
PIM3	0	100	100	100
PLXNB2	0	100	100	100
PPP6R2	0	100	100	100
RABL2B	0	100	100	100
RPL23AP82	0	100	100	100
SBF1	0	100	100	100
SCO2	0	100	100	100
SELO	0	100	100	100
SHANK3	0	100	100	100
SYCE3	0	100	100	100
TRABD	0	100	100	100
TUBGCP6	0	100	100	100
TYMP	0	100	100	100
ZBED4	0	100	100	100
ACAT2	0	98	98	98
AFDN	0	98	98	98
AFDN-AS1	0	98	98	98
AGPAT4	0	98	98	98
AGPAT4-IT1	0	98	98	98
AIRN	0	98	98	98
ARID1B	0	98	98	98
C6orf118	0	98	98	98
C6orf120	0	98	98	98
C6orf99	0	98	98	98
CAHM	0	98	98	98
CCR6	0	98	98	98
CLDN20	0	98	98	98
DACT2	0	98	98	98
DKFZp451B082	0	98	98	98
DLL1	0	98	98	98
DYNLT1	0	98	98	98
ERMARD	0	98	98	98
EZR	0	98	98	98
EZR-AS1	0	98	98	98
FAM120B	0	98	98	98
FGFR1OP	0	98	98	98
FNDC1	0	98	98	98
FRMD1	0	98	98	98
GPR31	0	98	98	98
GTF2H5	0	98	98	98
HGC6.3	0	98	98	98
IGF2R	0	98	98	98
KIF25	0	98	98	98
KIF25-AS1	0	98	98	98
LINC00242	0	98	98	98
LINC00473	0	98	98	98
LINC00574	0	98	98	98
LINC00602	0	98	98	98
LINC01558	0	98	98	98
LINC01615	0	98	98	98
LINC01624	0	98	98	98
LOC100129518	0	98	98	98
LOC100131532	0	98	98	98
LOC100289495	0	98	98	98
LOC101929122	0	98	98	98
LOC101929297	0	98	98	98
LOC101929420	0	98	98	98
LOC101929460	0	98	98	98
LOC101929504	0	98	98	98
LOC101929523	0	98	98	98
LOC102724053	0	98	98	98
LOC102724152	0	98	98	98
LOC102724357	0	98	98	98
LOC102724511	0	98	98	98
LOC105378068	0	98	98	98
LOC105378098	0	98	98	98
LOC105378123	0	98	98	98
LOC105378127	0	98	98	98
LOC105378137	0	98	98	98
LOC105378146	0	98	98	98
LOC154449	0	98	98	98
LOC285804	0	98	98	98
LOC401286	0	98	98	98
LOC441178	0	98	98	98
LOC729603	0	98	98	98
LPA	0	98	98	98
LPAL2	0	98	98	98
MAP3K4	0	98	98	98
MAS1	0	98	98	98
MEAT6	0	98	98	98
MIR1202	0	98	98	98
MIR1273C	0	98	98	98
MIR1913	0	98	98	98
MIR3692	0	98	98	98
MIR3918	0	98	98	98
MIR3939	0	98	98	98
MIR4466	0	98	98	98
MIR4644	0	98	98	98
MIR7161	0	98	98	98
MPC1	0	98	98	98
MRPL18	0	98	98	98
NFIA	98	0	98	98
NFIA-AS1	98	0	98	98
NOX3	0	98	98	98
OSTCP1	0	98	98	98
PACRG	0	98	98	98
PACRG-AS1	0	98	98	98
PACRG-AS2	0	98	98	98
PACRG-AS3	0	98	98	98
PARK2	0	98	98	98
PDCD2	0	98	98	98
PDE10A	0	98	98	98
PHF10	0	98	98	98
PLG	0	98	98	98
PNLDC1	0	98	98	98
PRR18	0	98	98	98
PSMB1	0	98	98	98
QKI	0	98	98	98
RNASET2	0	98	98	98
RPS6KA2	0	98	98	98
RPS6KA2-AS1	0	98	98	98
RPS6KA2-IT1	0	98	98	98
RSPH3	0	98	98	98
SCAF8	0	98	98	98
SERAC1	0	98	98	98
SFT2D1	0	98	98	98
SLC22A1	0	98	98	98
SLC22A2	0	98	98	98
SLC22A3	0	98	98	98
SMOC2	0	98	98	98
SNORA20	0	98	98	98
SNORA29	0	98	98	98
SNX9	0	98	98	98
SOD2	0	98	98	98
SYNJ2	0	98	98	98
SYNJ2-IT1	0	98	98	98
SYTL3	0	98	98	98
T	0	98	98	98
TAGAP	0	98	98	98
TBP	0	98	98	98
TCP1	0	98	98	98
TCP10	0	98	98	98
TCP10L2	0	98	98	98
TCTE3	0	98	98	98
TFB1M	0	98	98	98
THBS2	0	98	98	98
TIAM2	0	98	98	98
TMEM181	0	98	98	98
TMEM242	0	98	98	98
TTLL2	0	98	98	98
TULP4	0	98	98	98
UNC93A	0	98	98	98
WDR27	0	98	98	98
WTAP	0	98	98	98
ZDHHC14	0	98	98	98
MIR4452	0	97	97	97
PTPN13	0	97	97	97
ACP7	96	0	96	96
ACTN4	96	0	96	96
C19orf33	96	0	96	96
CAPN12	96	0	96	96
CATSPERG	96	0	96	96
CCER2	96	0	96	96
DPF1	96	0	96	96
ECH1	96	0	96	96
EIF3K	96	0	96	96
FAM98C	96	0	96	96
FBXO17	96	0	96	96
FBXO27	96	0	96	96
GGN	96	0	96	96
HNRNPL	96	0	96	96
KCNK6	96	0	96	96
LGALS4	96	0	96	96
LGALS7	96	0	96	96
LGALS7B	96	0	96	96
LOC100631378	96	0	96	96
LOC105372397	96	0	96	96
LOC644554	96	0	96	96
MAP4K1	96	0	96	96
MRPS12	96	0	96	96
NFKBIB	96	0	96	96
PAK4	96	0	96	96
PPP1R14A	96	0	96	96
PSMD8	96	0	96	96
RASGRP4	96	0	96	96
RINL	96	0	96	96
RYR1	96	0	96	96
SARS2	96	0	96	96
SIPA1L3	96	0	96	96
SIRT2	96	0	96	96
SPINT2	96	0	96	96
SPRED3	96	0	96	96
WDR87	96	0	96	96
YIF1B	96	0	96	96
ANKRD20A19P	0	95	95	95
ANKRD20A9P	0	95	95	95
ANKRD26P3	0	95	95	95
BASP1P1	0	95	95	95
C1QTNF9B	0	95	95	95
C1QTNF9B-AS1	0	95	95	95
CRYL1	0	95	95	95
EEF1AKMT1	0	95	95	95
FAM230C	0	95	95	95
FGF9	0	95	95	95
GJA3	0	95	95	95
GJB2	0	95	95	95
GJB6	0	95	95	95
IFT88	0	95	95	95
IL17D	0	95	95	95
LATS2	0	95	95	95
LINC00327	0	95	95	95
LINC00350	0	95	95	95
LINC00367	0	95	95	95
LINC00408	0	95	95	95
LINC00417	0	95	95	95
LINC00421	0	95	95	95
LINC00424	0	95	95	95
LINC00442	0	95	95	95
LINC00539	0	95	95	95
LINC00540	0	95	95	95
LINC00621	0	95	95	95
LINC01046	0	95	95	95
LINC01072	0	95	95	95
LOC101928697	0	95	95	95
MICU2	0	95	95	95
MIPEP	0	95	95	95
MIPEPP3	0	95	95	95
MIR2276	0	95	95	95
MIR4499	0	95	95	95
MPHOSPH8	0	95	95	95
MRPL57	0	95	95	95
PSPC1	0	95	95	95
SACS	0	95	95	95
SACS-AS1	0	95	95	95
SAP18	0	95	95	95
SGCG	0	95	95	95
SKA3	0	95	95	95
SPATA13	0	95	95	95
TNFRSF19	0	95	95	95
TPTE2	0	95	95	95
TUBA3C	0	95	95	95
XPO4	0	95	95	95
ZDHHC20	0	95	95	95
ZMYM2	0	95	95	95
ZMYM5	0	95	95	95
ANKRD27	91	0	91	91
C19orf12	91	0	91	91
CCNE1	91	0	91	91
CEBPA	91	0	91	91
CEBPA-AS1	91	0	91	91
CEBPG	91	0	91	91
CEP89	91	0	91	91
CHST8	91	0	91	91
DPY19L3	91	0	91	91
FAAP24	91	0	91	91
GPATCH1	91	0	91	91
HAVCR1P1	91	0	91	91
LINC00662	91	0	91	91
LINC00906	91	0	91	91
LINC01532	91	0	91	91
LINC01533	91	0	91	91
LOC100420587	91	0	91	91
LOC101927151	91	0	91	91
LOC101927411	91	0	91	91
LOC102724908	91	0	91	91
LOC102724958	91	0	91	91
LOC284395	91	0	91	91
LOC400684	91	0	91	91
LRP3	91	0	91	91
NUDT19	91	0	91	91
PDCD5	91	0	91	91
PEPD	91	0	91	91
PLEKHF1	91	0	91	91
POP4	91	0	91	91
RGS9BP	91	0	91	91
RHPN2	91	0	91	91
SLC7A10	91	0	91	91
SLC7A9	91	0	91	91
TDRD12	91	0	91	91
THEG5	91	0	91	91
TSHZ3	91	0	91	91
UQCRFS1	91	0	91	91
URI1	91	0	91	91
VSTM2B	91	0	91	91
WDR88	91	0	91	91
ZNF254	91	0	91	91
ZNF507	91	0	91	91
ZNF536	91	0	91	91
ZNF726	91	0	91	91
AADACL3	0	84	84	55
AADACL4	0	84	84	55
ACTL8	0	84	84	55
AGMAT	0	84	84	55
AGTRAP	0	84	84	55
AKR7A2	0	84	84	55
AKR7A3	0	84	84	55
AKR7L	0	84	84	55
ALDH4A1	0	84	84	55
ALPL	0	84	84	55
ANGPTL7	0	84	84	55
APITD1-CORT	0	84	84	55
ARHGEF10L	0	84	84	55
ARHGEF19	0	84	84	55
ASAP3	0	84	84	55
ATP13A2	0	84	84	55
C1QA	0	84	84	55
C1QB	0	84	84	55
C1QC	0	84	84	55
C1orf127	0	84	84	55
C1orf158	0	84	84	55
C1orf167	0	84	84	55
C1orf195	0	84	84	55
C1orf234	0	84	84	55
C1orf64	0	84	84	55
CA6	0	84	84	55
CAMK2N1	0	84	84	55
CAPZB	0	84	84	55
CASP9	0	84	84	55
CASZ1	0	84	84	55
CDA	0	84	84	55
CDC42	0	84	84	55
CELA2A	0	84	84	55
CELA2B	0	84	84	55
CELA3A	0	84	84	55
CELA3B	0	84	84	55
CENPS	0	84	84	55
CLCN6	0	84	84	55
CLCNKA	0	84	84	55
CLCNKB	0	84	84	55
CLIC4	0	84	84	55
CLSTN1	0	84	84	55
CNR2	0	84	84	55
CORT	0	84	84	55
CROCC	0	84	84	55
CROCCP2	0	84	84	55
CROCCP3	0	84	84	55
CTNNBIP1	0	84	84	55
CTRC	0	84	84	55
DDI2	0	84	84	55
DDOST	0	84	84	55
DFFA	0	84	84	55
DHRS3	0	84	84	55
DISP3	0	84	84	55
DNAJC16	0	84	84	55
DRAXIN	0	84	84	55
E2F2	0	84	84	55
ECE1	0	84	84	55
EFHD2	0	84	84	55
EIF4G3	0	84	84	55
EMC1	0	84	84	55
ENO1	0	84	84	55
ENO1-AS1	0	84	84	55
EPHA2	0	84	84	55
EPHA8	0	84	84	55
EPHB2	0	84	84	55
ERRFI1	0	84	84	55
ESPNP	0	84	84	55
EXOSC10	0	84	84	55
FAM131C	0	84	84	55
FAM231A	0	84	84	55
FAM231B	0	84	84	55
FAM231C	0	84	84	55
FAM43B	0	84	84	55
FBLIM1	0	84	84	55
FBXO2	0	84	84	55
FBXO42	0	84	84	55
FBXO44	0	84	84	55
FBXO6	0	84	84	55
FHAD1	0	84	84	55
FLJ37453	0	84	84	55
FUCA1	0	84	84	55
GALE	0	84	84	55
GPR157	0	84	84	55
GRHL3	0	84	84	55
H6PD	0	84	84	55
HMGCL	0	84	84	55
HNRNPCL1	0	84	84	55
HNRNPCL2	0	84	84	55
HNRNPCL3	0	84	84	55
HNRNPCL4	0	84	84	55
HNRNPR	0	84	84	55
HP1BP3	0	84	84	55
HSPB7	0	84	84	55
HSPG2	0	84	84	55
HTR1D	0	84	84	55
HTR6	0	84	84	55
ID3	0	84	84	55
IFFO2	0	84	84	55
IFNLR1	0	84	84	55
IGSF21	0	84	84	55
IL22RA1	0	84	84	55
KAZN	0	84	84	55
KDM1A	0	84	84	55
KIAA2013	0	84	84	55
KIF17	0	84	84	55
KIF1B	0	84	84	55
KLHDC7A	0	84	84	55
LACTBL1	0	84	84	55
LDLRAD2	0	84	84	55
LINC00339	0	84	84	55
LINC01141	0	84	84	55
LINC01355	0	84	84	55
LOC100132147	0	84	84	55
LOC100506022	0	84	84	55
LOC100506730	0	84	84	55
LOC100506801	0	84	84	55
LOC100506985	0	84	84	55
LOC101927876	0	84	84	55
LOC101927895	0	84	84	55
LOC101928043	0	84	84	55
LOC101928163	0	84	84	55
LOC101929181	0	84	84	55
LOC102724539	0	84	84	55
LOC102724552	0	84	84	55
LOC102724571	0	84	84	55
LOC102724659	0	84	84	55
LOC105376736	0	84	84	55
LOC105376805	0	84	84	55
LOC105378614	0	84	84	55
LOC284632	0	84	84	55
LRRC38	0	84	84	55
LUZP1	0	84	84	55
LYPLA2	0	84	84	55
LZIC	0	84	84	55
MAD2L2	0	84	84	55
MASP2	0	84	84	55
MDS2	0	84	84	55
MFAP2	0	84	84	55
MFN2	0	84	84	55
MIIP	0	84	84	55
MINOS1	0	84	84	55
MINOS1-NBL1	0	84	84	55
MIR1256	0	84	84	55
MIR1273D	0	84	84	55
MIR1290	0	84	84	55
MIR3115	0	84	84	55
MIR34A	0	84	84	55
MIR34AHG	0	84	84	55
MIR3675	0	84	84	55
MIR378F	0	84	84	55
MIR3972	0	84	84	55
MIR4253	0	84	84	55
MIR4418	0	84	84	55
MIR4419A	0	84	84	55
MIR4425	0	84	84	55
MIR4632	0	84	84	55
MIR4684	0	84	84	55
MIR4695	0	84	84	55
MIR5096	0	84	84	55
MIR5697	0	84	84	55
MIR6084	0	84	84	55
MIR6127	0	84	84	55
MIR6728	0	84	84	55
MIR6729	0	84	84	55
MIR6730	0	84	84	55
MIR6731	0	84	84	55
MIR7846	0	84	84	55
MRTO4	0	84	84	55
MST1L	0	84	84	55
MST1P2	0	84	84	55
MTHFR	0	84	84	55
MTOR	0	84	84	55
MTOR-AS1	0	84	84	55
MUL1	0	84	84	55
MYOM3	0	84	84	55
NBL1	0	84	84	55
NBPF1	0	84	84	55
NBPF3	0	84	84	55
NCMAP	0	84	84	55
NECAP2	0	84	84	55
NIPAL3	0	84	84	55
NMNAT1	0	84	84	55
NPPA	0	84	84	55
NPPA-AS1	0	84	84	55
NPPB	0	84	84	55
OTUD3	0	84	84	55
PADI1	0	84	84	55
PADI2	0	84	84	55
PADI3	0	84	84	55
PADI4	0	84	84	55
PADI6	0	84	84	55
PARK7	0	84	84	55
PAX7	0	84	84	55
PDPN	0	84	84	55
PER3	0	84	84	55
PEX14	0	84	84	55
PGD	0	84	84	55
PIK3CD	0	84	84	55
PIK3CD-AS1	0	84	84	55
PIK3CD-AS2	0	84	84	55
PINK1	0	84	84	55
PINK1-AS	0	84	84	55
PITHD1	0	84	84	55
PLA2G2A	0	84	84	55
PLA2G2C	0	84	84	55
PLA2G2D	0	84	84	55
PLA2G2E	0	84	84	55
PLA2G2F	0	84	84	55
PLA2G5	0	84	84	55
PLEKHM2	0	84	84	55
PLOD1	0	84	84	55
PNRC2	0	84	84	55
PQLC2	0	84	84	55
PRAMEF1	0	84	84	55
PRAMEF10	0	84	84	55
PRAMEF11	0	84	84	55
PRAMEF12	0	84	84	55
PRAMEF13	0	84	84	55
PRAMEF14	0	84	84	55
PRAMEF15	0	84	84	55
PRAMEF17	0	84	84	55
PRAMEF18	0	84	84	55
PRAMEF19	0	84	84	55
PRAMEF2	0	84	84	55
PRAMEF20	0	84	84	55
PRAMEF22	0	84	84	55
PRAMEF25	0	84	84	55
PRAMEF26	0	84	84	55
PRAMEF27	0	84	84	55
PRAMEF33P	0	84	84	55
PRAMEF34P	0	84	84	55
PRAMEF4	0	84	84	55
PRAMEF5	0	84	84	55
PRAMEF6	0	84	84	55
PRAMEF7	0	84	84	55
PRAMEF8	0	84	84	55
PRDM2	0	84	84	55
RAP1GAP	0	84	84	55
RBP7	0	84	84	55
RCAN3	0	84	84	55
RCAN3AS	0	84	84	55
RCC2	0	84	84	55
RERE	0	84	84	55
RHCE	0	84	84	55
RHD	0	84	84	55
RNF186	0	84	84	55
RNU5E-1	0	84	84	55
RPL11	0	84	84	55
RPS14P3	0	84	84	55
RSC1A1	0	84	84	55
RSG1	0	84	84	55
RSRP1	0	84	84	55
RUNX3	0	84	84	55
SDHB	0	84	84	55
SH2D5	0	84	84	55
SLC25A33	0	84	84	55
SLC25A34	0	84	84	55
SLC2A5	0	84	84	55
SLC2A7	0	84	84	55
SLC45A1	0	84	84	55
SNORA59A	0	84	84	55
SNORD128	0	84	84	55
SPATA21	0	84	84	55
SPEN	0	84	84	55
SPSB1	0	84	84	55
SRM	0	84	84	55
SRRM1	0	84	84	55
SRSF10	0	84	84	55
STPG1	0	84	84	55
SYF2	0	84	84	55
SZRD1	0	84	84	55
TARDBP	0	84	84	55
TAS1R2	0	84	84	55
TCEA3	0	84	84	55
TCEB3	0	84	84	55
TCEB3-AS1	0	84	84	55
TMCO4	0	84	84	55
TMEM201	0	84	84	55
TMEM50A	0	84	84	55
TMEM51	0	84	84	55
TMEM51-AS1	0	84	84	55
TMEM82	0	84	84	55
TNFRSF1B	0	84	84	55
TNFRSF8	0	84	84	55
TNFRSF9	0	84	84	55
UBE4B	0	84	84	55
UBIAD1	0	84	84	55
UBR4	0	84	84	55
UBXN10	0	84	84	55
UBXN10-AS1	0	84	84	55
UQCRHL	0	84	84	55
USP48	0	84	84	55
UTS2	0	84	84	55
VAMP3	0	84	84	55
VPS13D	0	84	84	55
VWA5B1	0	84	84	55
WNT4	0	84	84	55
ZBTB17	0	84	84	55
ZBTB40	0	84	84	55
ZNF436	0	84	84	55
ZNF436-AS1	0	84	84	55
KLLN	0	82	82	82
PTEN	0	82	82	82
ABCF1	80	0	80	80
ATAT1	80	0	80	80
C6orf136	80	0	80	80
DHX16	80	0	80	80
GNL1	80	0	80	80
MIR877	80	0	80	80
MRPS18B	80	0	80	80
PPP1R10	80	0	80	80
PRR3	80	0	80	80
SMAD4	0	80	80	80
[LINC00392]	79	0	79	79
ACOX1	73	0	73	73
ADAL	0	73	73	73
ANKRD63	0	73	73	73
AP4E1	0	73	73	73
ARMC7	73	0	73	73
ARPP19	0	73	73	73
ATP5H	73	0	73	73
ATP8B4	0	73	73	73
B2M	0	73	73	73
BAHD1	0	73	73	73
BCL2L10	0	73	73	73
BLOC1S6	0	73	73	73
BMF	0	73	73	73
BUB1B	0	73	73	73
BUB1B-PAK6	0	73	73	73
C15orf48	0	73	73	73
C15orf52	0	73	73	73
C15orf53	0	73	73	73
C15orf54	0	73	73	73
C15orf56	0	73	73	73
C15orf57	0	73	73	73
C15orf62	0	73	73	73
CAPN3	0	73	73	73
CASC4	0	73	73	73
CASKIN2	73	0	73	73
CATSPER2	0	73	73	73
CATSPER2P1	0	73	73	73
CCNDBP1	0	73	73	73
CDAN1	0	73	73	73
CDK3	73	0	73	73
CEP152	0	73	73	73
CHAC1	0	73	73	73
CHP1	0	73	73	73
CHST14	0	73	73	73
CKMT1A	0	73	73	73
CKMT1B	0	73	73	73
COPS2	0	73	73	73
CTDSPL2	0	73	73	73
CTXN2	0	73	73	73
CYP19A1	0	73	73	73
DCAF13P3	0	73	73	73
DISP2	0	73	73	73
DLL4	0	73	73	73
DMXL2	0	73	73	73
DNAJC17	0	73	73	73
DTWD1	0	73	73	73
DUOX1	0	73	73	73
DUOX2	0	73	73	73
DUOXA1	0	73	73	73
DUOXA2	0	73	73	73
DUT	0	73	73	73
EHD4	0	73	73	73
EHD4-AS1	0	73	73	73
EID1	0	73	73	73
EIF2AK4	0	73	73	73
EIF3J	0	73	73	73
EIF3J-AS1	0	73	73	73
ELL3	0	73	73	73
EPB42	0	73	73	73
EVPL	73	0	73	73
EXD1	0	73	73	73
EXOC7	73	0	73	73
FAM214A	0	73	73	73
FAM227B	0	73	73	73
FAM98B	0	73	73	73
FBF1	73	0	73	73
FBN1	0	73	73	73
FGF7	0	73	73	73
FLJ10038	0	73	73	73
FRMD5	0	73	73	73
FSIP1	0	73	73	73
GABPB1	0	73	73	73
GABPB1-AS1	0	73	73	73
GALK1	73	0	73	73
GALK2	0	73	73	73
GALR2	73	0	73	73
GANC	0	73	73	73
GATM	0	73	73	73
GCHFR	0	73	73	73
GGA3	73	0	73	73
GLDN	0	73	73	73
GNB5	0	73	73	73
GPR176	0	73	73	73
GRB2	73	0	73	73
H3F3B	73	0	73	73
HAUS2	0	73	73	73
HDC	0	73	73	73
HMGN2P46	0	73	73	73
HN1	73	0	73	73
HYPK	0	73	73	73
INAFM2	0	73	73	73
INO80	0	73	73	73
ITGB4	73	0	73	73
ITPKA	0	73	73	73
IVD	0	73	73	73
JMJD7	0	73	73	73
JMJD7-PLA2G4B	0	73	73	73
KCTD2	73	0	73	73
KNL1	0	73	73	73
KNSTRN	0	73	73	73
LCMT2	0	73	73	73
LEO1	0	73	73	73
LINC01491	0	73	73	73
LLGL2	73	0	73	73
LOC100129973	0	73	73	73
LOC100287042	73	0	73	73
LOC100419583	0	73	73	73
LOC100422556	0	73	73	73
LOC101928227	0	73	73	73
LOC101928414	0	73	73	73
LOC105370792	0	73	73	73
LOC105370802	0	73	73	73
LOC105370941	0	73	73	73
LOC105370943	0	73	73	73
LRRC57	0	73	73	73
LTK	0	73	73	73
LYSMD2	0	73	73	73
MAP1A	0	73	73	73
MAPK6	0	73	73	73
MAPKBP1	0	73	73	73
MFAP1	0	73	73	73
MGA	0	73	73	73
MIF4GD	73	0	73	73
MIR1266	0	73	73	73
MIR1282	0	73	73	73
MIR147B	0	73	73	73
MIR3678	73	0	73	73
MIR4310	0	73	73	73
MIR4712	0	73	73	73
MIR4713	0	73	73	73
MIR4716	0	73	73	73
MIR4738	73	0	73	73
MIR626	0	73	73	73
MIR627	0	73	73	73
MIR6785	73	0	73	73
MIR7973-1	0	73	73	73
MIR7973-2	0	73	73	73
MRPL38	73	0	73	73
MRPL42P5	0	73	73	73
MRPL58	73	0	73	73
MRPS7	73	0	73	73
MYEF2	0	73	73	73
MYO15B	73	0	73	73
MYO5A	0	73	73	73
MYO5C	0	73	73	73
NDUFAF1	0	73	73	73
NDUFAF4P1	0	73	73	73
NT5C	73	0	73	73
NUP85	73	0	73	73
NUSAP1	0	73	73	73
OIP5	0	73	73	73
OIP5-AS1	0	73	73	73
ONECUT1	0	73	73	73
PAK6	0	73	73	73
PATL2	0	73	73	73
PDIA3	0	73	73	73
PHGR1	0	73	73	73
PIN4P1	0	73	73	73
PLA2G4B	0	73	73	73
PLA2G4D	0	73	73	73
PLA2G4E	0	73	73	73
PLA2G4E-AS1	0	73	73	73
PLA2G4F	0	73	73	73
PLCB2	0	73	73	73
PPIP5K1	0	73	73	73
PPP1R14D	0	73	73	73
RAD51	0	73	73	73
RAD51-AS1	0	73	73	73
RASGRP1	0	73	73	73
RECQL5	73	0	73	73
RHOV	0	73	73	73
RMDN3	0	73	73	73
RPAP1	0	73	73	73
RPUSD2	0	73	73	73
RTF1	0	73	73	73
SAP30BP	73	0	73	73
SCG3	0	73	73	73
SECISBP2L	0	73	73	73
SEMA6D	0	73	73	73
SERF2	0	73	73	73
SERF2-C15ORF63	0	73	73	73
SERINC4	0	73	73	73
SHC4	0	73	73	73
SHF	0	73	73	73
SLC12A1	0	73	73	73
SLC16A5	73	0	73	73
SLC24A5	0	73	73	73
SLC25A19	73	0	73	73
SLC27A2	0	73	73	73
SLC28A2	0	73	73	73
SLC30A4	0	73	73	73
SMIM5	73	0	73	73
SMIM6	73	0	73	73
SNAP23	0	73	73	73
SORD	0	73	73	73
SPATA5L1	0	73	73	73
SPG11	0	73	73	73
SPINT1	0	73	73	73
SPPL2A	0	73	73	73
SPRED1	0	73	73	73
SPTBN5	0	73	73	73
SQRDL	0	73	73	73
SRP14	0	73	73	73
SRP14-AS1	0	73	73	73
SRP68	73	0	73	73
STARD9	0	73	73	73
STRC	0	73	73	73
SUMO2	73	0	73	73
TEN1	73	0	73	73
TEN1-CDK3	73	0	73	73
TERB2	0	73	73	73
TGM5	0	73	73	73
TGM7	0	73	73	73
THBS1	0	73	73	73
TMCO5A	0	73	73	73
TMEM62	0	73	73	73
TMEM87A	0	73	73	73
TMEM94	73	0	73	73
TMOD2	0	73	73	73
TMOD3	0	73	73	73
TNFAIP8L3	0	73	73	73
TP53BP1	0	73	73	73
TRIM47	73	0	73	73
TRIM65	73	0	73	73
TRIM69	0	73	73	73
TRPM7	0	73	73	73
TSEN54	73	0	73	73
TTBK2	0	73	73	73
TUBGCP4	0	73	73	73
TYRO3	0	73	73	73
UBR1	0	73	73	73
UNC13D	73	0	73	73
UNK	73	0	73	73
USP50	0	73	73	73
USP8	0	73	73	73
VPS18	0	73	73	73
VPS39	0	73	73	73
WBP2	73	0	73	73
WDR72	0	73	73	73
WDR76	0	73	73	73
ZACN	73	0	73	73
ZFYVE19	0	73	73	73
ZNF106	0	73	73	73
ZSCAN29	0	73	73	73
ABHD17C	72	0	72	72
ABHD2	72	0	72	72
ACAN	72	0	72	72
ACTG1P17	72	0	72	72
ADAMTS17	72	0	72	72
ADAMTS7P1	72	0	72	72
ADAMTSL3	72	0	72	72
AEN	72	0	72	72
AGBL1	72	0	72	72
AGBL1-AS1	72	0	72	72
AKAP13	72	0	72	72
ALDH1A3	72	0	72	72
ALPK3	72	0	72	72
ANPEP	72	0	72	72
AP3B2	72	0	72	72
AP3S2	72	0	72	72
ARNT2	72	0	72	72
ARPIN	72	0	72	72
ARRDC4	72	0	72	72
ASB7	72	0	72	72
ASB9P1	72	0	72	72
BCL2A1	72	0	72	72
BLM	72	0	72	72
BNC1	72	0	72	72
BTBD1	72	0	72	72
C15orf32	72	0	72	72
C15orf38-AP3S2	72	0	72	72
C15orf40	72	0	72	72
CEMIP	72	0	72	72
CERS3	72	0	72	72
CERS3-AS1	72	0	72	72
CFAP161	72	0	72	72
CHD2	72	0	72	72
CHSY1	72	0	72	72
CIB1	72	0	72	72
CPEB1	72	0	72	72
CPEB1-AS1	72	0	72	72
CRAT37	72	0	72	72
CRTC3	72	0	72	72
CRTC3-AS1	72	0	72	72
DDX11L9	72	0	72	72
DET1	72	0	72	72
DNM1P41	72	0	72	72
DNM1P46	72	0	72	72
EFL1	72	0	72	72
EFTUD1P1	72	0	72	72
FAH	72	0	72	72
FAM103A1	72	0	72	72
FAM138E	72	0	72	72
FAM169B	72	0	72	72
FAM174B	72	0	72	72
FANCI	72	0	72	72
FES	72	0	72	72
FSD2	72	0	72	72
FURIN	72	0	72	72
GABARAPL3	72	0	72	72
GDPGP1	72	0	72	72
GOLGA2P10	72	0	72	72
GOLGA2P7	72	0	72	72
GOLGA6L10	72	0	72	72
GOLGA6L17P	72	0	72	72
GOLGA6L3	72	0	72	72
GOLGA6L4	72	0	72	72
GOLGA6L5P	72	0	72	72
GOLGA6L9	72	0	72	72
HAPLN3	72	0	72	72
HDDC3	72	0	72	72
HDGFRP3	72	0	72	72
HOMER2	72	0	72	72
HSP90B2P	72	0	72	72
IDH2	72	0	72	72
IGF1R	72	0	72	72
IL16	72	0	72	72
IQGAP1	72	0	72	72
IRAIN	72	0	72	72
ISG20	72	0	72	72
KIAA1024	72	0	72	72
KIF7	72	0	72	72
KLHL25	72	0	72	72
LINC00052	72	0	72	72
LINC00923	72	0	72	72
LINC00924	72	0	72	72
LINC00927	72	0	72	72
LINC00928	72	0	72	72
LINC00930	72	0	72	72
LINC00933	72	0	72	72
LINC01197	72	0	72	72
LINC01314	72	0	72	72
LINC01578	72	0	72	72
LINC01579	72	0	72	72
LINC01580	72	0	72	72
LINC01581	72	0	72	72
LINC01582	72	0	72	72
LINC01583	72	0	72	72
LINC01584	72	0	72	72
LINC01585	72	0	72	72
LINC01586	72	0	72	72
LINS1	72	0	72	72
LOC100128108	72	0	72	72
LOC100507472	72	0	72	72
LOC101926911	72	0	72	72
LOC101927153	72	0	72	72
LOC101927286	72	0	72	72
LOC101927310	72	0	72	72
LOC101927751	72	0	72	72
LOC101929586	72	0	72	72
LOC101929679	72	0	72	72
LOC102723335	72	0	72	72
LOC102724034	72	0	72	72
LOC102724452	72	0	72	72
LOC103171574	72	0	72	72
LOC104613533	72	0	72	72
LOC105370954	72	0	72	72
LOC338963	72	0	72	72
LOC400464	72	0	72	72
LOC440300	72	0	72	72
LOC440311	72	0	72	72
LOC642423	72	0	72	72
LOC727751	72	0	72	72
LRRC28	72	0	72	72
LRRK1	72	0	72	72
LUNAR1	72	0	72	72
LYSMD4	72	0	72	72
MAN2A2	72	0	72	72
MCTP2	72	0	72	72
MEF2A	72	0	72	72
MESDC1	72	0	72	72
MESDC2	72	0	72	72
MESP1	72	0	72	72
MESP2	72	0	72	72
MEX3B	72	0	72	72
MFGE8	72	0	72	72
MIR1179	72	0	72	72
MIR1276	72	0	72	72
MIR1469	72	0	72	72
MIR3174	72	0	72	72
MIR3175	72	0	72	72
MIR3529	72	0	72	72
MIR4514	72	0	72	72
MIR4515	72	0	72	72
MIR4714	72	0	72	72
MIR5009	72	0	72	72
MIR5094	72	0	72	72
MIR548AP	72	0	72	72
MIR549A	72	0	72	72
MIR5572	72	0	72	72
MIR6766	72	0	72	72
MIR7-2	72	0	72	72
MIR7706	72	0	72	72
MIR9-3	72	0	72	72
MIR9-3HG	72	0	72	72
MRPL46	72	0	72	72
MRPS11	72	0	72	72
MTHFS	72	0	72	72
NGRN	72	0	72	72
NMB	72	0	72	72
NR2F2	72	0	72	72
NR2F2-AS1	72	0	72	72
NTRK3	72	0	72	72
NTRK3-AS1	72	0	72	72
OR4F13P	72	0	72	72
OR4F15	72	0	72	72
OR4F4	72	0	72	72
OR4F6	72	0	72	72
PCSK6	72	0	72	72
PCSK6-AS1	72	0	72	72
PDE8A	72	0	72	72
PEX11A	72	0	72	72
PGPEP1L	72	0	72	72
PLIN1	72	0	72	72
POLG	72	0	72	72
PRC1	72	0	72	72
PRC1-AS1	72	0	72	72
PRKXP1	72	0	72	72
RCCD1	72	0	72	72
RGMA	72	0	72	72
RHCG	72	0	72	72
RLBP1	72	0	72	72
RPS17	72	0	72	72
SAXO2	72	0	72	72
SCAND2P	72	0	72	72
SCARNA15	72	0	72	72
SEC11A	72	0	72	72
SEMA4B	72	0	72	72
SH3GL3	72	0	72	72
SLC28A1	72	0	72	72
SLCO3A1	72	0	72	72
SNHG21	72	0	72	72
SNRPA1	72	0	72	72
SPATA41	72	0	72	72
SPATA8	72	0	72	72
SPATA8-AS1	72	0	72	72
ST20	72	0	72	72
ST20-AS1	72	0	72	72
ST20-MTHFS	72	0	72	72
ST8SIA2	72	0	72	72
STARD5	72	0	72	72
SV2B	72	0	72	72
SYNM	72	0	72	72
TARSL2	72	0	72	72
TICRR	72	0	72	72
TM2D3	72	0	72	72
TM6SF1	72	0	72	72
TMC3	72	0	72	72
TMC3-AS1	72	0	72	72
TTC23	72	0	72	72
TTLL13P	72	0	72	72
UBE2Q2L	72	0	72	72
UBE2Q2P1	72	0	72	72
UBE2Q2P2	72	0	72	72
UNC45A	72	0	72	72
VIMP	72	0	72	72
VPS33B	72	0	72	72
WASH3P	72	0	72	72
WDR73	72	0	72	72
WDR93	72	0	72	72
WHAMM	72	0	72	72
ZFAND6	72	0	72	72
ZNF592	72	0	72	72
ZNF710	72	0	72	72
ZNF774	72	0	72	72
ZSCAN2	72	0	72	72
ABCC4	71	0	71	71
ABHD13	71	0	71	71
ADPRHL1	71	0	71	71
ANKRD10	71	0	71	71
ARGLU1	71	0	71	71
ARHGEF7	71	0	71	71
ARHGEF7-AS1	71	0	71	71
ARHGEF7-AS2	71	0	71	71
ATP11A	71	0	71	71
ATP11A-AS1	71	0	71	71
ATP11AUN	71	0	71	71
ATP4B	71	0	71	71
BIVM	71	0	71	71
BIVM-ERCC5	71	0	71	71
CARS2	71	0	71	71
CCDC168	71	0	71	71
CDC16	71	0	71	71
CHAMP1	71	0	71	71
CLDN10	71	0	71	71
CLDN10-AS1	71	0	71	71
CLYBL	71	0	71	71
CLYBL-AS1	71	0	71	71
CLYBL-AS2	71	0	71	71
COL4A1	71	0	71	71
COL4A2	71	0	71	71
COL4A2-AS1	71	0	71	71
COL4A2-AS2	71	0	71	71
CUL4A	71	0	71	71
DAOA	71	0	71	71
DAOA-AS1	71	0	71	71
DCUN1D2	71	0	71	71
DNAJC3	71	0	71	71
DNAJC3-AS1	71	0	71	71
DOCK9	71	0	71	71
DOCK9-AS1	71	0	71	71
DOCK9-AS2	71	0	71	71
DZIP1	71	0	71	71
EFNB2	71	0	71	71
ERCC5	71	0	71	71
F10	71	0	71	71
F10-AS1	71	0	71	71
F7	71	0	71	71
FAM155A	71	0	71	71
FAM155A-IT1	71	0	71	71
FARP1	71	0	71	71
FGF14	71	0	71	71
FGF14-AS1	71	0	71	71
FGF14-AS2	71	0	71	71
FGF14-IT1	71	0	71	71
FKSG29	71	0	71	71
GAS6	71	0	71	71
GAS6-AS1	71	0	71	71
GAS6-AS2	71	0	71	71
GGACT	71	0	71	71
GPR18	71	0	71	71
GPR183	71	0	71	71
GRK1	71	0	71	71
GRTP1	71	0	71	71
GRTP1-AS1	71	0	71	71
HS6ST3	71	0	71	71
ING1	71	0	71	71
IPO5	71	0	71	71
IRS2	71	0	71	71
ITGBL1	71	0	71	71
KDELC1	71	0	71	71
LAMP1	71	0	71	71
LIG4	71	0	71	71
LINC00343	71	0	71	71
LINC00346	71	0	71	71
LINC00354	71	0	71	71
LINC00359	71	0	71	71
LINC00368	71	0	71	71
LINC00396	71	0	71	71
LINC00399	71	0	71	71
LINC00403	71	0	71	71
LINC00411	71	0	71	71
LINC00431	71	0	71	71
LINC00443	71	0	71	71
LINC00449	71	0	71	71
LINC00452	71	0	71	71
LINC00454	71	0	71	71
LINC00456	71	0	71	71
LINC00460	71	0	71	71
LINC00551	71	0	71	71
LINC00552	71	0	71	71
LINC00554	71	0	71	71
LINC00557	71	0	71	71
LINC00565	71	0	71	71
LINC00567	71	0	71	71
LINC00676	71	0	71	71
LINC01039	71	0	71	71
LINC01043	71	0	71	71
LINC01044	71	0	71	71
LINC01054	71	0	71	71
LINC01070	71	0	71	71
LINC01232	71	0	71	71
LINC01309	71	0	71	71
LOC100506016	71	0	71	71
LOC101060553	71	0	71	71
LOC101927284	71	0	71	71
LOC101927437	71	0	71	71
LOC101928730	71	0	71	71
LOC101928841	71	0	71	71
LOC105370333	71	0	71	71
LOC105370369	71	0	71	71
MBNL2	71	0	71	71
MCF2L	71	0	71	71
MCF2L-AS1	71	0	71	71
METTL21C	71	0	71	71
METTL21EP	71	0	71	71
MIR1267	71	0	71	71
MIR2681	71	0	71	71
MIR3170	71	0	71	71
MIR4306	71	0	71	71
MIR4501	71	0	71	71
MIR4502	71	0	71	71
MIR4705	71	0	71	71
MIR548AR	71	0	71	71
MIR582	0	71	71	71
MIR623	71	0	71	71
MIR8073	71	0	71	71
MIR8075	71	0	71	71
MYO16	71	0	71	71
MYO16-AS1	71	0	71	71
NALCN	71	0	71	71
NALCN-AS1	71	0	71	71
NAXD	71	0	71	71
OXGR1	71	0	71	71
PART1	0	71	71	71
PCCA	71	0	71	71
PCCA-AS1	71	0	71	71
PCID2	71	0	71	71
PDE4D	0	71	71	71
PROZ	71	0	71	71
RAB20	71	0	71	71
RAP2A	71	0	71	71
RASA3	71	0	71	71
RNF113B	71	0	71	71
SLC10A2	71	0	71	71
SLC15A1	71	0	71	71
SOX1	71	0	71	71
SPACA7	71	0	71	71
STK24	71	0	71	71
TEX29	71	0	71	71
TEX30	71	0	71	71
TFDP1	71	0	71	71
TM9SF2	71	0	71	71
TMCO3	71	0	71	71
TMEM255B	71	0	71	71
TMTC4	71	0	71	71
TNFSF13B	71	0	71	71
TPP2	71	0	71	71
TUBGCP3	71	0	71	71
UBAC2	71	0	71	71
UBAC2-AS1	71	0	71	71
UGGT2	71	0	71	71
UPF3A	71	0	71	71
ZIC2	71	0	71	71
ZIC5	71	0	71	71
MIR7157	0	69	69	69
ABAT	66	0	66	66
ATF7IP2	66	0	66	66
C16orf72	66	0	66	66
CARHSP1	66	0	66	66
CIITA	66	0	66	66
CLEC16A	66	0	66	66
DEXI	66	0	66	66
EMP2	66	0	66	66
GRIN2A	66	0	66	66
GSPT1	66	0	66	66
LINC01177	66	0	66	66
LINC01195	66	0	66	66
LOC101927009	66	0	66	66
LOC101927131	66	0	66	66
LOC105371083	66	0	66	66
METTL22	66	0	66	66
MIR548H2	66	0	66	66
NUBP1	66	0	66	66
PMM2	66	0	66	66
PRM1	66	0	66	66
PRM2	66	0	66	66
PRM3	66	0	66	66
RMI2	66	0	66	66
RSL1D1	66	0	66	66
SOCS1	66	0	66	66
TEKT5	66	0	66	66
TMEM114	66	0	66	66
TMEM186	66	0	66	66
TNP2	66	0	66	66
TVP23A	66	0	66	66
USP7	66	0	66	66
ABCB8	0	64	64	64
ABCF2	0	64	64	64
ACTR3B	0	64	64	64
ACTR3C	0	64	64	64
ADCK2	0	64	64	64
AGAP3	0	64	64	64
AGBL3	0	64	64	64
AGK	0	64	64	64
AHCYL2	0	64	64	64
AKR1B1	0	64	64	64
AKR1B10	0	64	64	64
AKR1B15	0	64	64	64
AKR1D1	0	64	64	64
ANK1	64	0	64	64
AOC1	0	64	64	64
AP3M2	64	0	64	64
ARF5	0	64	64	64
ARHGEF34P	0	64	64	64
ARHGEF35	0	64	64	64
ARHGEF5	0	64	64	64
ASB10	0	64	64	64
ASB15	0	64	64	64
ASIC3	0	64	64	64
ATG9B	0	64	64	64
ATP6V0A4	0	64	64	64
ATP6V0E2	0	64	64	64
ATP6V0E2-AS1	0	64	64	64
ATP6V1F	0	64	64	64
BLACE	0	64	64	64
BPGM	0	64	64	64
BRAF	0	64	64	64
C7orf13	0	64	64	64
C7orf33	0	64	64	64
C7orf34	0	64	64	64
C7orf49	0	64	64	64
C7orf55-LUC7L2	0	64	64	64
C7orf73	0	64	64	64
C7orf77	0	64	64	64
CALD1	0	64	64	64
CALU	0	64	64	64
CASP2	0	64	64	64
CCDC136	0	64	64	64
CDK5	0	64	64	64
CEP41	0	64	64	64
CHCHD3	0	64	64	64
CHPF2	0	64	64	64
CHRM2	0	64	64	64
CLCN1	0	64	64	64
CLEC2L	0	64	64	64
CLEC5A	0	64	64	64
CNOT4	0	64	64	64
CNPY1	0	64	64	64
CNTNAP2	0	64	64	64
COPG2	0	64	64	64
COPG2IT1	0	64	64	64
CPA1	0	64	64	64
CPA2	0	64	64	64
CPA4	0	64	64	64
CPA5	0	64	64	64
CREB3L2	0	64	64	64
CRYGN	0	64	64	64
CTAGE15	0	64	64	64
CTAGE4	0	64	64	64
CTAGE6	0	64	64	64
CTAGE8	0	64	64	64
CUL1	0	64	64	64
DENND2A	0	64	64	64
DGKI	0	64	64	64
DNAJB6	0	64	64	64
DPP6	0	64	64	64
EN2	0	64	64	64
EPHA1	0	64	64	64
EPHA1-AS1	0	64	64	64
EPHB6	0	64	64	64
ESYT2	0	64	64	64
EXOC4	0	64	64	64
EZH2	0	64	64	64
FABP5P3	0	64	64	64
FAM131B	0	64	64	64
FAM180A	0	64	64	64
FAM71F1	0	64	64	64
FAM71F2	0	64	64	64
FASTK	0	64	64	64
FLJ40288	0	64	64	64
FLNC	0	64	64	64
FMC1	0	64	64	64
FSCN3	0	64	64	64
GALNT11	0	64	64	64
GALNTL5	0	64	64	64
GBX1	0	64	64	64
GCC1	0	64	64	64
GHET1	0	64	64	64
GIMAP1	0	64	64	64
GIMAP1-GIMAP5	0	64	64	64
GIMAP2	0	64	64	64
GIMAP4	0	64	64	64
GIMAP5	0	64	64	64
GIMAP6	0	64	64	64
GIMAP7	0	64	64	64
GIMAP8	0	64	64	64
GINS4	64	0	64	64
GOLGA7	64	0	64	64
GPAT4	64	0	64	64
GPR37	0	64	64	64
GRM8	0	64	64	64
GSTK1	0	64	64	64
HILPDA	0	64	64	64
HIPK2	0	64	64	64
HTR5A	0	64	64	64
HTR5A-AS1	0	64	64	64
HYAL4	0	64	64	64
HYALP1	0	64	64	64
IMPDH1	0	64	64	64
INSIG1	0	64	64	64
IQCA1L	0	64	64	64
IQUB	0	64	64	64
IRF5	0	64	64	64
JHDM1D-AS1	0	64	64	64
KAT6A	64	0	64	64
KCNH2	0	64	64	64
KCP	0	64	64	64
KDM7A	0	64	64	64
KEL	0	64	64	64
KIAA1147	0	64	64	64
KIAA1549	0	64	64	64
KLF14	0	64	64	64
KLHDC10	0	64	64	64
KLRG2	0	64	64	64
KMT2C	0	64	64	64
KRBA1	0	64	64	64
LEP	0	64	64	64
LINC-PINT	0	64	64	64
LINC00244	0	64	64	64
LINC00689	0	64	64	64
LINC00996	0	64	64	64
LINC01000	0	64	64	64
LINC01003	0	64	64	64
LINC01006	0	64	64	64
LINC01022	0	64	64	64
LINC01287	0	64	64	64
LMBR1	0	64	64	64
LMOD2	0	64	64	64
LOC100129148	0	64	64	64
LOC100130705	0	64	64	64
LOC100130880	0	64	64	64
LOC100506302	0	64	64	64
LOC100506585	0	64	64	64
LOC100506682	0	64	64	64
LOC100506860	0	64	64	64
LOC100506937	0	64	64	64
LOC100507507	0	64	64	64
LOC101927914	0	64	64	64
LOC101928211	0	64	64	64
LOC101928254	0	64	64	64
LOC101928283	0	64	64	64
LOC101928333	0	64	64	64
LOC101928605	0	64	64	64
LOC101928700	0	64	64	64
LOC101928782	0	64	64	64
LOC101928807	0	64	64	64
LOC101928861	0	64	64	64
LOC101929998	0	64	64	64
LOC102723729	64	0	64	64
LOC102724555	0	64	64	64
LOC105375483	0	64	64	64
LOC105375504	0	64	64	64
LOC105375512	0	64	64	64
LOC105375545	0	64	64	64
LOC105375556	0	64	64	64
LOC105379393	64	0	64	64
LOC154761	0	64	64	64
LOC155060	0	64	64	64
LOC285889	0	64	64	64
LOC349160	0	64	64	64
LOC389602	0	64	64	64
LOC407835	0	64	64	64
LOC728743	0	64	64	64
LRGUK	0	64	64	64
LRRC4	0	64	64	64
LRRC61	0	64	64	64
LUC7L2	0	64	64	64
LUZP6	0	64	64	64
MEST	0	64	64	64
MESTIT1	0	64	64	64
METTL2B	0	64	64	64
MGAM	0	64	64	64
MGAM2	0	64	64	64
MGC27345	0	64	64	64
MIR129-1	0	64	64	64
MIR153-2	0	64	64	64
MIR182	0	64	64	64
MIR183	0	64	64	64
MIR29A	0	64	64	64
MIR29B1	0	64	64	64
MIR335	0	64	64	64
MIR3654	0	64	64	64
MIR3907	0	64	64	64
MIR4468	0	64	64	64
MIR486-1	64	0	64	64
MIR486-2	64	0	64	64
MIR490	0	64	64	64
MIR548AO	64	0	64	64
MIR548F4	0	64	64	64
MIR5707	0	64	64	64
MIR592	0	64	64	64
MIR593	0	64	64	64
MIR595	0	64	64	64
MIR6133	0	64	64	64
MIR6509	0	64	64	64
MIR671	0	64	64	64
MIR6892	0	64	64	64
MIR96	0	64	64	64
MKLN1	0	64	64	64
MKLN1-AS	0	64	64	64
MKRN1	0	64	64	64
MNX1	0	64	64	64
MNX1-AS1	0	64	64	64
MOXD2P	0	64	64	64
MRPS33	0	64	64	64
MTRNR2L6	0	64	64	64
NCAPG2	0	64	64	64
NDUFA5	0	64	64	64
NDUFB2	0	64	64	64
NDUFB2-AS1	0	64	64	64
NKX6-3	64	0	64	64
NOBOX	0	64	64	64
NOM1	0	64	64	64
NOS3	0	64	64	64
NRF1	0	64	64	64
NUB1	0	64	64	64
NUP205	0	64	64	64
OPN1SW	0	64	64	64
OR2A1	0	64	64	64
OR2A1-AS1	0	64	64	64
OR2A12	0	64	64	64
OR2A14	0	64	64	64
OR2A2	0	64	64	64
OR2A20P	0	64	64	64
OR2A25	0	64	64	64
OR2A5	0	64	64	64
OR2A7	0	64	64	64
OR2A9P	0	64	64	64
OR2F1	0	64	64	64
OR2F2	0	64	64	64
OR6B1	0	64	64	64
OR6V1	0	64	64	64
OR6W1P	0	64	64	64
OR9A2	0	64	64	64
OR9A4	0	64	64	64
PARP12	0	64	64	64
PAX4	0	64	64	64
PAXIP1	0	64	64	64
PAXIP1-AS1	0	64	64	64
PAXIP1-AS2	0	64	64	64
PDIA4	0	64	64	64
PIP	0	64	64	64
PLXNA4	0	64	64	64
PODXL	0	64	64	64
POT1	0	64	64	64
POT1-AS1	0	64	64	64
PRKAG2	0	64	64	64
PRKAG2-AS1	0	64	64	64
PRRT4	0	64	64	64
PRSS1	0	64	64	64
PRSS2	0	64	64	64
PRSS37	0	64	64	64
PRSS58	0	64	64	64
PTN	0	64	64	64
PTPRN2	0	64	64	64
RAB19	0	64	64	64
RARRES2	0	64	64	64
RBM28	0	64	64	64
RBM33	0	64	64	64
REPIN1	0	64	64	64
RHEB	0	64	64	64
RNF32	0	64	64	64
RNY1	0	64	64	64
RNY3	0	64	64	64
RNY4	0	64	64	64
RNY5	0	64	64	64
SFRP1	64	0	64	64
SHH	0	64	64	64
SLC13A4	0	64	64	64
SLC35B4	0	64	64	64
SLC37A3	0	64	64	64
SLC4A2	0	64	64	64
SMARCD3	0	64	64	64
SMKR1	0	64	64	64
SMO	0	64	64	64
SND1	0	64	64	64
SND1-IT1	0	64	64	64
SPAM1	0	64	64	64
SSBP1	0	64	64	64
SSMEM1	0	64	64	64
SSPO	0	64	64	64
STRA8	0	64	64	64
STRIP2	0	64	64	64
SVOPL	0	64	64	64
TAS2R3	0	64	64	64
TAS2R38	0	64	64	64
TAS2R39	0	64	64	64
TAS2R4	0	64	64	64
TAS2R40	0	64	64	64
TAS2R41	0	64	64	64
TAS2R5	0	64	64	64
TAS2R60	0	64	64	64
TBXAS1	0	64	64	64
TCAF1	0	64	64	64
TCAF2	0	64	64	64
TCAF2P1	0	64	64	64
TMEM139	0	64	64	64
TMEM140	0	64	64	64
TMEM176A	0	64	64	64
TMEM176B	0	64	64	64
TMEM178B	0	64	64	64
TMEM209	0	64	64	64
TMEM213	0	64	64	64
TMEM229A	0	64	64	64
TMUB1	0	64	64	64
TNPO3	0	64	64	64
TPI1P2	0	64	64	64
TPK1	0	64	64	64
TRIM24	0	64	64	64
TRPV5	0	64	64	64
TRPV6	0	64	64	64
TRY2P	0	64	64	64
TSGA13	0	64	64	64
TSPAN33	0	64	64	64
TTC26	0	64	64	64
UBE2H	0	64	64	64
UBE3C	0	64	64	64
UBN2	0	64	64	64
VIPR2	0	64	64	64
WASL	0	64	64	64
WDR60	0	64	64	64
WDR86	0	64	64	64
WDR86-AS1	0	64	64	64
WDR91	0	64	64	64
WEE2	0	64	64	64
WEE2-AS1	0	64	64	64
XRCC2	0	64	64	64
ZBED6CL	0	64	64	64
ZC3HAV1	0	64	64	64
ZC3HAV1L	0	64	64	64
ZC3HC1	0	64	64	64
ZNF212	0	64	64	64
ZNF282	0	64	64	64
ZNF398	0	64	64	64
ZNF425	0	64	64	64
ZNF467	0	64	64	64
ZNF746	0	64	64	64
ZNF767P	0	64	64	64
ZNF775	0	64	64	64
ZNF777	0	64	64	64
ZNF783	0	64	64	64
ZNF786	0	64	64	64
ZNF800	0	64	64	64
ZNF862	0	64	64	64
ZYX	0	64	64	64
hsa-mir-1975	0	64	64	64
hsa-mir-96	0	64	64	64
CD274	62	0	62	62
DLGAP1	62	0	62	62
DLGAP1-AS1	62	0	62	62
DLGAP1-AS2	62	0	62	62
DLGAP1-AS3	62	0	62	62
DLGAP1-AS4	62	0	62	62
DLGAP1-AS5	62	0	62	62
EGFR	62	0	62	62
EGFR-AS1	62	0	62	62
ELDR	62	0	62	62
GAPLINC	62	0	62	62
LOC104968399	62	0	62	62
LPIN2	62	0	62	62
MIR6718	62	0	62	62
MYL12A	62	0	62	62
MYL12B	62	0	62	62
MYOM1	62	0	62	62
PDCD1LG2	62	0	62	62
PLGRKT	62	0	62	62
RLN1	62	0	62	62
RLN2	62	0	62	62
TGIF1	62	0	62	62
ADIPOR2	61	0	61	61
AKAP3	61	0	61	61
B4GALNT3	61	0	61	61
C12orf4	61	0	61	61
CACNA1C	61	0	61	61
CACNA1C-AS1	61	0	61	61
CACNA1C-AS2	61	0	61	61
CACNA1C-AS4	61	0	61	61
CACNA1C-IT2	61	0	61	61
CACNA1C-IT3	61	0	61	61
CACNA2D4	61	0	61	61
CCDC77	61	0	61	61
CCND2	61	0	61	61
CCND2-AS1	61	0	61	61
CRACR2A	61	0	61	61
DCP1B	61	0	61	61
DYRK4	61	0	61	61
ERC1	61	0	61	61
FBXL14	61	0	61	61
FGF23	61	0	61	61
FGF6	61	0	61	61
FKBP4	61	0	61	61
FOXM1	61	0	61	61
GALNT8	61	0	61	61
IQSEC3	61	0	61	61
ITFG2	61	0	61	61
KCNA1	61	0	61	61
KCNA5	61	0	61	61
KCNA6	61	0	61	61
KDM5A	61	0	61	61
LINC00940	61	0	61	61
LINC00942	61	0	61	61
LOC100049716	61	0	61	61
LOC100288778	61	0	61	61
LOC100507424	61	0	61	61
LOC101929384	61	0	61	61
LOC101929549	61	0	61	61
LOC102723544	61	0	61	61
LOC105369595	61	0	61	61
LOC283440	61	0	61	61
LOC574538	61	0	61	61
LRTM2	61	0	61	61
MIR3649	61	0	61	61
NDUFA9	61	0	61	61
NINJ2	61	0	61	61
NRIP2	61	0	61	61
PARP11	61	0	61	61
PRMT8	61	0	61	61
RAD51AP1	61	0	61	61
RAD51B	61	0	61	61
RAD52	61	0	61	61
RHNO1	61	0	61	61
SLC6A12	61	0	61	61
SLC6A13	61	0	61	61
TEAD4	61	0	61	61
THCAT155	61	0	61	61
TIGAR	61	0	61	61
TSPAN9	61	0	61	61
TULP3	61	0	61	61
WNK1	61	0	61	61
WNT5B	61	0	61	61
ABCC11	0	59	59	59
ABCC12	0	59	59	59
ADCY7	0	59	59	59
ADGRG1	0	59	59	59
ADGRG3	0	59	59	59
ADGRG5	0	59	59	59
AKTIP	0	59	59	59
AMFR	0	59	59	59
ANKRD26P1	0	59	59	59
APOOP5	0	59	59	59
ARL2BP	0	59	59	59
BBS2	0	59	59	59
BRD7	0	59	59	59
C16orf78	0	59	59	59
C16orf87	0	59	59	59
C16orf97	0	59	59	59
CAPNS2	0	59	59	59
CASC16	0	59	59	59
CASC22	0	59	59	59
CBLN1	0	59	59	59
CCDC102A	0	59	59	59
CCDC113	0	59	59	59
CCL17	0	59	59	59
CCL22	0	59	59	59
CES1	0	59	59	59
CES1P1	0	59	59	59
CES1P2	0	59	59	59
CES5A	0	59	59	59
CETP	0	59	59	59
CFAP20	0	59	59	59
CHD9	0	59	59	59
CIAPIN1	0	59	59	59
CNEP1R1	0	59	59	59
CNGB1	0	59	59	59
CNOT1	0	59	59	59
COQ9	0	59	59	59
CPNE2	0	59	59	59
CRNDE	0	59	59	59
CSNK2A2	0	59	59	59
CX3CL1	0	59	59	59
CYLD	0	59	59	59
DKFZP434H168	0	59	59	59
DNAJA2	0	59	59	59
DOK4	0	59	59	59
DRC7	0	59	59	59
ENPP7P13	0	59	59	59
FAM192A	0	59	59	59
FLJ26245	0	59	59	59
FRG2DP	0	59	59	59
FTO	0	59	59	59
FTO-IT1	0	59	59	59
GINS3	0	59	59	59
GNAO1	0	59	59	59
GOT2	0	59	59	59
GPT2	0	59	59	59
HEATR3	0	59	59	59
HERC2P4	0	59	59	59
HERPUD1	0	59	59	59
IRX3	0	59	59	59
IRX5	0	59	59	59
IRX6	0	59	59	59
ITFG1	0	59	59	59
ITFG1-AS1	0	59	59	59
KATNB1	0	59	59	59
KIFC3	0	59	59	59
LINC00273	0	59	59	59
LINC00919	0	59	59	59
LINC01566	0	59	59	59
LINC01571	0	59	59	59
LOC100507534	0	59	59	59
LOC100507577	0	59	59	59
LOC100996338	0	59	59	59
LOC100996345	0	59	59	59
LOC101927132	0	59	59	59
LOC101927272	0	59	59	59
LOC101927334	0	59	59	59
LOC101927480	0	59	59	59
LOC102467079	0	59	59	59
LOC102723373	0	59	59	59
LOC102723753	0	59	59	59
LOC105371267	0	59	59	59
LOC283856	0	59	59	59
LOC388282	0	59	59	59
LOC390705	0	59	59	59
LOC643802	0	59	59	59
LONP2	0	59	59	59
LPCAT2	0	59	59	59
MIR138-2	0	59	59	59
MIR3181	0	59	59	59
MIR3935	0	59	59	59
MIR548AI	0	59	59	59
MIR6771	0	59	59	59
MIR6772	0	59	59	59
MIR6863	0	59	59	59
MMP15	0	59	59	59
MMP2	0	59	59	59
MT1A	0	59	59	59
MT1B	0	59	59	59
MT1DP	0	59	59	59
MT1E	0	59	59	59
MT1F	0	59	59	59
MT1G	0	59	59	59
MT1H	0	59	59	59
MT1IP	0	59	59	59
MT1JP	0	59	59	59
MT1L	0	59	59	59
MT1M	0	59	59	59
MT1X	0	59	59	59
MT2A	0	59	59	59
MT3	0	59	59	59
MT4	0	59	59	59
MYLK3	0	59	59	59
N4BP1	0	59	59	59
NDRG4	0	59	59	59
NETO2	0	59	59	59
NKD1	0	59	59	59
NLRC5	0	59	59	59
NOD2	0	59	59	59
NUDT21	0	59	59	59
NUP93	0	59	59	59
OGFOD1	0	59	59	59
ORC6	0	59	59	59
PAPD5	0	59	59	59
PHKB	0	59	59	59
PLLP	0	59	59	59
POLR2C	0	59	59	59
PRSS54	0	59	59	59
RBL2	0	59	59	59
RPGRIP1L	0	59	59	59
RSPRY1	0	59	59	59
SALL1	0	59	59	59
SETD6	0	59	59	59
SHCBP1	0	59	59	59
SIAH1	0	59	59	59
SLC12A3	0	59	59	59
SLC38A7	0	59	59	59
SLC6A10P	0	59	59	59
SLC6A2	0	59	59	59
SNORA46	0	59	59	59
SNORA50A	0	59	59	59
SNX20	0	59	59	59
TEPP	0	59	59	59
TOX3	0	59	59	59
TP53TG3	0	59	59	59
TP53TG3B	0	59	59	59
TP53TG3C	0	59	59	59
TP53TG3D	0	59	59	59
TP53TG3E	0	59	59	59
TP53TG3F	0	59	59	59
TP53TG3HP	0	59	59	59
UBE2MP1	0	59	59	59
USB1	0	59	59	59
VPS35	0	59	59	59
ZNF267	0	59	59	59
ZNF319	0	59	59	59
ZNF423	0	59	59	59
hsa-mir-1826	0	59	59	59
WWOX	0	57	57	57
ABCC13	0	53	53	53
ANKRD20A11P	0	53	53	53
ANKRD30BP2	0	53	53	53
BAGE	0	53	53	53
BAGE2	0	53	53	53
BAGE3	0	53	53	53
BAGE4	0	53	53	53
BTG3	0	53	53	53
C21orf140	0	53	53	53
C21orf33	0	53	53	53
C21orf91	0	53	53	53
C21orf91-OT1	0	53	53	53
CBS	0	53	53	53
CHODL	0	53	53	53
CHODL-AS1	0	53	53	53
CRYAA	0	53	53	53
CXADR	0	53	53	53
CYP4F29P	0	53	53	53
FRGCA	0	53	53	53
HSPA13	0	53	53	53
ICOSLG	0	53	53	53
KCNE1B	0	53	53	53
LINC00313	0	53	53	53
LINC00319	0	53	53	53
LINC00320	0	53	53	53
LINC01549	0	53	53	53
LIPI	0	53	53	53
LOC100507412	0	53	53	53
LOC102723360	0	53	53	53
LOC102724188	0	53	53	53
LOC102724219	0	53	53	53
LOC102724354	0	53	53	53
LOC102724428	0	53	53	53
LOC102724652	0	53	53	53
LOC102724843	0	53	53	53
LOC105372833	0	53	53	53
LOC105379511	0	53	53	53
LOC105379514	0	53	53	53
LOC388813	0	53	53	53
MGC39584	0	53	53	53
MIR125B2	0	53	53	53
MIR3118-1	0	53	53	53
MIR3156-3	0	53	53	53
MIR3648-1	0	53	53	53
MIR3687-1	0	53	53	53
MIR548X	0	53	53	53
MIR548XHG	0	53	53	53
MIR663A	0	53	53	53
MIR6724-1	0	53	53	53
MIR6724-2	0	53	53	53
MIR6724-3	0	53	53	53
MIR8069-1	0	53	53	53
MIR99A	0	53	53	53
MIR99AHG	0	53	53	53
MIRLET7C	0	53	53	53
NRIP1	0	53	53	53
POTED	0	53	53	53
PWP2	0	53	53	53
RBM11	0	53	53	53
RNA18S5	0	53	53	53
RNA28S5	0	53	53	53
RNA45S5	0	53	53	53
RNA5-8S5	0	53	53	53
SAMSN1	0	53	53	53
SAMSN1-AS1	0	53	53	53
SIK1	0	53	53	53
SMIM11A	0	53	53	53
SMIM11B	0	53	53	53
TEKT4P2	0	53	53	53
TMPRSS15	0	53	53	53
TPTE	0	53	53	53
U2AF1	0	53	53	53
U2AF1L5	0	53	53	53
USP25	0	53	53	53
ADAM6	0	52	52	52
ADSSL1	0	52	52	52
AHNAK2	0	52	52	52
AK7	0	52	52	52
AKT1	0	52	52	52
AMN	0	52	52	52
ANKRD9	0	52	52	52
APOPT1	0	52	52	52
ASB2	0	52	52	52
ASPG	0	52	52	52
ATG2B	0	52	52	52
ATXN3	0	52	52	52
BAG5	0	52	52	52
BCL11B	0	52	52	52
BDKRB1	0	52	52	52
BDKRB2	0	52	52	52
BEGAIN	0	52	52	52
BRF1	0	52	52	52
BTBD6	0	52	52	52
BTBD7	0	52	52	52
C14orf132	0	52	52	52
C14orf159	0	52	52	52
C14orf177	0	52	52	52
C14orf180	0	52	52	52
C14orf2	0	52	52	52
C14orf79	0	52	52	52
C14orf80	0	52	52	52
CATSPERB	0	52	52	52
CCDC85C	0	52	52	52
CCDC88C	0	52	52	52
CCNK	0	52	52	52
CDC42BPB	0	52	52	52
CDCA4	0	52	52	52
CEP170B	0	52	52	52
CHGA	0	52	52	52
CINP	0	52	52	52
CKB	0	52	52	52
CLMN	0	52	52	52
COX8C	0	52	52	52
CPSF2	0	52	52	52
CRIP1	0	52	52	52
CRIP2	0	52	52	52
CYP46A1	0	52	52	52
DDX24	0	52	52	52
DEGS2	0	52	52	52
DICER1	0	52	52	52
DICER1-AS1	0	52	52	52
DIO3	0	52	52	52
DIO3OS	0	52	52	52
DLK1	0	52	52	52
DYNC1H1	0	52	52	52
EIF5	0	52	52	52
ELK2AP	0	52	52	52
EML1	0	52	52	52
EVL	0	52	52	52
EXOC3L4	0	52	52	52
FAM181A	0	52	52	52
FAM181A-AS1	0	52	52	52
FAM30A	0	52	52	52
FBLN5	0	52	52	52
GLRX5	0	52	52	52
GOLGA5	0	52	52	52
GON7	0	52	52	52
GPR132	0	52	52	52
GPR68	0	52	52	52
GSC	0	52	52	52
GSKIP	0	52	52	52
HHIPL1	0	52	52	52
HSP90AA1	0	52	52	52
IFI27	0	52	52	52
IFI27L1	0	52	52	52
IFI27L2	0	52	52	52
INF2	0	52	52	52
ITPK1	0	52	52	52
ITPK1-AS1	0	52	52	52
JAG2	0	52	52	52
KIF26A	0	52	52	52
KLC1	0	52	52	52
LGMN	0	52	52	52
LINC00221	0	52	52	52
LINC00226	0	52	52	52
LINC00239	0	52	52	52
LINC00341	0	52	52	52
LINC00521	0	52	52	52
LINC00523	0	52	52	52
LINC00524	0	52	52	52
LINC00605	0	52	52	52
LINC00618	0	52	52	52
LINC00637	0	52	52	52
LINC00638	0	52	52	52
LINC00677	0	52	52	52
LINC01550	0	52	52	52
LOC100129345	0	52	52	52
LOC100507277	0	52	52	52
LOC100507437	0	52	52	52
LOC101929002	0	52	52	52
LOC101929080	0	52	52	52
LOC101929241	0	52	52	52
LOC101929634	0	52	52	52
LOC102723354	0	52	52	52
LOC105370697	0	52	52	52
LOC105378183	0	52	52	52
LOC107984640	0	52	52	52
LOC730202	0	52	52	52
MARK3	0	52	52	52
MEG3	0	52	52	52
MEG8	0	52	52	52
MEG9	0	52	52	52
MIR1185-1	0	52	52	52
MIR1185-2	0	52	52	52
MIR1193	0	52	52	52
MIR1197	0	52	52	52
MIR1247	0	52	52	52
MIR127	0	52	52	52
MIR134	0	52	52	52
MIR136	0	52	52	52
MIR151B	0	52	52	52
MIR154	0	52	52	52
MIR203A	0	52	52	52
MIR203B	0	52	52	52
MIR2392	0	52	52	52
MIR299	0	52	52	52
MIR300	0	52	52	52
MIR3173	0	52	52	52
MIR323A	0	52	52	52
MIR323B	0	52	52	52
MIR329-1	0	52	52	52
MIR329-2	0	52	52	52
MIR337	0	52	52	52
MIR342	0	52	52	52
MIR345	0	52	52	52
MIR369	0	52	52	52
MIR370	0	52	52	52
MIR376A1	0	52	52	52
MIR376A2	0	52	52	52
MIR376B	0	52	52	52
MIR376C	0	52	52	52
MIR377	0	52	52	52
MIR379	0	52	52	52
MIR380	0	52	52	52
MIR381	0	52	52	52
MIR381HG	0	52	52	52
MIR382	0	52	52	52
MIR409	0	52	52	52
MIR410	0	52	52	52
MIR411	0	52	52	52
MIR412	0	52	52	52
MIR4309	0	52	52	52
MIR431	0	52	52	52
MIR432	0	52	52	52
MIR433	0	52	52	52
MIR4506	0	52	52	52
MIR4507	0	52	52	52
MIR4537	0	52	52	52
MIR4538	0	52	52	52
MIR4539	0	52	52	52
MIR4710	0	52	52	52
MIR485	0	52	52	52
MIR487A	0	52	52	52
MIR487B	0	52	52	52
MIR493	0	52	52	52
MIR494	0	52	52	52
MIR495	0	52	52	52
MIR496	0	52	52	52
MIR5195	0	52	52	52
MIR539	0	52	52	52
MIR541	0	52	52	52
MIR543	0	52	52	52
MIR544A	0	52	52	52
MIR654	0	52	52	52
MIR655	0	52	52	52
MIR656	0	52	52	52
MIR665	0	52	52	52
MIR668	0	52	52	52
MIR6764	0	52	52	52
MIR6765	0	52	52	52
MIR758	0	52	52	52
MIR770	0	52	52	52
MIR8071-1	0	52	52	52
MIR889	0	52	52	52
MOAP1	0	52	52	52
MOK	0	52	52	52
MTA1	0	52	52	52
NDUFB1	0	52	52	52
NUDT14	0	52	52	52
OTUB2	0	52	52	52
PACS2	0	52	52	52
PAPOLA	0	52	52	52
PLD4	0	52	52	52
PPP1R13B	0	52	52	52
PPP2R5C	0	52	52	52
PPP4R3A	0	52	52	52
PPP4R4	0	52	52	52
PRIMA1	0	52	52	52
RCOR1	0	52	52	52
RD3L	0	52	52	52
RIN3	0	52	52	52
RPS6KA5	0	52	52	52
RTL1	0	52	52	52
SCARNA13	0	52	52	52
SERPINA1	0	52	52	52
SERPINA10	0	52	52	52
SERPINA11	0	52	52	52
SERPINA12	0	52	52	52
SERPINA13P	0	52	52	52
SERPINA2	0	52	52	52
SERPINA3	0	52	52	52
SERPINA4	0	52	52	52
SERPINA5	0	52	52	52
SERPINA6	0	52	52	52
SERPINA9	0	52	52	52
SETD3	0	52	52	52
SIVA1	0	52	52	52
SLC24A4	0	52	52	52
SLC25A29	0	52	52	52
SLC25A47	0	52	52	52
SNHG10	0	52	52	52
SNHG24	0	52	52	52
SNORA11B	0	52	52	52
SNORA28	0	52	52	52
SNORD112	0	52	52	52
SNORD113-1	0	52	52	52
SNORD113-2	0	52	52	52
SNORD113-3	0	52	52	52
SNORD113-4	0	52	52	52
SNORD113-5	0	52	52	52
SNORD113-6	0	52	52	52
SNORD113-7	0	52	52	52
SNORD113-8	0	52	52	52
SNORD113-9	0	52	52	52
SNORD114-1	0	52	52	52
SNORD114-10	0	52	52	52
SNORD114-11	0	52	52	52
SNORD114-12	0	52	52	52
SNORD114-13	0	52	52	52
SNORD114-14	0	52	52	52
SNORD114-15	0	52	52	52
SNORD114-16	0	52	52	52
SNORD114-17	0	52	52	52
SNORD114-18	0	52	52	52
SNORD114-19	0	52	52	52
SNORD114-2	0	52	52	52
SNORD114-20	0	52	52	52
SNORD114-21	0	52	52	52
SNORD114-22	0	52	52	52
SNORD114-23	0	52	52	52
SNORD114-24	0	52	52	52
SNORD114-25	0	52	52	52
SNORD114-26	0	52	52	52
SNORD114-27	0	52	52	52
SNORD114-28	0	52	52	52
SNORD114-29	0	52	52	52
SNORD114-3	0	52	52	52
SNORD114-30	0	52	52	52
SNORD114-31	0	52	52	52
SNORD114-4	0	52	52	52
SNORD114-5	0	52	52	52
SNORD114-6	0	52	52	52
SNORD114-7	0	52	52	52
SNORD114-8	0	52	52	52
SNORD114-9	0	52	52	52
SYNE3	0	52	52	52
TC2N	0	52	52	52
TCL1A	0	52	52	52
TCL1B	0	52	52	52
TCL6	0	52	52	52
TDRD9	0	52	52	52
TECPR2	0	52	52	52
TEX22	0	52	52	52
TMEM121	0	52	52	52
TMEM179	0	52	52	52
TMEM251	0	52	52	52
TNFAIP2	0	52	52	52
TRAF3	0	52	52	52
TRIP11	0	52	52	52
TRMT61A	0	52	52	52
TUNAR	0	52	52	52
UBR7	0	52	52	52
UNC79	0	52	52	52
VRK1	0	52	52	52
WARS	0	52	52	52
WDR20	0	52	52	52
WDR25	0	52	52	52
XRCC3	0	52	52	52
YY1	0	52	52	52
ZBTB42	0	52	52	52
ZFYVE21	0	52	52	52
ZNF839	0	52	52	52
hsa-mir-1185-2	0	52	52	52
AKAP6	51	0	51	51
AP4S1	51	0	51	51
ARHGAP5	51	0	51	51
ARHGAP5-AS1	51	0	51	51
BEST3	51	0	51	51
CCT2	51	0	51	51
CLDN14	51	0	51	51
CNOT2	51	0	51	51
COCH	51	0	51	51
CPM	51	0	51	51
CPSF6	51	0	51	51
DSCR3	51	0	51	51
DSCR9	51	0	51	51
DTD2	51	0	51	51
DYRK1A	51	0	51	51
DYRK2	51	0	51	51
ERBB2	51	0	51	51
FRS2	51	0	51	51
GPR33	51	0	51	51
HEATR5A	51	0	51	51
HECTD1	51	0	51	51
HLCS	51	0	51	51
IFNG	51	0	51	51
IFNG-AS1	51	0	51	51
IL22	51	0	51	51
IL26	51	0	51	51
KCNJ6	51	0	51	51
KCNMB4	51	0	51	51
LGR5	51	0	51	51
LINC01479	51	0	51	51
LINC01481	51	0	51	51
LOC100130075	51	0	51	51
LOC100506071	51	0	51	51
LOC100507195	51	0	51	51
LOC100507250	51	0	51	51
LOC101927124	51	0	51	51
LOC101927901	51	0	51	51
LOC101928002	51	0	51	51
LOC105372795	51	0	51	51
LRRC10	51	0	51	51
LYZ	51	0	51	51
MDM1	51	0	51	51
MDM2	51	0	51	51
MIR1279	51	0	51	51
MIR3913-1	51	0	51	51
MIR3913-2	51	0	51	51
MIR624	51	0	51	51
MRS2P2	51	0	51	51
MYRFL	51	0	51	51
NUBPL	51	0	51	51
NUP107	51	0	51	51
PIGP	51	0	51	51
PTPRB	51	0	51	51
PTPRR	51	0	51	51
RAB21	51	0	51	51
RAB3IP	51	0	51	51
RAP1B	51	0	51	51
RIPPLY3	51	0	51	51
SCFD1	51	0	51	51
SIM2	51	0	51	51
SLC35E3	51	0	51	51
SNORA70G	51	0	51	51
STRN3	51	0	51	51
TBC1D15	51	0	51	51
THAP2	51	0	51	51
TMEM19	51	0	51	51
TPH2	51	0	51	51
TRHDE	51	0	51	51
TRHDE-AS1	51	0	51	51
TSPAN8	51	0	51	51
TTC3	51	0	51	51
TTC3-AS1	51	0	51	51
YEATS4	51	0	51	51
ZFC3H1	51	0	51	51
hsa-mir-3172	51	0	51	51
ANGPTL5	49	0	49	49
B3GNTL1	0	49	49	49
BIRC2	49	0	49	49
BIRC3	49	0	49	49
C11orf70	49	0	49	49
C17orf62	0	49	49	49
CCDC57	0	49	49	49
CD7	0	49	49	49
CEP126	49	0	49	49
CSNK1D	0	49	49	49
FASN	0	49	49	49
FN3K	0	49	49	49
FN3KRP	0	49	49	49
FOXK2	0	49	49	49
HEXDC	0	49	49	49
LOC101929511	0	49	49	49
LOC101929552	0	49	49	49
METRNL	0	49	49	49
MIR4525	0	49	49	49
MIR6787	0	49	49	49
NARF	0	49	49	49
OGFOD3	0	49	49	49
RAB40B	0	49	49	49
RPL23AP87	0	49	49	49
SECTM1	0	49	49	49
SLC16A3	0	49	49	49
SNORD134	0	49	49	49
TBCD	0	49	49	49
TEX19	0	49	49	49
UTS2R	0	49	49	49
WDR45B	0	49	49	49
YAP1	49	0	49	49
ZNF750	0	49	49	49
ACAP3	0	46	46	46
ACOT7	0	46	46	46
ACTRT2	0	46	46	46
AGRN	0	46	46	46
AJAP1	0	46	46	46
ANKRD65	0	46	46	46
ARHGEF16	0	46	46	46
ATAD3A	0	46	46	46
ATAD3B	0	46	46	46
ATAD3C	0	46	46	46
AURKAIP1	0	46	46	46
B3GALT6	0	46	46	46
C1orf159	0	46	46	46
C1orf174	0	46	46	46
CALML6	0	46	46	46
CAMTA1	0	46	46	46
CCDC27	0	46	46	46
CCNL2	0	46	46	46
CDK11A	0	46	46	46
CDK11B	0	46	46	46
CEP104	0	46	46	46
CFAP74	0	46	46	46
CHD5	0	46	46	46
CPSF3L	0	46	46	46
CPTP	0	46	46	46
DDX11L1	0	46	46	46
DFFB	0	46	46	46
DNAJC11	0	46	46	46
DVL1	0	46	46	46
ESPN	0	46	46	46
FAAP20	0	46	46	46
FAM132A	0	46	46	46
FAM138A	0	46	46	46
FAM138C	0	46	46	46
FAM213B	0	46	46	46
FAM41C	0	46	46	46
FAM87B	0	46	46	46
FNDC10	0	46	46	46
GABRD	0	46	46	46
GNB1	0	46	46	46
GPR153	0	46	46	46
HES2	0	46	46	46
HES3	0	46	46	46
HES4	0	46	46	46
HES5	0	46	46	46
ICMT	0	46	46	46
ISG15	0	46	46	46
KCNAB2	0	46	46	46
KLHL17	0	46	46	46
KLHL21	0	46	46	46
LINC00115	0	46	46	46
LINC00337	0	46	46	46
LINC00982	0	46	46	46
LINC01128	0	46	46	46
LINC01134	0	46	46	46
LINC01342	0	46	46	46
LINC01346	0	46	46	46
LOC100129534	0	46	46	46
LOC100130417	0	46	46	46
LOC100132062	0	46	46	46
LOC100133331	0	46	46	46
LOC100288069	0	46	46	46
LOC100505887	0	46	46	46
LOC100996583	0	46	46	46
LOC101928626	0	46	46	46
LOC102724312	0	46	46	46
LOC102724450	0	46	46	46
LOC105378591	0	46	46	46
LOC115110	0	46	46	46
LOC148413	0	46	46	46
LOC284661	0	46	46	46
LOC729737	0	46	46	46
LRRC47	0	46	46	46
MEGF6	0	46	46	46
MIB2	0	46	46	46
MIR200A	0	46	46	46
MIR200B	0	46	46	46
MIR4251	0	46	46	46
MIR4252	0	46	46	46
MIR429	0	46	46	46
MIR4417	0	46	46	46
MIR4689	0	46	46	46
MIR551A	0	46	46	46
MIR6723	0	46	46	46
MIR6726	0	46	46	46
MIR6727	0	46	46	46
MIR6808	0	46	46	46
MMEL1	0	46	46	46
MMP23A	0	46	46	46
MMP23B	0	46	46	46
MORN1	0	46	46	46
MRPL20	0	46	46	46
MXRA8	0	46	46	46
NADK	0	46	46	46
NOC2L	0	46	46	46
NOL9	0	46	46	46
NPHP4	0	46	46	46
OR4F16	0	46	46	46
OR4F29	0	46	46	46
OR4F5	0	46	46	46
PANK4	0	46	46	46
PERM1	0	46	46	46
PEX10	0	46	46	46
PHF13	0	46	46	46
PLCH2	0	46	46	46
PLEKHG5	0	46	46	46
PLEKHN1	0	46	46	46
PRDM16	0	46	46	46
PRKCZ	0	46	46	46
PUSL1	0	46	46	46
RER1	0	46	46	46
RNF207	0	46	46	46
RNF223	0	46	46	46
RPL22	0	46	46	46
SAMD11	0	46	46	46
SCNN1D	0	46	46	46
SDF4	0	46	46	46
SKI	0	46	46	46
SLC35E2	0	46	46	46
SLC35E2B	0	46	46	46
SMIM1	0	46	46	46
SSU72	0	46	46	46
TAS1R1	0	46	46	46
TAS1R3	0	46	46	46
THAP3	0	46	46	46
TMEM240	0	46	46	46
TMEM52	0	46	46	46
TMEM88B	0	46	46	46
TNFRSF14	0	46	46	46
TNFRSF18	0	46	46	46
TNFRSF25	0	46	46	46
TNFRSF4	0	46	46	46
TP73	0	46	46	46
TP73-AS1	0	46	46	46
TPRG1L	0	46	46	46
TTC34	0	46	46	46
TTLL10	0	46	46	46
UBE2J2	0	46	46	46
VWA1	0	46	46	46
WASH7P	0	46	46	46
WRAP73	0	46	46	46
ZBTB48	0	46	46	46
hsa-mir-551a	0	46	46	46
MACROD2-AS1	0	44	44	44
MACROD2-IT1	0	44	44	44
ACOT13	0	43	43	43
ADTRP	0	43	43	43
ALDH5A1	0	43	43	43
ATXN1	0	43	43	43
BLOC1S5	0	43	43	43
BLOC1S5-TXNDC5	0	43	43	43
BMP6	0	43	43	43
BPHL	0	43	43	43
C6orf201	0	43	43	43
C6orf229	0	43	43	43
C6orf52	0	43	43	43
C6orf62	0	43	43	43
CAGE1	0	43	43	43
CAP2	0	43	43	43
CASC15	0	43	43	43
CD83	0	43	43	43
CDKAL1	0	43	43	43
CDYL	0	43	43	43
DCDC2	0	43	43	43
DEK	0	43	43	43
DSP	0	43	43	43
DTNBP1	0	43	43	43
DUSP22	0	43	43	43
E2F3	0	43	43	43
ECI2	0	43	43	43
EDN1	0	43	43	43
EEF1E1	0	43	43	43
EEF1E1-BLOC1S5	0	43	43	43
ELOVL2	0	43	43	43
ELOVL2-AS1	0	43	43	43
ERVFRD-1	0	43	43	43
EXOC2	0	43	43	43
F13A1	0	43	43	43
FAM217A	0	43	43	43
FAM50B	0	43	43	43
FAM65B	0	43	43	43
FAM8A1	0	43	43	43
FARS2	0	43	43	43
FOXC1	0	43	43	43
FOXCUT	0	43	43	43
FOXF2	0	43	43	43
FOXQ1	0	43	43	43
GCM2	0	43	43	43
GCNT2	0	43	43	43
GFOD1	0	43	43	43
GMDS	0	43	43	43
GMDS-AS1	0	43	43	43
GMNN	0	43	43	43
GMPR	0	43	43	43
GPLD1	0	43	43	43
HDGFL1	0	43	43	43
HIVEP1	0	43	43	43
HTATSF1P2	0	43	43	43
HULC	0	43	43	43
HUS1B	0	43	43	43
ID4	0	43	43	43
IRF4	0	43	43	43
JARID2	0	43	43	43
JARID2-AS1	0	43	43	43
KAAG1	0	43	43	43
KDM1B	0	43	43	43
KIAA0319	0	43	43	43
KIF13A	0	43	43	43
KU-MEL-3	0	43	43	43
LINC00266-3	0	43	43	43
LINC00518	0	43	43	43
LINC00581	0	43	43	43
LINC01011	0	43	43	43
LINC01108	0	43	43	43
LINC01600	0	43	43	43
LINC01622	0	43	43	43
LOC100130357	0	43	43	43
LOC100506207	0	43	43	43
LOC100506885	0	43	43	43
LOC100507194	0	43	43	43
LOC100507506	0	43	43	43
LOC101927691	0	43	43	43
LOC101927730	0	43	43	43
LOC101927759	0	43	43	43
LOC101927950	0	43	43	43
LOC101927972	0	43	43	43
LOC101928191	0	43	43	43
LOC101928253	0	43	43	43
LOC101928433	0	43	43	43
LOC101928491	0	43	43	43
LOC101928519	0	43	43	43
LOC102724096	0	43	43	43
LOC105374952	0	43	43	43
LOC105374960	0	43	43	43
LOC105374972	0	43	43	43
LOC285766	0	43	43	43
LY86	0	43	43	43
LY86-AS1	0	43	43	43
LYRM4	0	43	43	43
LYRM4-AS1	0	43	43	43
MAK	0	43	43	43
MBOAT1	0	43	43	43
MCUR1	0	43	43	43
MIR3691	0	43	43	43
MIR4639	0	43	43	43
MIR4645	0	43	43	43
MIR548A1	0	43	43	43
MIR5683	0	43	43	43
MIR5689	0	43	43	43
MIR5689HG	0	43	43	43
MIR6720	0	43	43	43
MIR7853	0	43	43	43
MRS2	0	43	43	43
MYLIP	0	43	43	43
MYLK4	0	43	43	43
NBAT1	0	43	43	43
NEDD9	0	43	43	43
NHLRC1	0	43	43	43
NOL7	0	43	43	43
NQO2	0	43	43	43
NRN1	0	43	43	43
NRSN1	0	43	43	43
NUP153	0	43	43	43
PAK1IP1	0	43	43	43
PHACTR1	0	43	43	43
PIP5K1P1	0	43	43	43
PPP1R3G	0	43	43	43
PRL	0	43	43	43
PRPF4B	0	43	43	43
PSMG4	0	43	43	43
PXDC1	0	43	43	43
RANBP9	0	43	43	43
RBM24	0	43	43	43
RIOK1	0	43	43	43
RIPK1	0	43	43	43
RNF144B	0	43	43	43
RNF182	0	43	43	43
RPP40	0	43	43	43
RREB1	0	43	43	43
SCARNA27	0	43	43	43
SERPINB1	0	43	43	43
SERPINB6	0	43	43	43
SERPINB9	0	43	43	43
SERPINB9P1	0	43	43	43
SIRT5	0	43	43	43
SLC22A23	0	43	43	43
SLC35B3	0	43	43	43
SMIM13	0	43	43	43
SNRNP48	0	43	43	43
SOX4	0	43	43	43
SSR1	0	43	43	43
STMND1	0	43	43	43
SYCP2L	0	43	43	43
TBC1D7	0	43	43	43
TBC1D7-LOC100130357	0	43	43	43
TDP2	0	43	43	43
TFAP2A	0	43	43	43
TFAP2A-AS1	0	43	43	43
TMEM14B	0	43	43	43
TMEM14C	0	43	43	43
TMEM170B	0	43	43	43
TPMT	0	43	43	43
TUBB2A	0	43	43	43
TUBB2B	0	43	43	43
TXNDC5	0	43	43	43
WRNIP1	0	43	43	43
ANO1	42	0	42	42
ANO1-AS2	42	0	42	42
CCND1	42	0	42	42
CTTN	42	0	42	42
FADD	42	0	42	42
FGF19	42	0	42	42
FGF3	42	0	42	42
FGF4	42	0	42	42
LINC01488	42	0	42	42
LOC101928443	42	0	42	42
MIR548K	42	0	42	42
ORAOV1	42	0	42	42
PPFIA1	42	0	42	42
SHANK2	42	0	42	42
ACPT	0	40	40	40
ADM5	0	40	40	40
AKT1S1	0	40	40	40
ALDH16A1	0	40	40	40
AP2A1	0	40	40	40
AP2S1	0	40	40	40
ARHGAP35	0	40	40	40
ASPDH	0	40	40	40
ATF5	0	40	40	40
BAX	0	40	40	40
BBC3	0	40	40	40
BCAT2	0	40	40	40
BCL2L12	0	40	40	40
BHMG1	0	40	40	40
BIRC8	0	40	40	40
BSPH1	0	40	40	40
C19orf48	0	40	40	40
C19orf68	0	40	40	40
C19orf73	0	40	40	40
C19orf81	0	40	40	40
C19orf84	0	40	40	40
C5AR1	0	40	40	40
C5AR2	0	40	40	40
CA11	0	40	40	40
CABP5	0	40	40	40
CALM3	0	40	40	40
CARD8	0	40	40	40
CARD8-AS1	0	40	40	40
CCDC114	0	40	40	40
CCDC155	0	40	40	40
CCDC61	0	40	40	40
CCDC8	0	40	40	40
CCDC9	0	40	40	40
CD33	0	40	40	40
CD37	0	40	40	40
CEACAM18	0	40	40	40
CGB1	0	40	40	40
CGB2	0	40	40	40
CGB3	0	40	40	40
CGB5	0	40	40	40
CGB7	0	40	40	40
CGB8	0	40	40	40
CLDND2	0	40	40	40
CLEC11A	0	40	40	40
CPT1C	0	40	40	40
CRX	0	40	40	40
CTU1	0	40	40	40
CYTH2	0	40	40	40
DACT3	0	40	40	40
DACT3-AS1	0	40	40	40
DBP	0	40	40	40
DHDH	0	40	40	40
DHX34	0	40	40	40
DKKL1	0	40	40	40
DMPK	0	40	40	40
DMWD	0	40	40	40
EHD2	0	40	40	40
ELSPBP1	0	40	40	40
EMC10	0	40	40	40
EML2	0	40	40	40
EML2-AS1	0	40	40	40
EMP3	0	40	40	40
ERVV-1	0	40	40	40
ERVV-2	0	40	40	40
ETFB	0	40	40	40
FAM71E1	0	40	40	40
FAM83E	0	40	40	40
FAM90A27P	0	40	40	40
FBXO46	0	40	40	40
FCGRT	0	40	40	40
FGF21	0	40	40	40
FKRP	0	40	40	40
FLT3LG	0	40	40	40
FOSB	0	40	40	40
FOXA3	0	40	40	40
FPR1	0	40	40	40
FPR2	0	40	40	40
FPR3	0	40	40	40
FTL	0	40	40	40
FUT1	0	40	40	40
FUT2	0	40	40	40
FUZ	0	40	40	40
GFY	0	40	40	40
GIPR	0	40	40	40
GLTSCR1	0	40	40	40
GLTSCR2	0	40	40	40
GLTSCR2-AS1	0	40	40	40
GNG8	0	40	40	40
GPR32	0	40	40	40
GPR4	0	40	40	40
GRIN2D	0	40	40	40
GRWD1	0	40	40	40
GYS1	0	40	40	40
HAS1	0	40	40	40
HIF3A	0	40	40	40
HRC	0	40	40	40
HSD17B14	0	40	40	40
IGFL1	0	40	40	40
IGFL2	0	40	40	40
IGFL3	0	40	40	40
IGFL4	0	40	40	40
IGLON5	0	40	40	40
IL4I1	0	40	40	40
INAFM1	0	40	40	40
IRF2BP1	0	40	40	40
IRF3	0	40	40	40
IZUMO1	0	40	40	40
IZUMO2	0	40	40	40
JOSD2	0	40	40	40
KCNA7	0	40	40	40
KCNC3	0	40	40	40
KCNJ14	0	40	40	40
KDELR1	0	40	40	40
KLK1	0	40	40	40
KLK10	0	40	40	40
KLK11	0	40	40	40
KLK12	0	40	40	40
KLK13	0	40	40	40
KLK14	0	40	40	40
KLK15	0	40	40	40
KLK2	0	40	40	40
KLK3	0	40	40	40
KLK4	0	40	40	40
KLK5	0	40	40	40
KLK6	0	40	40	40
KLK7	0	40	40	40
KLK8	0	40	40	40
KLK9	0	40	40	40
KLKP1	0	40	40	40
KPTN	0	40	40	40
LHB	0	40	40	40
LIG1	0	40	40	40
LIM2	0	40	40	40
LIN7B	0	40	40	40
LINC01530	0	40	40	40
LMTK3	0	40	40	40
LOC100129083	0	40	40	40
LOC101059948	0	40	40	40
LOC101928295	0	40	40	40
LOC101928517	0	40	40	40
LOC105372440	0	40	40	40
LOC105372441	0	40	40	40
LOC105372444	0	40	40	40
LOC105447645	0	40	40	40
LOC400706	0	40	40	40
LOC400710	0	40	40	40
LOC645553	0	40	40	40
LOC93429	0	40	40	40
LRRC4B	0	40	40	40
MAMSTR	0	40	40	40
MED25	0	40	40	40
MEIS3	0	40	40	40
MGC45922	0	40	40	40
MIR125A	0	40	40	40
MIR150	0	40	40	40
MIR3190	0	40	40	40
MIR3191	0	40	40	40
MIR320E	0	40	40	40
MIR330	0	40	40	40
MIR4324	0	40	40	40
MIR4749	0	40	40	40
MIR4750	0	40	40	40
MIR4751	0	40	40	40
MIR5088	0	40	40	40
MIR6088	0	40	40	40
MIR642A	0	40	40	40
MIR642B	0	40	40	40
MIR643	0	40	40	40
MIR6798	0	40	40	40
MIR6799	0	40	40	40
MIR6800	0	40	40	40
MIR6801	0	40	40	40
MIR769	0	40	40	40
MIR8074	0	40	40	40
MIR99B	0	40	40	40
MIRLET7E	0	40	40	40
MYBPC2	0	40	40	40
MYH14	0	40	40	40
MYPOP	0	40	40	40
NANOS2	0	40	40	40
NAPA	0	40	40	40
NAPA-AS1	0	40	40	40
NAPSA	0	40	40	40
NAPSB	0	40	40	40
NKG7	0	40	40	40
NOSIP	0	40	40	40
NOVA2	0	40	40	40
NPAS1	0	40	40	40
NR1H2	0	40	40	40
NTF4	0	40	40	40
NTN5	0	40	40	40
NUCB1	0	40	40	40
NUCB1-AS1	0	40	40	40
NUP62	0	40	40	40
OPA3	0	40	40	40
PGLYRP1	0	40	40	40
PIH1D1	0	40	40	40
PLA2G4C	0	40	40	40
PLA2G4C-AS1	0	40	40	40
PLEKHA4	0	40	40	40
PNKP	0	40	40	40
PNMAL1	0	40	40	40
PNMAL2	0	40	40	40
POLD1	0	40	40	40
PPFIA3	0	40	40	40
PPM1N	0	40	40	40
PPP1R15A	0	40	40	40
PPP2R1A	0	40	40	40
PPP5C	0	40	40	40
PPP5D1	0	40	40	40
PRKD2	0	40	40	40
PRMT1	0	40	40	40
PRR12	0	40	40	40
PRRG2	0	40	40	40
PTGIR	0	40	40	40
PTH2	0	40	40	40
PTOV1	0	40	40	40
PTOV1-AS1	0	40	40	40
PTOV1-AS2	0	40	40	40
QPCTL	0	40	40	40
RASIP1	0	40	40	40
RCN3	0	40	40	40
RPL13A	0	40	40	40
RPL18	0	40	40	40
RPS11	0	40	40	40
RRAS	0	40	40	40
RSPH6A	0	40	40	40
RTN2	0	40	40	40
RUVBL2	0	40	40	40
SAE1	0	40	40	40
SCAF1	0	40	40	40
SEC1P	0	40	40	40
SEPW1	0	40	40	40
SHANK1	0	40	40	40
SIGLEC10	0	40	40	40
SIGLEC11	0	40	40	40
SIGLEC12	0	40	40	40
SIGLEC14	0	40	40	40
SIGLEC16	0	40	40	40
SIGLEC17P	0	40	40	40
SIGLEC5	0	40	40	40
SIGLEC6	0	40	40	40
SIGLEC7	0	40	40	40
SIGLEC8	0	40	40	40
SIGLEC9	0	40	40	40
SIGLECL1	0	40	40	40
SIX5	0	40	40	40
SLC17A7	0	40	40	40
SLC1A5	0	40	40	40
SLC6A16	0	40	40	40
SLC8A2	0	40	40	40
SNAR-A1	0	40	40	40
SNAR-A10	0	40	40	40
SNAR-A11	0	40	40	40
SNAR-A12	0	40	40	40
SNAR-A14	0	40	40	40
SNAR-A3	0	40	40	40
SNAR-A4	0	40	40	40
SNAR-A5	0	40	40	40
SNAR-A6	0	40	40	40
SNAR-A7	0	40	40	40
SNAR-A8	0	40	40	40
SNAR-B1	0	40	40	40
SNAR-C1	0	40	40	40
SNAR-C2	0	40	40	40
SNAR-C3	0	40	40	40
SNAR-C4	0	40	40	40
SNAR-D	0	40	40	40
SNAR-E	0	40	40	40
SNAR-F	0	40	40	40
SNAR-G1	0	40	40	40
SNAR-G2	0	40	40	40
SNORD23	0	40	40	40
SNORD32A	0	40	40	40
SNORD33	0	40	40	40
SNORD34	0	40	40	40
SNORD35A	0	40	40	40
SNORD35B	0	40	40	40
SNORD88A	0	40	40	40
SNORD88B	0	40	40	40
SNORD88C	0	40	40	40
SNRNP70	0	40	40	40
SNRPD2	0	40	40	40
SPACA4	0	40	40	40
SPACA6	0	40	40	40
SPACA6P-AS	0	40	40	40
SPHK2	0	40	40	40
SPIB	0	40	40	40
STRN4	0	40	40	40
SULT2A1	0	40	40	40
SULT2B1	0	40	40	40
SYMPK	0	40	40	40
SYNGR4	0	40	40	40
SYT3	0	40	40	40
TBC1D17	0	40	40	40
TEAD2	0	40	40	40
TMEM143	0	40	40	40
TMEM160	0	40	40	40
TPRX1	0	40	40	40
TRPM4	0	40	40	40
TSKS	0	40	40	40
TULP2	0	40	40	40
VASP	0	40	40	40
VN1R2	0	40	40	40
VN1R4	0	40	40	40
VRK3	0	40	40	40
VSIG10L	0	40	40	40
ZC3H4	0	40	40	40
ZNF114	0	40	40	40
ZNF137P	0	40	40	40
ZNF160	0	40	40	40
ZNF175	0	40	40	40
ZNF28	0	40	40	40
ZNF320	0	40	40	40
ZNF321P	0	40	40	40
ZNF347	0	40	40	40
ZNF350	0	40	40	40
ZNF350-AS1	0	40	40	40
ZNF415	0	40	40	40
ZNF432	0	40	40	40
ZNF468	0	40	40	40
ZNF473	0	40	40	40
ZNF480	0	40	40	40
ZNF528	0	40	40	40
ZNF528-AS1	0	40	40	40
ZNF534	0	40	40	40
ZNF541	0	40	40	40
ZNF577	0	40	40	40
ZNF578	0	40	40	40
ZNF600	0	40	40	40
ZNF610	0	40	40	40
ZNF611	0	40	40	40
ZNF613	0	40	40	40
ZNF614	0	40	40	40
ZNF615	0	40	40	40
ZNF616	0	40	40	40
ZNF649	0	40	40	40
ZNF649-AS1	0	40	40	40
ZNF665	0	40	40	40
ZNF677	0	40	40	40
ZNF701	0	40	40	40
ZNF702P	0	40	40	40
ZNF766	0	40	40	40
ZNF808	0	40	40	40
ZNF816	0	40	40	40
ZNF816-ZNF321P	0	40	40	40
ZNF818P	0	40	40	40
ZNF83	0	40	40	40
ZNF836	0	40	40	40
ZNF841	0	40	40	40
ZNF880	0	40	40	40
ZNF888	0	40	40	40
hsa-mir-220c	0	40	40	40
hsa-mir-643	0	40	40	40
CALR	39	0	39	39
DNASE2	39	0	39	39
FARSA	39	0	39	39
GADD45GIP1	39	0	39	39
GCDH	39	0	39	39
JUNB	39	0	39	39
KLF1	39	0	39	39
MAST1	39	0	39	39
MIR5695	39	0	39	39
MIR6515	39	0	39	39
MIR6794	39	0	39	39
PRDX2	39	0	39	39
RAD23A	39	0	39	39
RNASEH2A	39	0	39	39
RTBDN	39	0	39	39
SYCE2	39	0	39	39
ACTG1P20	0	38	38	38
AHDC1	0	38	38	38
AIM1L	0	38	38	38
ARID1A	0	38	38	38
ATPIF1	0	38	38	38
AUNIP	0	38	38	38
CATSPER4	0	38	38	38
CD164L2	0	38	38	38
CD52	0	38	38	38
CEP85	0	38	38	38
CNKSR1	0	38	38	38
DHDDS	0	38	38	38
DNAJC8	0	38	38	38
EPB41	0	38	38	38
EXTL1	0	38	38	38
EYA3	0	38	38	38
FAM110D	0	38	38	38
FAM46B	0	38	38	38
FAM76A	0	38	38	38
FCN3	0	38	38	38
FGR	0	38	38	38
GMEB1	0	38	38	38
GPATCH3	0	38	38	38
GPN2	0	38	38	38
GPR3	0	38	38	38
HMGN2	0	38	38	38
IFI6	0	38	38	38
KDF1	0	38	38	38
LDLRAP1	0	38	38	38
LIN28A	0	38	38	38
LOC101928303	0	38	38	38
LOC101928324	0	38	38	38
LOC101928728	0	38	38	38
LOC646471	0	38	38	38
MAN1C1	0	38	38	38
MAP3K6	0	38	38	38
MED18	0	38	38	38
MIR1976	0	38	38	38
MIR3917	0	38	38	38
MTFR1L	0	38	38	38
NR0B2	0	38	38	38
NUDC	0	38	38	38
OPRD1	0	38	38	38
PAFAH2	0	38	38	38
PAQR7	0	38	38	38
PDIK1L	0	38	38	38
PHACTR4	0	38	38	38
PIGV	0	38	38	38
PPP1R8	0	38	38	38
PTAFR	0	38	38	38
RAB42	0	38	38	38
RCC1	0	38	38	38
RNU11	0	38	38	38
RPA2	0	38	38	38
RPS6KA1	0	38	38	38
SCARNA1	0	38	38	38
SEPN1	0	38	38	38
SESN2	0	38	38	38
SFN	0	38	38	38
SH3BGRL3	0	38	38	38
SLC30A2	0	38	38	38
SLC9A1	0	38	38	38
SMPDL3B	0	38	38	38
SNHG12	0	38	38	38
SNHG3	0	38	38	38
SNORA16A	0	38	38	38
SNORA44	0	38	38	38
SNORA61	0	38	38	38
SNORA73A	0	38	38	38
SNORA73B	0	38	38	38
SNORD99	0	38	38	38
STMN1	0	38	38	38
STX12	0	38	38	38
SYTL1	0	38	38	38
TAF12	0	38	38	38
THEMIS2	0	38	38	38
TMEM200B	0	38	38	38
TMEM222	0	38	38	38
TMEM57	0	38	38	38
TRIM63	0	38	38	38
TRNAU1AP	0	38	38	38
TRNP1	0	38	38	38
UBXN11	0	38	38	38
WASF2	0	38	38	38
WDTC1	0	38	38	38
XKR8	0	38	38	38
YTHDF2	0	38	38	38
ZDHHC18	0	38	38	38
ZNF593	0	38	38	38
ZNF683	0	38	38	38
AOX1	37	0	37	37
AOX3P-AOX2P	37	0	37	37
BZW1	37	0	37	37
C2orf47	37	0	37	37
C2orf69	37	0	37	37
CFLAR	37	0	37	37
CFLAR-AS1	37	0	37	37
CLK1	37	0	37	37
FAM126B	37	0	37	37
KCTD18	37	0	37	37
LOC100507140	37	0	37	37
LOC101927795	37	0	37	37
NDUFB3	37	0	37	37
NIF3L1	37	0	37	37
ORC2	37	0	37	37
PPIL3	37	0	37	37
SGO2	37	0	37	37
SPATS2L	37	0	37	37
TYW5	37	0	37	37
ABCA4	0	36	36	36
ABCD3	0	36	36	36
ACP6	0	36	36	36
ACTG1P4	0	36	36	36
ADAM30	0	36	36	36
ADORA3	0	36	36	36
AGL	0	36	36	36
AHCYL1	0	36	36	36
AKNAD1	0	36	36	36
AKR7A2P1	0	36	36	36
ALG14	0	36	36	36
ALX3	0	36	36	36
AMIGO1	0	36	36	36
AMPD1	0	36	36	36
AMPD2	0	36	36	36
AMY1A	0	36	36	36
AMY1B	0	36	36	36
AMY1C	0	36	36	36
AMY2A	0	36	36	36
AMY2B	0	36	36	36
ANKRD34A	0	36	36	36
ANKRD35	0	36	36	36
AP4B1	0	36	36	36
AP4B1-AS1	0	36	36	36
ARHGAP29	0	36	36	36
ATP1A1	0	36	36	36
ATP1A1-AS1	0	36	36	36
ATP5F1	0	36	36	36
ATXN7L2	0	36	36	36
BCAR3	0	36	36	36
BCAS2	0	36	36	36
BCL2L15	0	36	36	36
BCL9	0	36	36	36
BOLA1	0	36	36	36
C1orf137	0	36	36	36
C1orf162	0	36	36	36
C1orf194	0	36	36	36
CAPZA1	0	36	36	36
CASQ2	0	36	36	36
CD101	0	36	36	36
CD160	0	36	36	36
CD2	0	36	36	36
CD53	0	36	36	36
CD58	0	36	36	36
CDC14A	0	36	36	36
CELSR2	0	36	36	36
CEPT1	0	36	36	36
CH17-408M7.1	0	36	36	36
CHD1L	0	36	36	36
CHI3L2	0	36	36	36
CHIA	0	36	36	36
CHIAP2	0	36	36	36
CLCC1	0	36	36	36
CNN3	0	36	36	36
COL11A1	0	36	36	36
CSDE1	0	36	36	36
CSF1	0	36	36	36
CTTNBP2NL	0	36	36	36
CYB561D1	0	36	36	36
CYMP	0	36	36	36
DBT	0	36	36	36
DCLRE1B	0	36	36	36
DDX20	0	36	36	36
DENND2C	0	36	36	36
DENND2D	0	36	36	36
DNAJA1P5	0	36	36	36
DNTTIP2	0	36	36	36
DPH5	0	36	36	36
DPYD	0	36	36	36
DPYD-AS1	0	36	36	36
DPYD-AS2	0	36	36	36
DRAM2	0	36	36	36
DRD5P2	0	36	36	36
EMBP1	0	36	36	36
EPS8L3	0	36	36	36
EXTL2	0	36	36	36
F3	0	36	36	36
FAM102B	0	36	36	36
FAM19A3	0	36	36	36
FAM212B	0	36	36	36
FAM212B-AS1	0	36	36	36
FAM231D	0	36	36	36
FAM46C	0	36	36	36
FAM72B	0	36	36	36
FAM72C	0	36	36	36
FAM72D	0	36	36	36
FCGR1A	0	36	36	36
FCGR1B	0	36	36	36
FCGR1CP	0	36	36	36
FLJ31662	0	36	36	36
FMO5	0	36	36	36
FNDC7	0	36	36	36
FRRS1	0	36	36	36
GCLM	0	36	36	36
GDAP2	0	36	36	36
GJA5	0	36	36	36
GJA8	0	36	36	36
GNAI3	0	36	36	36
GNAT2	0	36	36	36
GNRHR2	0	36	36	36
GPR61	0	36	36	36
GPR88	0	36	36	36
GPR89A	0	36	36	36
GPR89B	0	36	36	36
GPSM2	0	36	36	36
GSTM1	0	36	36	36
GSTM2	0	36	36	36
GSTM3	0	36	36	36
GSTM4	0	36	36	36
GSTM5	0	36	36	36
HAO2	0	36	36	36
HAO2-IT1	0	36	36	36
HENMT1	0	36	36	36
HFE2	0	36	36	36
HIPK1	0	36	36	36
HIPK1-AS1	0	36	36	36
HIST2H2AA3	0	36	36	36
HIST2H2AB	0	36	36	36
HIST2H2AC	0	36	36	36
HIST2H2BA	0	36	36	36
HIST2H2BC	0	36	36	36
HIST2H2BE	0	36	36	36
HIST2H2BF	0	36	36	36
HIST2H3A	0	36	36	36
HIST2H3D	0	36	36	36
HIST2H4A	0	36	36	36
HMGCS2	0	36	36	36
HSD3B1	0	36	36	36
HSD3B2	0	36	36	36
HSD3BP4	0	36	36	36
HYDIN2	0	36	36	36
IGSF3	0	36	36	36
ITGA10	0	36	36	36
KCNA10	0	36	36	36
KCNA2	0	36	36	36
KCNA3	0	36	36	36
KCNC4	0	36	36	36
KCNC4-AS1	0	36	36	36
KCND3	0	36	36	36
KCND3-AS1	0	36	36	36
KCND3-IT1	0	36	36	36
KIAA1324	0	36	36	36
LAMTOR5	0	36	36	36
LAMTOR5-AS1	0	36	36	36
LINC00622	0	36	36	36
LINC00623	0	36	36	36
LINC00624	0	36	36	36
LINC00869	0	36	36	36
LINC01057	0	36	36	36
LINC01138	0	36	36	36
LINC01160	0	36	36	36
LINC01307	0	36	36	36
LINC01349	0	36	36	36
LINC01356	0	36	36	36
LINC01397	0	36	36	36
LINC01525	0	36	36	36
LIX1L	0	36	36	36
LOC100129046	0	36	36	36
LOC100129138	0	36	36	36
LOC100129620	0	36	36	36
LOC100132057	0	36	36	36
LOC100505824	0	36	36	36
LOC100996251	0	36	36	36
LOC100996263	0	36	36	36
LOC100996630	0	36	36	36
LOC100996635	0	36	36	36
LOC101927429	0	36	36	36
LOC101927468	0	36	36	36
LOC101928098	0	36	36	36
LOC101928118	0	36	36	36
LOC101928241	0	36	36	36
LOC101928270	0	36	36	36
LOC101928370	0	36	36	36
LOC101928436	0	36	36	36
LOC101928476	0	36	36	36
LOC101928718	0	36	36	36
LOC101928977	0	36	36	36
LOC101928979	0	36	36	36
LOC101928995	0	36	36	36
LOC101929023	0	36	36	36
LOC101929099	0	36	36	36
LOC101929147	0	36	36	36
LOC101929798	0	36	36	36
LOC102606465	0	36	36	36
LOC102723661	0	36	36	36
LOC103091866	0	36	36	36
LOC105378933	0	36	36	36
LOC388692	0	36	36	36
LOC440600	0	36	36	36
LOC440602	0	36	36	36
LOC643355	0	36	36	36
LOC643441	0	36	36	36
LOC645166	0	36	36	36
LOC728989	0	36	36	36
LOC729970	0	36	36	36
LOC729987	0	36	36	36
LRIF1	0	36	36	36
LRIG2	0	36	36	36
LRRC39	0	36	36	36
MAB21L3	0	36	36	36
MAGI3	0	36	36	36
MAN1A2	0	36	36	36
MFSD14A	0	36	36	36
MIR137	0	36	36	36
MIR137HG	0	36	36	36
MIR197	0	36	36	36
MIR2682	0	36	36	36
MIR320B1	0	36	36	36
MIR378G	0	36	36	36
MIR4256	0	36	36	36
MIR5087	0	36	36	36
MIR548AC	0	36	36	36
MIR548N	0	36	36	36
MIR553	0	36	36	36
MIR6077	0	36	36	36
MIR6736	0	36	36	36
MIR760	0	36	36	36
MIR7852	0	36	36	36
MIR942	0	36	36	36
MOV10	0	36	36	36
MYBPHL	0	36	36	36
NBPF10	0	36	36	36
NBPF11	0	36	36	36
NBPF12	0	36	36	36
NBPF13P	0	36	36	36
NBPF14	0	36	36	36
NBPF15	0	36	36	36
NBPF20	0	36	36	36
NBPF25P	0	36	36	36
NBPF4	0	36	36	36
NBPF6	0	36	36	36
NBPF7	0	36	36	36
NBPF8	0	36	36	36
NBPF9	0	36	36	36
NGF	0	36	36	36
NHLH2	0	36	36	36
NOTCH2	0	36	36	36
NOTCH2NL	0	36	36	36
NRAS	0	36	36	36
NTNG1	0	36	36	36
NUDT17	0	36	36	36
NUDT4P1	0	36	36	36
NUDT4P2	0	36	36	36
OLFM3	0	36	36	36
OLFML3	0	36	36	36
OVGP1	0	36	36	36
PALMD	0	36	36	36
PDE4DIP	0	36	36	36
PDIA3P1	0	36	36	36
PDZK1	0	36	36	36
PDZK1P1	0	36	36	36
PEX11B	0	36	36	36
PFN1P2	0	36	36	36
PGCP1	0	36	36	36
PHGDH	0	36	36	36
PHTF1	0	36	36	36
PIAS3	0	36	36	36
PIFO	0	36	36	36
PLPPR4	0	36	36	36
PLPPR5	0	36	36	36
POLR3C	0	36	36	36
POLR3GL	0	36	36	36
PPIAL4A	0	36	36	36
PPIAL4C	0	36	36	36
PPIAL4D	0	36	36	36
PPIAL4E	0	36	36	36
PPIAL4G	0	36	36	36
PPM1J	0	36	36	36
PRKAB2	0	36	36	36
PRMT6	0	36	36	36
PROK1	0	36	36	36
PRPF38B	0	36	36	36
PSMA5	0	36	36	36
PSRC1	0	36	36	36
PTBP2	0	36	36	36
PTGFRN	0	36	36	36
PTPN22	0	36	36	36
RAP1A	0	36	36	36
RBM15	0	36	36	36
RBM8A	0	36	36	36
REG4	0	36	36	36
RHOC	0	36	36	36
RNF115	0	36	36	36
RNPC3	0	36	36	36
RNVU1-1	0	36	36	36
RNVU1-14	0	36	36	36
RNVU1-15	0	36	36	36
RNVU1-17	0	36	36	36
RNVU1-19	0	36	36	36
RNVU1-20	0	36	36	36
RNVU1-3	0	36	36	36
RNVU1-4	0	36	36	36
RNVU1-6	0	36	36	36
RNVU1-7	0	36	36	36
RNVU1-8	0	36	36	36
RSBN1	0	36	36	36
RTCA	0	36	36	36
RTCA-AS1	0	36	36	36
RWDD3	0	36	36	36
S1PR1	0	36	36	36
SARS	0	36	36	36
SASS6	0	36	36	36
SCARNA2	0	36	36	36
SEC22B	0	36	36	36
SIKE1	0	36	36	36
SLC16A1	0	36	36	36
SLC16A1-AS1	0	36	36	36
SLC16A4	0	36	36	36
SLC22A15	0	36	36	36
SLC25A24	0	36	36	36
SLC30A7	0	36	36	36
SLC35A3	0	36	36	36
SLC44A3	0	36	36	36
SLC6A17	0	36	36	36
SNX7	0	36	36	36
SORT1	0	36	36	36
SPAG17	0	36	36	36
SPATA42	0	36	36	36
SRGAP2-AS1	0	36	36	36
SRGAP2B	0	36	36	36
SRGAP2C	0	36	36	36
SRGAP2D	0	36	36	36
ST7L	0	36	36	36
STRIP1	0	36	36	36
STXBP3	0	36	36	36
SYCP1	0	36	36	36
SYPL2	0	36	36	36
SYT6	0	36	36	36
TAF13	0	36	36	36
TBX15	0	36	36	36
TMEM167B	0	36	36	36
TMEM56	0	36	36	36
TMEM56-RWDD3	0	36	36	36
TMIGD3	0	36	36	36
TRIM33	0	36	36	36
TRIM45	0	36	36	36
TRMT13	0	36	36	36
TSHB	0	36	36	36
TSPAN2	0	36	36	36
TTF2	0	36	36	36
TXNIP	0	36	36	36
UBL4B	0	36	36	36
VANGL1	0	36	36	36
VAV3	0	36	36	36
VAV3-AS1	0	36	36	36
VCAM1	0	36	36	36
VTCN1	0	36	36	36
WARS2	0	36	36	36
WARS2-IT1	0	36	36	36
WDR3	0	36	36	36
WDR47	0	36	36	36
WDR77	0	36	36	36
WNT2B	0	36	36	36
ZNF697	0	36	36	36
C19orf71	34	0	34	34
DOHH	34	0	34	34
FZR1	34	0	34	34
MFSD12	34	0	34	34
NFIC	34	0	34	34
SMIM24	34	0	34	34
APIP	24	0	24	24
C11orf74	24	0	24	24
CD44	24	0	24	24
COMMD9	24	0	24	24
EHF	24	0	24	24
FJX1	24	0	24	24
LDLRAD3	24	0	24	24
LOC100507144	24	0	24	24
LOC101928510	24	0	24	24
MIR1343	24	0	24	24
MIR3973	24	0	24	24
PAMR1	24	0	24	24
PDHX	24	0	24	24
PRR5L	24	0	24	24
RAG1	24	0	24	24
RAG2	24	0	24	24
SLC1A2	24	0	24	24
TRAF6	24	0	24	24
TRIM44	24	0	24	24
CLOCK	23	0	23	23
NMU	23	0	23	23
PDCL2	23	0	23	23
SRD5A3	23	0	23	23
SRD5A3-AS1	23	0	23	23
TMEM165	23	0	23	23
