Hugo_Symbol	Amp	Del	total	AlteredSamples
ABHD16B	326	0	326	326
ADRM1	326	0	326	326
ARFGAP1	326	0	326	326
ARFRP1	326	0	326	326
BCAS1	326	0	326	326
BHLHE23	326	0	326	326
BIRC7	326	0	326	326
C20orf166-AS1	326	0	326	326
CABLES2	326	0	326	326
CDH4	326	0	326	326
CHRNA4	326	0	326	326
COL20A1	326	0	326	326
COL9A3	326	0	326	326
CYP24A1	326	0	326	326
DIDO1	326	0	326	326
DNAJC5	326	0	326	326
DOK5	326	0	326	326
DPH3P1	326	0	326	326
EEF1A2	326	0	326	326
FLJ16779	326	0	326	326
FNDC11	326	0	326	326
GATA5	326	0	326	326
GID8	326	0	326	326
GMEB2	326	0	326	326
HAR1A	326	0	326	326
HAR1B	326	0	326	326
HELZ2	326	0	326	326
HRH3	326	0	326	326
KCNQ2	326	0	326	326
LAMA5	326	0	326	326
LAMA5-AS1	326	0	326	326
LIME1	326	0	326	326
LINC00029	326	0	326	326
LINC00176	326	0	326	326
LINC00266-1	326	0	326	326
LINC00659	326	0	326	326
LINC01056	326	0	326	326
LKAAEAR1	326	0	326	326
LOC100130587	326	0	326	326
LOC100505771	326	0	326	326
LOC101927770	326	0	326	326
LOC105372672	326	0	326	326
LOC63930	326	0	326	326
LSM14B	326	0	326	326
MIR1-1	326	0	326	326
MIR1-1HG	326	0	326	326
MIR124-3	326	0	326	326
MIR1257	326	0	326	326
MIR133A2	326	0	326	326
MIR1914	326	0	326	326
MIR3195	326	0	326	326
MIR3196	326	0	326	326
MIR4326	326	0	326	326
MIR4756	326	0	326	326
MIR4758	326	0	326	326
MIR647	326	0	326	326
MIR6813	326	0	326	326
MIR941-1	326	0	326	326
MIR941-2	326	0	326	326
MIR941-3	326	0	326	326
MIR941-4	326	0	326	326
MRGBP	326	0	326	326
MTG2	326	0	326	326
MYT1	326	0	326	326
NKAIN4	326	0	326	326
NPBWR2	326	0	326	326
NTSR1	326	0	326	326
OGFR	326	0	326	326
OGFR-AS1	326	0	326	326
OPRL1	326	0	326	326
OSBPL2	326	0	326	326
PCMTD2	326	0	326	326
PFDN4	326	0	326	326
PPDPF	326	0	326	326
PRPF6	326	0	326	326
PSMA7	326	0	326	326
PTK6	326	0	326	326
RBBP8NL	326	0	326	326
RGS19	326	0	326	326
RPS21	326	0	326	326
RTEL1	326	0	326	326
RTEL1-TNFRSF6B	326	0	326	326
SAMD10	326	0	326	326
SLC17A9	326	0	326	326
SLC2A4RG	326	0	326	326
SLCO4A1	326	0	326	326
SLCO4A1-AS1	326	0	326	326
SOX18	326	0	326	326
SRMS	326	0	326	326
SS18L1	326	0	326	326
STMN3	326	0	326	326
SUMO1P1	326	0	326	326
TAF4	326	0	326	326
TCEA2	326	0	326	326
TCFL5	326	0	326	326
TNFRSF6B	326	0	326	326
TPD52L2	326	0	326	326
TSHZ2	326	0	326	326
UCKL1	326	0	326	326
UCKL1-AS1	326	0	326	326
YTHDF1	326	0	326	326
ZBTB46	326	0	326	326
ZBTB46-AS1	326	0	326	326
ZGPAT	326	0	326	326
ZNF217	326	0	326	326
ZNF512B	326	0	326	326
hsa-mir-941-3	326	0	326	326
ADA	325	0	325	325
FITM2	325	0	325	325
GDAP1L1	325	0	325	325
HNF4A	325	0	325	325
HNF4A-AS1	325	0	325	325
JPH2	325	0	325	325
KCNK15	325	0	325	325
KCNK15-AS1	325	0	325	325
LINC01260	325	0	325	325
LINC01430	325	0	325	325
LINC01620	325	0	325	325
LOC105372626	325	0	325	325
MIR3646	325	0	325	325
OSER1	325	0	325	325
OSER1-AS1	325	0	325	325
PKIG	325	0	325	325
R3HDML	325	0	325	325
RIMS4	325	0	325	325
SERINC3	325	0	325	325
TOX2	325	0	325	325
TTPAL	325	0	325	325
WISP2	325	0	325	325
YWHAB	325	0	325	325
ABALON	323	0	323	323
BCL2L1	323	0	323	323
COX4I2	323	0	323	323
DEFB115	323	0	323	323
DEFB116	323	0	323	323
DEFB118	323	0	323	323
DEFB119	323	0	323	323
DEFB121	323	0	323	323
DEFB122	323	0	323	323
DEFB123	323	0	323	323
DEFB124	323	0	323	323
DUSP15	323	0	323	323
FOXS1	323	0	323	323
FRG1BP	323	0	323	323
FRG1CP	323	0	323	323
FRG1DP	323	0	323	323
FRG2EP	323	0	323	323
HM13	323	0	323	323
HM13-AS1	323	0	323	323
ID1	323	0	323	323
LINC00028	323	0	323	323
LINC01598	323	0	323	323
LOC105379477	323	0	323	323
MIR3193	323	0	323	323
MIR4477A	323	0	323	323
MLLT10P1	323	0	323	323
MYLK2	323	0	323	323
REM1	323	0	323	323
TPX2	323	0	323	323
LETM2	165	156	321	272
WHSC1L1	165	156	321	272
ERLIN2	150	156	306	273
KCNU1	150	156	306	273
LINC01605	150	156	306	273
LOC101929622	150	156	306	273
LOC102723701	150	156	306	273
LOC728024	150	156	306	273
ZNF703	150	156	306	273
ABCC13	0	294	294	162
HSPA13	0	294	294	162
LIPI	0	294	294	162
LOC388813	0	294	294	162
NRIP1	0	294	294	162
RBM11	0	294	294	162
SAMSN1	0	294	294	162
SAMSN1-AS1	0	294	294	162
USP25	0	294	294	162
[LINC00392]	290	0	290	290
ELAC1	0	287	287	287
SMAD4	0	287	287	287
[USP12]	277	0	277	277
LINC00907	0	276	276	276
MIR4318	0	273	273	273
MIR924	0	273	273	273
CASC8	263	0	263	263
POU5F1B	263	0	263	263
DNAH9	0	255	255	255
MAP2K4	0	255	255	255
MIR744	0	255	255	255
NINL	255	0	255	255
ZNF18	0	255	255	255
EGFR	250	0	250	250
EGFR-AS1	250	0	250	250
ELDR	250	0	250	250
FKBP9P1	250	0	250	250
HPVC1	250	0	250	250
LANCL2	250	0	250	250
LINC01445	250	0	250	250
LOC100996654	250	0	250	250
SEC61G	250	0	250	250
VOPP1	250	0	250	250
VSTM2A	250	0	250	250
VSTM2A-OT1	250	0	250	250
DLGAP1	0	247	247	247
DLGAP1-AS1	0	247	247	247
DLGAP1-AS2	0	247	247	247
DLGAP1-AS3	0	247	247	247
GAPLINC	0	247	247	247
MIR6718	0	247	247	247
TGIF1	0	247	247	247
FOXA2	242	0	242	242
LINC00261	242	0	242	242
LINC01384	242	0	242	242
LINC01427	242	0	242	242
LINC01432	242	0	242	242
LOC284788	242	0	242	242
ANKRD7	237	0	237	237
ASZ1	237	0	237	237
CFTR	237	0	237	237
CTTNBP2	237	0	237	237
LSM8	237	0	237	237
WNT2	237	0	237	237
MIR7641-2	87	143	230	170
CFAP61	228	0	228	228
CRNKL1	228	0	228	228
INSM1	228	0	228	228
LOC100130264	228	0	228	228
NAA20	228	0	228	228
RALGAPA2	228	0	228	228
RIN2	228	0	228	228
SLC24A3	228	0	228	228
ADAM33	203	0	203	203
ADRA1D	203	0	203	203
ANGPT4	203	0	203	203
ANKEF1	203	0	203	203
AP5S1	203	0	203	203
ATRN	203	0	203	203
AVP	203	0	203	203
BMP2	203	0	203	203
BTBD3	203	0	203	203
C20orf141	203	0	203	203
C20orf194	203	0	203	203
C20orf196	203	0	203	203
C20orf202	203	0	203	203
C20orf27	203	0	203	203
C20orf96	203	0	203	203
CASC20	203	0	203	203
CDC25B	203	0	203	203
CDS2	203	0	203	203
CENPB	203	0	203	203
CHGB	203	0	203	203
CPXM1	203	0	203	203
CRLS1	203	0	203	203
CSNK2A1	203	0	203	203
DDRGK1	203	0	203	203
DEFB125	203	0	203	203
DEFB126	203	0	203	203
DEFB127	203	0	203	203
DEFB128	203	0	203	203
DEFB129	203	0	203	203
DEFB132	203	0	203	203
EBF4	203	0	203	203
FAM110A	203	0	203	203
FASTKD5	203	0	203	203
FERMT1	203	0	203	203
FKBP1A	203	0	203	203
FKBP1A-SDCBP2	203	0	203	203
GFRA4	203	0	203	203
GNRH2	203	0	203	203
GPCPD1	203	0	203	203
HAO1	203	0	203	203
HSPA12B	203	0	203	203
IDH3B	203	0	203	203
ITPA	203	0	203	203
JAG1	203	0	203	203
LAMP5	203	0	203	203
LAMP5-AS1	203	0	203	203
LINC00654	203	0	203	203
LINC00658	203	0	203	203
LINC00687	203	0	203	203
LINC01428	203	0	203	203
LINC01433	203	0	203	203
LOC100289473	203	0	203	203
LOC101929125	203	0	203	203
LOC101929207	203	0	203	203
LOC101929288	203	0	203	203
LOC101929312	203	0	203	203
LOC101929371	203	0	203	203
LOC101929395	203	0	203	203
LOC101929413	203	0	203	203
LOC101929486	203	0	203	203
LOC105372493	203	0	203	203
LOC339593	203	0	203	203
LOC388780	203	0	203	203
LOC643406	203	0	203	203
LOC727993	203	0	203	203
LRRN4	203	0	203	203
LZTS3	203	0	203	203
MAVS	203	0	203	203
MCM8	203	0	203	203
MCM8-AS1	203	0	203	203
MIR103A2	203	0	203	203
MIR103B2	203	0	203	203
MIR1292	203	0	203	203
MIR6869	203	0	203	203
MIR6870	203	0	203	203
MIR8062	203	0	203	203
MKKS	203	0	203	203
MRPS26	203	0	203	203
NOP56	203	0	203	203
NRSN2	203	0	203	203
NRSN2-AS1	203	0	203	203
NSFL1C	203	0	203	203
OXT	203	0	203	203
PAK5	203	0	203	203
PANK2	203	0	203	203
PCED1A	203	0	203	203
PCNA	203	0	203	203
PCNA-AS1	203	0	203	203
PDYN	203	0	203	203
PLCB1	203	0	203	203
PLCB1-IT1	203	0	203	203
PLCB4	203	0	203	203
PRND	203	0	203	203
PRNP	203	0	203	203
PRNT	203	0	203	203
PROKR2	203	0	203	203
PSMF1	203	0	203	203
PTPRA	203	0	203	203
RAD21L1	203	0	203	203
RASSF2	203	0	203	203
RBCK1	203	0	203	203
RNF24	203	0	203	203
RNU105B	203	0	203	203
RSPO4	203	0	203	203
SCRT2	203	0	203	203
SDCBP2	203	0	203	203
SDCBP2-AS1	203	0	203	203
SIGLEC1	203	0	203	203
SIRPA	203	0	203	203
SIRPB1	203	0	203	203
SIRPB2	203	0	203	203
SIRPD	203	0	203	203
SIRPG	203	0	203	203
SIRPG-AS1	203	0	203	203
SLC23A2	203	0	203	203
SLC4A11	203	0	203	203
SLC52A3	203	0	203	203
SLX4IP	203	0	203	203
SMOX	203	0	203	203
SNAP25	203	0	203	203
SNAP25-AS1	203	0	203	203
SNORA51	203	0	203	203
SNORD110	203	0	203	203
SNORD119	203	0	203	203
SNORD56	203	0	203	203
SNORD57	203	0	203	203
SNORD86	203	0	203	203
SNPH	203	0	203	203
SNRPB	203	0	203	203
SOX12	203	0	203	203
SPEF1	203	0	203	203
SRXN1	203	0	203	203
STK35	203	0	203	203
TBC1D20	203	0	203	203
TCF15	203	0	203	203
TGM3	203	0	203	203
TGM6	203	0	203	203
TMC2	203	0	203	203
TMEM230	203	0	203	203
TMEM239	203	0	203	203
TMEM74B	203	0	203	203
TMX4	203	0	203	203
TRIB3	203	0	203	203
TRMT6	203	0	203	203
UBOX5	203	0	203	203
UBOX5-AS1	203	0	203	203
VPS16	203	0	203	203
ZCCHC3	203	0	203	203
ZNF343	203	0	203	203
APBA2	0	192	192	192
ARHGAP11B	0	192	192	192
ARHGEF10	0	192	192	192
ATP10A	0	192	192	192
CHEK2P2	0	192	192	192
CHRFAM7A	0	192	192	192
CLN8	0	192	192	192
CSMD1	0	192	192	192
CXADRP2	0	192	192	192
CYFIP1	0	192	192	192
DKFZP434L187	0	192	192	192
DLGAP2	0	192	192	192
DLGAP2-AS1	0	192	192	192
ERICH1	0	192	192	192
ERICH1-AS1	0	192	192	192
FAM189A1	0	192	192	192
FAM87A	0	192	192	192
FBXO25	0	192	192	192
GABRA5	0	192	192	192
GABRB3	0	192	192	192
GABRG3	0	192	192	192
GABRG3-AS1	0	192	192	192
GOLGA6L1	0	192	192	192
GOLGA6L2	0	192	192	192
GOLGA6L22	0	192	192	192
GOLGA6L6	0	192	192	192
GOLGA6L7P	0	192	192	192
GOLGA8CP	0	192	192	192
GOLGA8DP	0	192	192	192
GOLGA8EP	0	192	192	192
GOLGA8F	0	192	192	192
GOLGA8G	0	192	192	192
GOLGA8H	0	192	192	192
GOLGA8IP	0	192	192	192
GOLGA8J	0	192	192	192
GOLGA8M	0	192	192	192
GOLGA8N	0	192	192	192
GOLGA8R	0	192	192	192
GOLGA8S	0	192	192	192
GOLGA8T	0	192	192	192
HERC2	0	192	192	192
HERC2P10	0	192	192	192
HERC2P2	0	192	192	192
HERC2P3	0	192	192	192
HERC2P7	0	192	192	192
HERC2P9	0	192	192	192
IGHV1OR15-1	0	192	192	192
IGHV1OR15-3	0	192	192	192
IPW	0	192	192	192
KBTBD11	0	192	192	192
KBTBD11-OT1	0	192	192	192
LINC00929	0	192	192	192
LINC01193	0	192	192	192
LOC100128714	0	192	192	192
LOC100130111	0	192	192	192
LOC100288637	0	192	192	192
LOC100289656	0	192	192	192
LOC101927079	0	192	192	192
LOC101927752	0	192	192	192
LOC101927815	0	192	192	192
LOC101928042	0	192	192	192
LOC101928058	0	192	192	192
LOC283683	0	192	192	192
LOC286083	0	192	192	192
LOC401442	0	192	192	192
LOC646214	0	192	192	192
LOC727924	0	192	192	192
MAGEL2	0	192	192	192
MIR1268A	0	192	192	192
MIR3118-2	0	192	192	192
MIR3118-3	0	192	192	192
MIR3118-4	0	192	192	192
MIR3674	0	192	192	192
MIR4508	0	192	192	192
MIR4509-1	0	192	192	192
MIR4509-2	0	192	192	192
MIR4715	0	192	192	192
MIR5701-1	0	192	192	192
MIR5701-2	0	192	192	192
MIR596	0	192	192	192
MIR7160	0	192	192	192
MKRN3	0	192	192	192
MYOM2	0	192	192	192
NBEAP1	0	192	192	192
NDN	0	192	192	192
NF1P2	0	192	192	192
NIPA1	0	192	192	192
NIPA2	0	192	192	192
NPAP1	0	192	192	192
NSMCE3	0	192	192	192
OCA2	0	192	192	192
OR4F21	0	192	192	192
OR4M2	0	192	192	192
OR4N3P	0	192	192	192
OR4N4	0	192	192	192
PDCD6IPP2	0	192	192	192
POTEB	0	192	192	192
POTEB2	0	192	192	192
POTEB3	0	192	192	192
PWAR1	0	192	192	192
PWAR4	0	192	192	192
PWAR5	0	192	192	192
PWARSN	0	192	192	192
PWRN1	0	192	192	192
PWRN2	0	192	192	192
PWRN3	0	192	192	192
PWRN4	0	192	192	192
REREP3	0	192	192	192
RPL23AP53	0	192	192	192
SNORD107	0	192	192	192
SNORD108	0	192	192	192
SNORD109A	0	192	192	192
SNORD115-1	0	192	192	192
SNORD115-10	0	192	192	192
SNORD115-11	0	192	192	192
SNORD115-12	0	192	192	192
SNORD115-13	0	192	192	192
SNORD115-14	0	192	192	192
SNORD115-15	0	192	192	192
SNORD115-16	0	192	192	192
SNORD115-17	0	192	192	192
SNORD115-18	0	192	192	192
SNORD115-2	0	192	192	192
SNORD115-20	0	192	192	192
SNORD115-21	0	192	192	192
SNORD115-22	0	192	192	192
SNORD115-23	0	192	192	192
SNORD115-24	0	192	192	192
SNORD115-25	0	192	192	192
SNORD115-26	0	192	192	192
SNORD115-27	0	192	192	192
SNORD115-28	0	192	192	192
SNORD115-29	0	192	192	192
SNORD115-3	0	192	192	192
SNORD115-30	0	192	192	192
SNORD115-31	0	192	192	192
SNORD115-32	0	192	192	192
SNORD115-33	0	192	192	192
SNORD115-34	0	192	192	192
SNORD115-35	0	192	192	192
SNORD115-36	0	192	192	192
SNORD115-37	0	192	192	192
SNORD115-38	0	192	192	192
SNORD115-39	0	192	192	192
SNORD115-4	0	192	192	192
SNORD115-41	0	192	192	192
SNORD115-44	0	192	192	192
SNORD115-45	0	192	192	192
SNORD115-46	0	192	192	192
SNORD115-47	0	192	192	192
SNORD115-48	0	192	192	192
SNORD115-5	0	192	192	192
SNORD115-6	0	192	192	192
SNORD115-7	0	192	192	192
SNORD115-8	0	192	192	192
SNORD116-1	0	192	192	192
SNORD116-10	0	192	192	192
SNORD116-11	0	192	192	192
SNORD116-12	0	192	192	192
SNORD116-13	0	192	192	192
SNORD116-14	0	192	192	192
SNORD116-15	0	192	192	192
SNORD116-16	0	192	192	192
SNORD116-17	0	192	192	192
SNORD116-18	0	192	192	192
SNORD116-2	0	192	192	192
SNORD116-20	0	192	192	192
SNORD116-21	0	192	192	192
SNORD116-22	0	192	192	192
SNORD116-23	0	192	192	192
SNORD116-24	0	192	192	192
SNORD116-25	0	192	192	192
SNORD116-26	0	192	192	192
SNORD116-27	0	192	192	192
SNORD116-28	0	192	192	192
SNORD116-29	0	192	192	192
SNORD116-3	0	192	192	192
SNORD116-30	0	192	192	192
SNORD116-4	0	192	192	192
SNORD116-5	0	192	192	192
SNORD116-8	0	192	192	192
SNORD64	0	192	192	192
SNRPN	0	192	192	192
SNURF	0	192	192	192
TDRP	0	192	192	192
TJP1	0	192	192	192
TUBGCP5	0	192	192	192
UBE3A	0	192	192	192
ULK4P1	0	192	192	192
ULK4P3	0	192	192	192
WHAMMP2	0	192	192	192
WHAMMP3	0	192	192	192
ZNF596	0	192	192	192
LOC284933	0	191	191	191
MIR3201	0	191	191	191
AP3M2	187	0	187	187
DKK4	187	0	187	187
IKBKB	187	0	187	187
KAT6A	187	0	187	187
LOC101929897	187	0	187	187
LOC105379393	187	0	187	187
PLAT	187	0	187	187
POLB	187	0	187	187
SLC20A2	187	0	187	187
VDAC3	187	0	187	187
AIM1L	0	173	173	173
ARID1A	0	173	173	173
CD52	0	173	173	173
CEP85	0	173	173	173
DHDDS	0	173	173	173
FAM46B	0	173	173	173
GPATCH3	0	173	173	173
GPN2	0	173	173	173
HMGN2	0	173	173	173
KDF1	0	173	173	173
LIN28A	0	173	173	173
LOC101928303	0	173	173	173
LOC101928324	0	173	173	173
LOC101928728	0	173	173	173
MIR1976	0	173	173	173
NR0B2	0	173	173	173
NUDC	0	173	173	173
PIGV	0	173	173	173
RPS6KA1	0	173	173	173
SFN	0	173	173	173
SH3BGRL3	0	173	173	173
SLC9A1	0	173	173	173
TRNP1	0	173	173	173
UBXN11	0	173	173	173
WDTC1	0	173	173	173
ZDHHC18	0	173	173	173
ZNF683	0	173	173	173
ACTC1	0	170	170	170
ADAL	0	170	170	170
ANKRD63	0	170	170	170
ANP32AP1	0	170	170	170
AQR	0	170	170	170
AVEN	0	170	170	170
BAHD1	0	170	170	170
BMF	0	170	170	170
BUB1B	0	170	170	170
BUB1B-PAK6	0	170	170	170
C15orf41	0	170	170	170
C15orf52	0	170	170	170
C15orf53	0	170	170	170
C15orf54	0	170	170	170
C15orf56	0	170	170	170
C15orf57	0	170	170	170
C15orf62	0	170	170	170
CAPN3	0	170	170	170
CATSPER2	0	170	170	170
CATSPER2P1	0	170	170	170
CCNDBP1	0	170	170	170
CDAN1	0	170	170	170
CHAC1	0	170	170	170
CHP1	0	170	170	170
CHRM5	0	170	170	170
CHST14	0	170	170	170
CKMT1A	0	170	170	170
CKMT1B	0	170	170	170
CSNK1A1P1	0	170	170	170
DISP2	0	170	170	170
DLL4	0	170	170	170
DNAJC17	0	170	170	170
DPH6	0	170	170	170
DPH6-AS1	0	170	170	170
EHD4	0	170	170	170
EHD4-AS1	0	170	170	170
EIF2AK4	0	170	170	170
ELL3	0	170	170	170
EMC4	0	170	170	170
EMC7	0	170	170	170
EPB42	0	170	170	170
EXD1	0	170	170	170
FAM98B	0	170	170	170
FMN1	0	170	170	170
FRMD5	0	170	170	170
FSIP1	0	170	170	170
GANC	0	170	170	170
GCHFR	0	170	170	170
GJD2	0	170	170	170
GOLGA8A	0	170	170	170
GOLGA8B	0	170	170	170
GPR176	0	170	170	170
HAUS2	0	170	170	170
HYPK	0	170	170	170
INAFM2	0	170	170	170
INO80	0	170	170	170
ITPKA	0	170	170	170
IVD	0	170	170	170
JMJD7	0	170	170	170
JMJD7-PLA2G4B	0	170	170	170
KATNBL1	0	170	170	170
KNL1	0	170	170	170
KNSTRN	0	170	170	170
LCMT2	0	170	170	170
LOC101928134	0	170	170	170
LOC101928174	0	170	170	170
LOC101928227	0	170	170	170
LOC105370792	0	170	170	170
LOC105370941	0	170	170	170
LOC105370943	0	170	170	170
LOC145845	0	170	170	170
LPCAT4	0	170	170	170
LRRC57	0	170	170	170
LTK	0	170	170	170
MAP1A	0	170	170	170
MAPKBP1	0	170	170	170
MEIS2	0	170	170	170
MFAP1	0	170	170	170
MGA	0	170	170	170
MIR1233-1	0	170	170	170
MIR1233-2	0	170	170	170
MIR1282	0	170	170	170
MIR3942	0	170	170	170
MIR4310	0	170	170	170
MIR4510	0	170	170	170
MIR626	0	170	170	170
MIR627	0	170	170	170
MIR8063	0	170	170	170
MRPL42P5	0	170	170	170
NDUFAF1	0	170	170	170
NOP10	0	170	170	170
NUSAP1	0	170	170	170
NUTM1	0	170	170	170
OIP5	0	170	170	170
OIP5-AS1	0	170	170	170
PAK6	0	170	170	170
PDIA3	0	170	170	170
PGBD4	0	170	170	170
PHGR1	0	170	170	170
PIN4P1	0	170	170	170
PLA2G4B	0	170	170	170
PLA2G4D	0	170	170	170
PLA2G4E	0	170	170	170
PLA2G4E-AS1	0	170	170	170
PLA2G4F	0	170	170	170
PLCB2	0	170	170	170
PPIP5K1	0	170	170	170
PPP1R14D	0	170	170	170
RAD51	0	170	170	170
RAD51-AS1	0	170	170	170
RASGRP1	0	170	170	170
RHOV	0	170	170	170
RMDN3	0	170	170	170
RPAP1	0	170	170	170
RPUSD2	0	170	170	170
RTF1	0	170	170	170
RYR3	0	170	170	170
SERF2	0	170	170	170
SERF2-C15ORF63	0	170	170	170
SERINC4	0	170	170	170
SLC12A6	0	170	170	170
SNAP23	0	170	170	170
SPINT1	0	170	170	170
SPRED1	0	170	170	170
SPTBN5	0	170	170	170
SRP14	0	170	170	170
SRP14-AS1	0	170	170	170
STARD9	0	170	170	170
STRC	0	170	170	170
TGM5	0	170	170	170
TGM7	0	170	170	170
THBS1	0	170	170	170
TMCO5A	0	170	170	170
TMCO5B	0	170	170	170
TMEM62	0	170	170	170
TMEM87A	0	170	170	170
TP53BP1	0	170	170	170
TTBK2	0	170	170	170
TUBGCP4	0	170	170	170
TYRO3	0	170	170	170
UBR1	0	170	170	170
VPS18	0	170	170	170
VPS39	0	170	170	170
WDR76	0	170	170	170
ZFYVE19	0	170	170	170
ZNF106	0	170	170	170
ZNF770	0	170	170	170
ZSCAN29	0	170	170	170
ACSL1	0	165	165	165
ANKRD37	0	165	165	165
B2M	0	165	165	165
C4orf47	0	165	165	165
CASP3	0	165	165	165
CCDC110	0	165	165	165
CDKN2AIP	0	165	165	165
CENPU	0	165	165	165
CFAP97	0	165	165	165
CLDN22	0	165	165	165
CLDN24	0	165	165	165
DCTD	0	165	165	165
ENPP6	0	165	165	165
FAM92A1P2	0	165	165	165
HELT	0	165	165	165
ING2	0	165	165	165
IRF2	0	165	165	165
LINC00290	0	165	165	165
LINC01093	0	165	165	165
LOC100419583	0	165	165	165
LOC102723766	0	165	165	165
LOC105377590	0	165	165	165
LOC389247	0	165	165	165
LOC728175	0	165	165	165
LOC90768	0	165	165	165
LRP2BP	0	165	165	165
LVCAT8	0	165	165	165
MIR1305	0	165	165	165
MIR3945	0	165	165	165
MIR3945HG	0	165	165	165
MIR4455	0	165	165	165
PDLIM3	0	165	165	165
PRIMPOL	0	165	165	165
RWDD4	0	165	165	165
SLC25A4	0	165	165	165
SLED1	0	165	165	165
SNX25	0	165	165	165
STOX2	0	165	165	165
TENM3	0	165	165	165
TERB2	0	165	165	165
TRAPPC11	0	165	165	165
TRIM69	0	165	165	165
UFSP2	0	165	165	165
WWC2	0	165	165	165
WWC2-AS1	0	165	165	165
WWC2-AS2	0	165	165	165
SMAD3	0	163	163	163
ADAM18	0	156	156	156
ADAM2	0	156	156	156
ADAM32	0	156	156	156
ADAM3A	0	156	156	156
ADAM5	0	156	156	156
ADAM9	0	156	156	156
ADGRA2	0	156	156	156
ADRB3	0	156	156	156
ASH2L	0	156	156	156
BAG4	0	156	156	156
BRF2	0	156	156	156
C8orf4	0	156	156	156
C8orf86	0	156	156	156
DDHD2	0	156	156	156
DUSP26	0	156	156	156
EIF4EBP1	0	156	156	156
FGFR1	0	156	156	156
FUT10	0	156	156	156
GOT1L1	0	156	156	156
GSR	0	156	156	156
GTF2E2	0	156	156	156
HTRA4	0	156	156	156
IDO1	0	156	156	156
IDO2	0	156	156	156
LINC01288	0	156	156	156
LOC100130964	0	156	156	156
LOC101929550	0	156	156	156
LSM1	0	156	156	156
MAK16	0	156	156	156
NRG1	0	156	156	156
NRG1-IT1	0	156	156	156
NRG1-IT3	0	156	156	156
PLEKHA2	0	156	156	156
PLPP5	0	156	156	156
PPP2CB	0	156	156	156
PROSC	0	156	156	156
PURG	0	156	156	156
RAB11FIP1	0	156	156	156
RNF122	0	156	156	156
RNF5P1	0	156	156	156
SMIM18	0	156	156	156
SNORD13	0	156	156	156
STAR	0	156	156	156
TACC1	0	156	156	156
TEX15	0	156	156	156
TM2D2	0	156	156	156
TTI2	0	156	156	156
UBXN8	0	156	156	156
UNC5D	0	156	156	156
WRN	0	156	156	156
ZMAT4	0	156	156	156
ADAMTS1	0	151	151	151
ADAMTS5	0	151	151	151
APP	0	151	151	151
ATP5J	0	151	151	151
BACH1	0	151	151	151
BACH1-IT2	0	151	151	151
BTG3	0	151	151	151
C21orf91	0	151	151	151
C21orf91-OT1	0	151	151	151
CCT8	0	151	151	151
CHODL	0	151	151	151
CHODL-AS1	0	151	151	151
CLDN17	0	151	151	151
CXADR	0	151	151	151
CYYR1	0	151	151	151
CYYR1-AS1	0	151	151	151
D21S2088E	0	151	151	151
GABPA	0	151	151	151
GRIK1	0	151	151	151
GRIK1-AS1	0	151	151	151
GRIK1-AS2	0	151	151	151
JAM2	0	151	151	151
LINC00113	0	151	151	151
LINC00158	0	151	151	151
LINC00161	0	151	151	151
LINC00189	0	151	151	151
LINC00308	0	151	151	151
LINC00314	0	151	151	151
LINC00317	0	151	151	151
LINC00320	0	151	151	151
LINC00515	0	151	151	151
LINC01425	0	151	151	151
LINC01549	0	151	151	151
LOC101927843	0	151	151	151
LOC101927869	0	151	151	151
LOC101927973	0	151	151	151
LOC105372751	0	151	151	151
LOC284825	0	151	151	151
LOC339622	0	151	151	151
LTN1	0	151	151	151
MAP3K7CL	0	151	151	151
MIR125B2	0	151	151	151
MIR155	0	151	151	151
MIR155HG	0	151	151	151
MIR4759	0	151	151	151
MIR548X	0	151	151	151
MIR548XHG	0	151	151	151
MIR6130	0	151	151	151
MIR99A	0	151	151	151
MIR99AHG	0	151	151	151
MIRLET7C	0	151	151	151
MRPL39	0	151	151	151
N6AMT1	0	151	151	151
NCAM2	0	151	151	151
RWDD2B	0	151	151	151
TMPRSS15	0	151	151	151
USP16	0	151	151	151
CCSER1	0	150	150	150
AGBL4-IT1	20	125	145	140
LOC101929721	20	125	145	140
ANKRD20A11P	0	143	143	143
ANKRD30BP2	0	143	143	143
BAGE	0	143	143	143
BAGE2	0	143	143	143
BAGE3	0	143	143	143
BAGE4	0	143	143	143
C21orf140	0	143	143	143
C21orf33	0	143	143	143
CBS	0	143	143	143
CRYAA	0	143	143	143
CYP4F29P	0	143	143	143
FRGCA	0	143	143	143
ICOSLG	0	143	143	143
KCNE1B	0	143	143	143
LINC00313	0	143	143	143
LINC00319	0	143	143	143
LOC100507412	0	143	143	143
LOC102723360	0	143	143	143
LOC102724188	0	143	143	143
LOC102724219	0	143	143	143
LOC102724354	0	143	143	143
LOC102724428	0	143	143	143
LOC102724652	0	143	143	143
LOC102724843	0	143	143	143
LOC105372833	0	143	143	143
LOC105379511	0	143	143	143
LOC105379514	0	143	143	143
MGC39584	0	143	143	143
MIR3118-1	0	143	143	143
MIR3156-3	0	143	143	143
MIR3648-1	0	143	143	143
MIR3687-1	0	143	143	143
MIR663A	0	143	143	143
MIR6724-1	0	143	143	143
MIR6724-2	0	143	143	143
MIR6724-3	0	143	143	143
MIR8069-1	0	143	143	143
POTED	0	143	143	143
PWP2	0	143	143	143
RNA18S5	0	143	143	143
RNA28S5	0	143	143	143
RNA45S5	0	143	143	143
RNA5-8S5	0	143	143	143
SIK1	0	143	143	143
SMIM11A	0	143	143	143
SMIM11B	0	143	143	143
TEKT4P2	0	143	143	143
TPTE	0	143	143	143
U2AF1	0	143	143	143
U2AF1L5	0	143	143	143
ABCA11P	0	134	134	134
ABLIM2	0	134	134	134
ACOX3	0	134	134	134
ADD1	0	134	134	134
ADRA2C	0	134	134	134
AFAP1	0	134	134	134
AFAP1-AS1	0	134	134	134
APC	0	134	134	134
ATP5I	0	134	134	134
BLOC1S4	0	134	134	134
BOD1L1	0	134	134	134
C4orf48	0	134	134	134
C5orf30	0	134	134	134
CAMK4	0	134	134	134
CCDC96	0	134	134	134
CFAP99	0	134	134	134
CLNK	0	134	134	134
CPLX1	0	134	134	134
CPZ	0	134	134	134
CRIPAK	0	134	134	134
CRMP1	0	134	134	134
CTBP1	0	134	134	134
CTBP1-AS	0	134	134	134
CTBP1-AS2	0	134	134	134
CTD-2151A2.1	0	134	134	134
CYTL1	0	134	134	134
DCP2	0	134	134	134
DEFB131	0	134	134	134
DGKQ	0	134	134	134
DOK7	0	134	134	134
DRD5	0	134	134	134
EFNA5	0	134	134	134
EPB41L4A	0	134	134	134
EPB41L4A-AS1	0	134	134	134
EPB41L4A-AS2	0	134	134	134
EVC	0	134	134	134
EVC2	0	134	134	134
FAM174A	0	134	134	134
FAM193A	0	134	134	134
FAM53A	0	134	134	134
FAM86EP	0	134	134	134
FBXL17	0	134	134	134
FGFR3	0	134	134	134
FGFRL1	0	134	134	134
FLJ36777	0	134	134	134
GAK	0	134	134	134
GIN1	0	134	134	134
GPR78	0	134	134	134
GRK4	0	134	134	134
GRPEL1	0	134	134	134
HAUS3	0	134	134	134
HGFAC	0	134	134	134
HMX1	0	134	134	134
HS3ST1	0	134	134	134
HTRA3	0	134	134	134
HTT	0	134	134	134
HTT-AS	0	134	134	134
IDUA	0	134	134	134
JAKMIP1	0	134	134	134
KCNN2	0	134	134	134
KIAA0232	0	134	134	134
LETM1	0	134	134	134
LINC00491	0	134	134	134
LINC00492	0	134	134	134
LINC00504	0	134	134	134
LINC00955	0	134	134	134
LINC01023	0	134	134	134
LINC01085	0	134	134	134
LINC01096	0	134	134	134
LINC01097	0	134	134	134
LINC01182	0	134	134	134
LINC01396	0	134	134	134
LINC01587	0	134	134	134
LOC100129917	0	134	134	134
LOC100129931	0	134	134	134
LOC100130872	0	134	134	134
LOC100133050	0	134	134	134
LOC100133461	0	134	134	134
LOC100289673	0	134	134	134
LOC101927023	0	134	134	134
LOC101927059	0	134	134	134
LOC101927078	0	134	134	134
LOC101928279	0	134	134	134
LOC101928306	0	134	134	134
LOC101929019	0	134	134	134
LOC102467212	0	134	134	134
LOC102467213	0	134	134	134
LOC102467214	0	134	134	134
LOC102467216	0	134	134	134
LOC105374344	0	134	134	134
LOC105374366	0	134	134	134
LOC285484	0	134	134	134
LOC389199	0	134	134	134
LOC650293	0	134	134	134
LOC93622	0	134	134	134
LRPAP1	0	134	134	134
LYAR	0	134	134	134
MAEA	0	134	134	134
MAN2B2	0	134	134	134
MCC	0	134	134	134
MFSD10	0	134	134	134
MFSD7	0	134	134	134
MIR3138	0	134	134	134
MIR378D1	0	134	134	134
MIR4274	0	134	134	134
MIR4798	0	134	134	134
MIR4800	0	134	134	134
MIR5091	0	134	134	134
MIR548F3	0	134	134	134
MIR548I2	0	134	134	134
MIR548P	0	134	134	134
MIR571	0	134	134	134
MIR572	0	134	134	134
MIR943	0	134	134	134
MIR95	0	134	134	134
MRFAP1	0	134	134	134
MRFAP1L1	0	134	134	134
MSANTD1	0	134	134	134
MSX1	0	134	134	134
MXD4	0	134	134	134
MYL5	0	134	134	134
NAT8L	0	134	134	134
NELFA	0	134	134	134
NKX1-1	0	134	134	134
NKX3-2	0	134	134	134
NOP14	0	134	134	134
NOP14-AS1	0	134	134	134
NREP	0	134	134	134
NREP-AS1	0	134	134	134
NSG1	0	134	134	134
NUDT12	0	134	134	134
OTOP1	0	134	134	134
PAM	0	134	134	134
PCGF3	0	134	134	134
PDE6B	0	134	134	134
PGGT1B	0	134	134	134
PIGG	0	134	134	134
POLN	0	134	134	134
PPIP5K2	0	134	134	134
PPP2R2C	0	134	134	134
PSAPL1	0	134	134	134
RAB28	0	134	134	134
RAB9BP1	0	134	134	134
REEP5	0	134	134	134
RGS12	0	134	134	134
RNF212	0	134	134	134
RNF4	0	134	134	134
S100P	0	134	134	134
SCARNA22	0	134	134	134
SH3BP2	0	134	134	134
SH3TC1	0	134	134	134
SLBP	0	134	134	134
SLC25A46	0	134	134	134
SLC26A1	0	134	134	134
SLC2A9	0	134	134	134
SLCO4C1	0	134	134	134
SLCO6A1	0	134	134	134
SNORA13	0	134	134	134
SORCS2	0	134	134	134
SPON2	0	134	134	134
SRP19	0	134	134	134
ST8SIA4	0	134	134	134
STARD4	0	134	134	134
STARD4-AS1	0	134	134	134
STK32B	0	134	134	134
STX18	0	134	134	134
STX18-AS1	0	134	134	134
STX18-IT1	0	134	134	134
TACC3	0	134	134	134
TADA2B	0	134	134	134
TBC1D14	0	134	134	134
TMED11P	0	134	134	134
TMEM128	0	134	134	134
TMEM129	0	134	134	134
TMEM175	0	134	134	134
TMEM232	0	134	134	134
TNIP2	0	134	134	134
TRIM36	0	134	134	134
TRMT44	0	134	134	134
TSLP	0	134	134	134
TSSK1B	0	134	134	134
USP17L10	0	134	134	134
USP17L11	0	134	134	134
USP17L12	0	134	134	134
USP17L13	0	134	134	134
USP17L15	0	134	134	134
USP17L17	0	134	134	134
USP17L18	0	134	134	134
USP17L19	0	134	134	134
USP17L20	0	134	134	134
USP17L24	0	134	134	134
USP17L25	0	134	134	134
USP17L26	0	134	134	134
USP17L27	0	134	134	134
USP17L28	0	134	134	134
USP17L29	0	134	134	134
USP17L30	0	134	134	134
USP17L6P	0	134	134	134
USP17L9P	0	134	134	134
UVSSA	0	134	134	134
WDR1	0	134	134	134
WDR36	0	134	134	134
WFS1	0	134	134	134
WHSC1	0	134	134	134
YTHDC2	0	134	134	134
ZBTB49	0	134	134	134
ZFYVE28	0	134	134	134
ZNF141	0	134	134	134
ZNF518B	0	134	134	134
ZNF595	0	134	134	134
ZNF718	0	134	134	134
ZNF721	0	134	134	134
ZNF732	0	134	134	134
ZNF876P	0	134	134	134
BCL7C	125	0	125	125
C16orf97	125	0	125	125
CASC16	125	0	125	125
CASC22	125	0	125	125
CCDC189	125	0	125	125
CTF1	125	0	125	125
FBRS	125	0	125	125
FBXL19	125	0	125	125
FBXL19-AS1	125	0	125	125
LINC00919	125	0	125	125
LOC102467079	125	0	125	125
LOC730183	125	0	125	125
MIR4519	125	0	125	125
MIR762	125	0	125	125
MIR762HG	125	0	125	125
ORAI3	125	0	125	125
PHKG2	125	0	125	125
PRR14	125	0	125	125
RNF40	125	0	125	125
SETD1A	125	0	125	125
SNORA30	125	0	125	125
SRCAP	125	0	125	125
TMEM265	125	0	125	125
TOX3	125	0	125	125
ZNF629	125	0	125	125
ZNF689	125	0	125	125
[LOC101927619]	115	0	115	115
AKAP3	114	0	114	114
C12orf4	114	0	114	114
CCND2	114	0	114	114
CCND2-AS1	114	0	114	114
CRACR2A	114	0	114	114
DYRK4	114	0	114	114
FGF23	114	0	114	114
FGF6	114	0	114	114
NDUFA9	114	0	114	114
PARP11	114	0	114	114
RAD51AP1	114	0	114	114
TIGAR	114	0	114	114
ERBB2	112	0	112	112
GRB7	112	0	112	112
IKZF3	112	0	112	112
MIEN1	112	0	112	112
MIR4728	112	0	112	112
PGAP3	112	0	112	112
APOH	110	0	110	110
AXIN2	110	0	110	110
BPTF	110	0	110	110
CACNG1	110	0	110	110
CACNG4	110	0	110	110
CACNG5	110	0	110	110
CEP112	110	0	110	110
CRAT40	110	0	110	110
HELZ	110	0	110	110
LOC101928021	110	0	110	110
MIR548AA2	110	0	110	110
MIR548D2	110	0	110	110
MIR634	110	0	110	110
NOL11	110	0	110	110
PITPNC1	110	0	110	110
PRKCA	110	0	110	110
PRKCA-AS1	110	0	110	110
PSMD12	110	0	110	110
SNORA38B	110	0	110	110
CSTF2T	0	109	109	109
MIR582	0	109	109	109
MIR605	0	109	109	109
PART1	0	109	109	109
PDE4D	0	109	109	109
LOC103344931	0	105	105	105
MIR4295	0	105	105	105
SNORA87	0	105	105	105
TCF7L2	0	105	105	105
VTI1A	0	105	105	105
AARS2	104	0	104	104
ABCC10	104	0	104	104
ADCY10P1	104	0	104	104
APOBEC2	104	0	104	104
ATAD1	0	104	104	104
ATP6V0CP3	104	0	104	104
BYSL	104	0	104	104
C6orf132	104	0	104	104
C6orf223	104	0	104	104
C6orf226	104	0	104	104
CAPN11	104	0	104	104
CCND3	104	0	104	104
CFL1P1	0	104	104	104
CNPY3	104	0	104	104
CNPY3-GNMT	104	0	104	104
CRIP3	104	0	104	104
CUL7	104	0	104	104
CUL9	104	0	104	104
DLK2	104	0	104	104
DNPH1	104	0	104	104
FOXP4	104	0	104	104
FOXP4-AS1	104	0	104	104
FRS3	104	0	104	104
GLTSCR1L	104	0	104	104
GNMT	104	0	104	104
GTPBP2	104	0	104	104
GUCA1A	104	0	104	104
GUCA1B	104	0	104	104
HSP90AB1	104	0	104	104
KLC4	104	0	104	104
KLHDC3	104	0	104	104
KLLN	0	104	104	104
LINC00951	104	0	104	104
LINC01276	104	0	104	104
LINC01512	104	0	104	104
LOC101929555	104	0	104	104
LOC101929705	104	0	104	104
LOC101929726	104	0	104	104
LOC401261	104	0	104	104
LRFN2	104	0	104	104
LRRC73	104	0	104	104
MAD2L1BP	104	0	104	104
MDFI	104	0	104	104
MEA1	104	0	104	104
MED20	104	0	104	104
MIR4641	104	0	104	104
MIR4647	104	0	104	104
MIR6780B	104	0	104	104
MRPL14	104	0	104	104
MRPL2	104	0	104	104
MRPS10	104	0	104	104
MRPS18A	104	0	104	104
NCR2	104	0	104	104
NFKBIE	104	0	104	104
NFYA	104	0	104	104
OARD1	104	0	104	104
PAPSS2	0	104	104	104
PEX6	104	0	104	104
PGC	104	0	104	104
POLH	104	0	104	104
POLR1C	104	0	104	104
PPP2R5D	104	0	104	104
PRICKLE4	104	0	104	104
PRPH2	104	0	104	104
PTCRA	104	0	104	104
PTEN	0	104	104	104
PTK7	104	0	104	104
RPL7L1	104	0	104	104
RRP36	104	0	104	104
RSPH9	104	0	104	104
SLC22A7	104	0	104	104
SLC29A1	104	0	104	104
SLC35B2	104	0	104	104
SPATS1	104	0	104	104
SRF	104	0	104	104
TAF8	104	0	104	104
TBCC	104	0	104	104
TCTE1	104	0	104	104
TDRG1	104	0	104	104
TFEB	104	0	104	104
TJAP1	104	0	104	104
TMEM151B	104	0	104	104
TMEM63B	104	0	104	104
TOMM6	104	0	104	104
TREM1	104	0	104	104
TREM2	104	0	104	104
TREML1	104	0	104	104
TREML2	104	0	104	104
TREML3P	104	0	104	104
TREML4	104	0	104	104
TREML5P	104	0	104	104
TRERF1	104	0	104	104
TSPO2	104	0	104	104
TTBK1	104	0	104	104
UBR2	104	0	104	104
UNC5CL	104	0	104	104
USP49	104	0	104	104
VEGFA	104	0	104	104
XPO5	104	0	104	104
YIPF3	104	0	104	104
ZNF318	104	0	104	104
FHIT	0	94	94	94
IGF2	94	0	94	94
IGF2-AS	94	0	94	94
INS	94	0	94	94
INS-IGF2	94	0	94	94
MIR4686	94	0	94	94
MIR483	94	0	94	94
MIR548BB	0	94	94	94
TH	94	0	94	94
C19orf12	93	0	93	93
CCNE1	93	0	93	93
HAVCR1P1	93	0	93	93
LINC00662	93	0	93	93
LINC00906	93	0	93	93
LINC01532	93	0	93	93
LOC100420587	93	0	93	93
LOC101927151	93	0	93	93
LOC102724908	93	0	93	93
LOC102724958	93	0	93	93
LOC284395	93	0	93	93
PLEKHF1	93	0	93	93
POP4	93	0	93	93
UQCRFS1	93	0	93	93
URI1	93	0	93	93
VSTM2B	93	0	93	93
ZNF254	93	0	93	93
ZNF536	93	0	93	93
ZNF726	93	0	93	93
LOC613266	0	89	89	89
MACROD2	0	89	89	89
MACROD2-AS1	0	89	89	89
MACROD2-IT1	0	89	89	89
ADGRB3	88	0	88	88
B3GAT2	88	0	88	88
COL19A1	88	0	88	88
COL9A1	88	0	88	88
EVADR	88	0	88	88
EYS	88	0	88	88
FAM135A	88	0	88	88
LGSN	88	0	88	88
LINC00472	88	0	88	88
LINC01626	88	0	88	88
LMBRD1	88	0	88	88
LOC101928280	88	0	88	88
LOC101928307	88	0	88	88
LOC102723883	88	0	88	88
LOC441155	88	0	88	88
MIR1244-1	0	88	88	85
MIR1244-2	0	88	88	85
MIR1244-3	0	88	88	85
MIR30A	88	0	88	88
MIR30C2	88	0	88	88
OGFRL1	88	0	88	88
PHF3	88	0	88	88
PTP4A1	88	0	88	88
SDHAF4	88	0	88	88
SLC25A51P1	88	0	88	88
SMAP1	88	0	88	88
ADAMTS12	87	0	87	87
AGXT2	87	0	87	87
AMACR	87	0	87	87
ANXA2R	87	0	87	87
BRCAT107	87	0	87	87
BRCAT54	87	0	87	87
BRIX1	87	0	87	87
C1QTNF3	87	0	87	87
C1QTNF3-AMACR	87	0	87	87
C5orf22	87	0	87	87
C5orf34	87	0	87	87
C5orf42	87	0	87	87
C5orf51	87	0	87	87
C6	87	0	87	87
C7	87	0	87	87
C9	87	0	87	87
CAPSL	87	0	87	87
CARD6	87	0	87	87
CCDC152	87	0	87	87
CCL28	87	0	87	87
CDH6	87	0	87	87
DAB2	87	0	87	87
DNAJC21	87	0	87	87
DROSHA	87	0	87	87
EGFLAM	87	0	87	87
EGFLAM-AS2	87	0	87	87
EGFLAM-AS4	87	0	87	87
FBXO4	87	0	87	87
FGF10	87	0	87	87
FGF10-AS1	87	0	87	87
FLJ32255	87	0	87	87
FYB	87	0	87	87
GDNF	87	0	87	87
GDNF-AS1	87	0	87	87
GHR	87	0	87	87
GOLPH3	87	0	87	87
HMGCS1	87	0	87	87
IL7R	87	0	87	87
LIFR	87	0	87	87
LIFR-AS1	87	0	87	87
LINC00603	87	0	87	87
LINC01265	87	0	87	87
LMBRD2	87	0	87	87
LOC100132356	87	0	87	87
LOC100506406	87	0	87	87
LOC100506548	87	0	87	87
LOC100506639	87	0	87	87
LOC101926940	87	0	87	87
LOC101926960	87	0	87	87
LOC101929645	87	0	87	87
LOC101929660	87	0	87	87
LOC101929681	87	0	87	87
LOC101929745	87	0	87	87
LOC105374698	87	0	87	87
LOC105374704	87	0	87	87
LOC105374727	87	0	87	87
LOC105374729	87	0	87	87
LOC153684	87	0	87	87
LOC340113	87	0	87	87
LOC648987	87	0	87	87
LSP1P3	87	0	87	87
MIR3650	87	0	87	87
MIR4279	87	0	87	87
MIR579	87	0	87	87
MIR580	87	0	87	87
MROH2B	87	0	87	87
MRPS30	87	0	87	87
MTMR12	87	0	87	87
NADK2	87	0	87	87
NIM1K	87	0	87	87
NIPBL	87	0	87	87
NIPBL-AS1	87	0	87	87
NNT	87	0	87	87
NNT-AS1	87	0	87	87
NPR3	87	0	87	87
NUP155	87	0	87	87
OSMR	87	0	87	87
OSMR-AS1	87	0	87	87
OXCT1	87	0	87	87
OXCT1-AS1	87	0	87	87
PAIP1	87	0	87	87
PDZD2	87	0	87	87
PLCXD3	87	0	87	87
PRKAA1	87	0	87	87
PRLR	87	0	87	87
PTGER4	87	0	87	87
RAD1	87	0	87	87
RAI14	87	0	87	87
RANBP3L	87	0	87	87
RICTOR	87	0	87	87
RPL37	87	0	87	87
RXFP3	87	0	87	87
SEPP1	87	0	87	87
SKP2	87	0	87	87
SLC1A3	87	0	87	87
SLC45A2	87	0	87	87
SNORD72	87	0	87	87
SPEF2	87	0	87	87
SUB1	87	0	87	87
TARS	87	0	87	87
TMEM267	87	0	87	87
TTC23L	87	0	87	87
TTC33	87	0	87	87
UGT3A1	87	0	87	87
UGT3A2	87	0	87	87
WDR70	87	0	87	87
ZFR	87	0	87	87
ZNF131	87	0	87	87
hsa-mir-1274a	87	0	87	87
ADARB2	0	80	80	80
ADARB2-AS1	0	80	80	80
AKR1C1	0	80	80	80
AKR1C2	0	80	80	80
AKR1C3	0	80	80	80
AKR1C4	0	80	80	80
AKR1C6P	0	80	80	80
AKR1C8P	0	80	80	80
AKR1E2	0	80	80	80
DIP2C	0	80	80	80
GTPBP4	0	80	80	80
IDI1	0	80	80	80
IDI2	0	80	80	80
IDI2-AS1	0	80	80	80
KLF6	0	80	80	80
LARP4B	0	80	80	80
LINC00200	0	80	80	80
LINC00700	0	80	80	80
LINC00701	0	80	80	80
LINC00702	0	80	80	80
LINC00703	0	80	80	80
LINC00704	0	80	80	80
LINC00705	0	80	80	80
LOC101927762	0	80	80	80
LOC101927964	0	80	80	80
LOC102723376	0	80	80	80
LOC105376351	0	80	80	80
LOC105376360	0	80	80	80
LOC105376365	0	80	80	80
MIR5699	0	80	80	80
MIR6072	0	80	80	80
MIR6078	0	80	80	80
PFKP	0	80	80	80
PITRM1	0	80	80	80
PITRM1-AS1	0	80	80	80
PRR26	0	80	80	80
SNORD142	0	80	80	80
TUBB8	0	80	80	80
WDR37	0	80	80	80
ZMYND11	0	80	80	80
LOC105378098	0	79	79	79
ARL8B	0	74	74	74
ARPC4	0	74	74	74
ARPC4-TTLL3	0	74	74	74
ATG7	0	74	74	74
ATP2B2	0	74	74	74
ATP2B2-IT2	0	74	74	74
BHLHE40	0	74	74	74
BHLHE40-AS1	0	74	74	74
BRK1	0	74	74	74
BRPF1	0	74	74	74
CAMK1	0	74	74	74
CAND2	0	74	74	74
CAV3	0	74	74	74
CHCHD4	0	74	74	74
CHL1	0	74	74	74
CHL1-AS1	0	74	74	74
CIDEC	0	74	74	74
CIDECP	0	74	74	74
CNTN4	0	74	74	74
CNTN4-AS1	0	74	74	74
CNTN4-AS2	0	74	74	74
CNTN6	0	74	74	74
CPNE9	0	74	74	74
CRBN	0	74	74	74
CRELD1	0	74	74	74
EDEM1	0	74	74	74
EGOT	0	74	74	74
EMC3	0	74	74	74
EMC3-AS1	0	74	74	74
FANCD2	0	74	74	74
FANCD2OS	0	74	74	74
FBLN2	0	74	74	74
FGD5P1	0	74	74	74
GHRL	0	74	74	74
GHRLOS	0	74	74	74
GRM7	0	74	74	74
GRM7-AS1	0	74	74	74
GRM7-AS2	0	74	74	74
GRM7-AS3	0	74	74	74
HDAC11	0	74	74	74
HDAC11-AS1	0	74	74	74
HRH1	0	74	74	74
IL17RC	0	74	74	74
IL17RE	0	74	74	74
IL5RA	0	74	74	74
IQSEC1	0	74	74	74
IRAK2	0	74	74	74
ITPR1	0	74	74	74
ITPR1-AS1	0	74	74	74
JAGN1	0	74	74	74
LHFPL4	0	74	74	74
LINC00312	0	74	74	74
LINC00606	0	74	74	74
LINC00620	0	74	74	74
LINC00852	0	74	74	74
LINC01266	0	74	74	74
LINC01267	0	74	74	74
LMCD1	0	74	74	74
LMCD1-AS1	0	74	74	74
LOC101927394	0	74	74	74
LOC101927416	0	74	74	74
LOC102723448	0	74	74	74
LOC105376955	0	74	74	74
LOC401052	0	74	74	74
LRRN1	0	74	74	74
LSM3	0	74	74	74
MIR378B	0	74	74	74
MIR4790	0	74	74	74
MIR885	0	74	74	74
MKRN2	0	74	74	74
MKRN2OS	0	74	74	74
MTMR14	0	74	74	74
NUP210	0	74	74	74
OGG1	0	74	74	74
OXTR	0	74	74	74
PPARG	0	74	74	74
PRRT3	0	74	74	74
PRRT3-AS1	0	74	74	74
RAD18	0	74	74	74
RAF1	0	74	74	74
RPL32	0	74	74	74
RPUSD3	0	74	74	74
SEC13	0	74	74	74
SETD5	0	74	74	74
SETMAR	0	74	74	74
SLC6A1	0	74	74	74
SLC6A1-AS1	0	74	74	74
SLC6A11	0	74	74	74
SLC6A6	0	74	74	74
SNORA7A	0	74	74	74
SNORA93	0	74	74	74
SRGAP3	0	74	74	74
SRGAP3-AS3	0	74	74	74
SSUH2	0	74	74	74
SUMF1	0	74	74	74
SYN2	0	74	74	74
TADA3	0	74	74	74
TAMM41	0	74	74	74
TATDN2	0	74	74	74
THUMPD3	0	74	74	74
THUMPD3-AS1	0	74	74	74
TIMP4	0	74	74	74
TMEM40	0	74	74	74
TMEM43	0	74	74	74
TPRXL	0	74	74	74
TRNT1	0	74	74	74
TSEN2	0	74	74	74
TTLL3	0	74	74	74
VGLL4	0	74	74	74
VHL	0	74	74	74
WNT7A	0	74	74	74
XPC	0	74	74	74
LINC00673	0	68	68	68
ABCA7	0	65	65	65
ADAMTSL5	0	65	65	65
APC2	0	65	65	65
ARHGAP45	0	65	65	65
ATP5D	0	65	65	65
ATP8B3	0	65	65	65
C19orf24	0	65	65	65
C19orf25	0	65	65	65
CBARP	0	65	65	65
CIRBP	0	65	65	65
CIRBP-AS1	0	65	65	65
DAZAP1	0	65	65	65
EFNA2	0	65	65	65
GAMT	0	65	65	65
GPX4	0	65	65	65
LOC100288123	0	65	65	65
MBD3	0	65	65	65
MEX3D	0	65	65	65
MIDN	0	65	65	65
MIR1909	0	65	65	65
MUM1	0	65	65	65
NDUFS7	0	65	65	65
ONECUT3	0	65	65	65
PCSK4	0	65	65	65
PLK5	0	65	65	65
POLR2E	0	65	65	65
REEP6	0	65	65	65
RPS15	0	65	65	65
SBNO2	0	65	65	65
STK11	0	65	65	65
TCF3	0	65	65	65
UQCR11	0	65	65	65
WWOX	0	65	65	65
A2MP1	0	63	63	63
APOLD1	0	63	63	63
ARHGDIB	0	63	63	63
ART4	0	63	63	63
ATF7IP	0	63	63	63
BCL2L14	0	63	63	63
BORCS5	0	63	63	63
C12orf60	0	63	63	63
CD69	0	63	63	63
CDKN1B	0	63	63	63
CLEC12A	0	63	63	63
CLEC12B	0	63	63	63
CLEC1A	0	63	63	63
CLEC1B	0	63	63	63
CLEC2A	0	63	63	63
CLEC2B	0	63	63	63
CLEC2D	0	63	63	63
CLEC7A	0	63	63	63
CLEC9A	0	63	63	63
CLECL1	0	63	63	63
CREBL2	0	63	63	63
DDX12P	0	63	63	63
DDX47	0	63	63	63
DUSP16	0	63	63	63
EMP1	0	63	63	63
ERP27	0	63	63	63
ETV6	0	63	63	63
FAM234B	0	63	63	63
GABARAPL1	0	63	63	63
GPR19	0	63	63	63
GPRC5A	0	63	63	63
GPRC5D	0	63	63	63
GRIN2B	0	63	63	63
GSG1	0	63	63	63
GUCY2C	0	63	63	63
H2AFJ	0	63	63	63
HEBP1	0	63	63	63
HIST4H4	0	63	63	63
HTR7P1	0	63	63	63
KLRA1P	0	63	63	63
KLRB1	0	63	63	63
KLRC1	0	63	63	63
KLRC2	0	63	63	63
KLRC3	0	63	63	63
KLRC4	0	63	63	63
KLRC4-KLRK1	0	63	63	63
KLRD1	0	63	63	63
KLRF1	0	63	63	63
KLRF2	0	63	63	63
KLRK1	0	63	63	63
LINC00987	0	63	63	63
LINC01252	0	63	63	63
LINC01489	0	63	63	63
LINC01559	0	63	63	63
LOC100506159	0	63	63	63
LOC100506314	0	63	63	63
LOC101928030	0	63	63	63
LOC101928100	0	63	63	63
LOC101928162	0	63	63	63
LOC101930452	0	63	63	63
LOC102724020	0	63	63	63
LOC374443	0	63	63	63
LOC400002	0	63	63	63
LOC642846	0	63	63	63
LOH12CR2	0	63	63	63
LRP6	0	63	63	63
MAGOHB	0	63	63	63
MANSC1	0	63	63	63
MGP	0	63	63	63
MIR613	0	63	63	63
MIR614	0	63	63	63
OLR1	0	63	63	63
PDE6H	0	63	63	63
PLBD1	0	63	63	63
PLBD1-AS1	0	63	63	63
PRB1	0	63	63	63
PRB2	0	63	63	63
PRB3	0	63	63	63
PRB4	0	63	63	63
PRH1	0	63	63	63
PRH1-PRR4	0	63	63	63
PRH1-TAS2R14	0	63	63	63
PRH2	0	63	63	63
PRR4	0	63	63	63
PTPRO	0	63	63	63
RERG	0	63	63	63
RERG-AS1	0	63	63	63
RPL13AP20	0	63	63	63
SMCO3	0	63	63	63
SMIM10L1	0	63	63	63
STYK1	0	63	63	63
TAS2R10	0	63	63	63
TAS2R13	0	63	63	63
TAS2R14	0	63	63	63
TAS2R19	0	63	63	63
TAS2R20	0	63	63	63
TAS2R30	0	63	63	63
TAS2R31	0	63	63	63
TAS2R42	0	63	63	63
TAS2R43	0	63	63	63
TAS2R46	0	63	63	63
TAS2R50	0	63	63	63
TAS2R7	0	63	63	63
TAS2R8	0	63	63	63
TAS2R9	0	63	63	63
TMEM52B	0	63	63	63
WBP11	0	63	63	63
YBX3	0	63	63	63
hsa-mir-1244-3	0	63	63	63
MIR8065	0	62	62	62
RBFOX1	0	62	62	62
FOXC1	0	58	58	58
GMDS	0	58	58	58
MIR4789	0	54	54	54
NAALADL2-AS1	0	54	54	54
NAALADL2-AS2	0	54	54	54
NAALADL2-AS3	0	54	54	54
CEBPD	0	47	47	47
FNTA	0	47	47	47
HGSNAT	0	47	47	47
LINC00293	0	47	47	47
LOC100287846	0	47	47	47
MCM4	0	47	47	47
POMK	0	47	47	47
POTEA	0	47	47	47
PRKDC	0	47	47	47
SPIDR	0	47	47	47
UBE2V2	0	47	47	47
TMEM11	41	0	41	41
ADK	29	0	29	29
AGAP5	29	0	29	29
ANXA11	29	0	29	29
ANXA7	29	0	29	29
AP3M1	29	0	29	29
BEND3P3	29	0	29	29
BMS1P21	29	0	29	29
BMS1P4	29	0	29	29
C10orf11	29	0	29	29
C10orf55	29	0	29	29
CAMK2G	29	0	29	29
CFAP70	29	0	29	29
CHCHD1	29	0	29	29
COMTD1	29	0	29	29
DLG5	29	0	29	29
DLG5-AS1	29	0	29	29
DUPD1	29	0	29	29
DUSP13	29	0	29	29
DYDC1	29	0	29	29
DYDC2	29	0	29	29
EIF5AL1	29	0	29	29
FAM213A	29	0	29	29
FUT11	29	0	29	29
GLUD1P3	29	0	29	29
KAT6B	29	0	29	29
KCNMA1	29	0	29	29
KCNMA1-AS1	29	0	29	29
KCNMA1-AS2	29	0	29	29
KCNMA1-AS3	29	0	29	29
LINC00595	29	0	29	29
LINC00856	29	0	29	29
LINC00857	29	0	29	29
LOC100130698	29	0	29	29
LOC101929165	29	0	29	29
LOC101929234	29	0	29	29
LOC101929574	29	0	29	29
LOC102723439	29	0	29	29
LOC102723703	29	0	29	29
LOC105378367	29	0	29	29
LOC105378385	29	0	29	29
LOC642361	29	0	29	29
LOC729815	29	0	29	29
MAT1A	29	0	29	29
MBL1P	29	0	29	29
MIR606	29	0	29	29
MSS51	29	0	29	29
MYOZ1	29	0	29	29
NDST2	29	0	29	29
NRG3	29	0	29	29
NRG3-AS1	29	0	29	29
NUTM2B	29	0	29	29
NUTM2B-AS1	29	0	29	29
PLAC9	29	0	29	29
PLAU	29	0	29	29
POLR3A	29	0	29	29
PPIF	29	0	29	29
PPP3CB	29	0	29	29
PPP3CB-AS1	29	0	29	29
RPS24	29	0	29	29
SAMD8	29	0	29	29
SEC24C	29	0	29	29
SFTPA1	29	0	29	29
SFTPA2	29	0	29	29
SFTPD	29	0	29	29
SH2D4B	29	0	29	29
SYNPO2L	29	0	29	29
TMEM254	29	0	29	29
TMEM254-AS1	29	0	29	29
TSPAN14	29	0	29	29
USP54	29	0	29	29
VCL	29	0	29	29
VDAC2	29	0	29	29
ZCCHC24	29	0	29	29
ZMIZ1	29	0	29	29
ZMIZ1-AS1	29	0	29	29
ZNF503	29	0	29	29
ZNF503-AS1	29	0	29	29
ZNF503-AS2	29	0	29	29
ZSWIM8	29	0	29	29
ZSWIM8-AS1	29	0	29	29
ACKR3	0	25	25	25
ACSL3	0	25	25	25
AGAP1	0	25	25	25
AGAP1-IT1	0	25	25	25
AGFG1	0	25	25	25
AGXT	0	25	25	25
ALPI	0	25	25	25
ALPP	0	25	25	25
ALPPL2	0	25	25	25
ANKMY1	0	25	25	25
ANO7	0	25	25	25
AP1S3	0	25	25	25
AQP12A	0	25	25	25
AQP12B	0	25	25	25
ARL4C	0	25	25	25
ARMC9	0	25	25	25
ASB1	0	25	25	25
ASB18	0	25	25	25
ATG16L1	0	25	25	25
ATG4B	0	25	25	25
B3GNT7	0	25	25	25
BOK	0	25	25	25
BOK-AS1	0	25	25	25
C2orf54	0	25	25	25
C2orf57	0	25	25	25
C2orf72	0	25	25	25
C2orf82	0	25	25	25
C2orf83	0	25	25	25
CAB39	0	25	25	25
CAPN10	0	25	25	25
CAPN10-AS1	0	25	25	25
CCL20	0	25	25	25
CHRND	0	25	25	25
CHRNG	0	25	25	25
COL4A3	0	25	25	25
COL4A4	0	25	25	25
COL6A3	0	25	25	25
COPS7B	0	25	25	25
COPS8	0	25	25	25
COPS9	0	25	25	25
CUL3	0	25	25	25
D2HGDH	0	25	25	25
DAW1	0	25	25	25
DGKD	0	25	25	25
DIS3L2	0	25	25	25
DNAJB3	0	25	25	25
DNER	0	25	25	25
DOCK10	0	25	25	25
DTYMK	0	25	25	25
DUSP28	0	25	25	25
ECEL1	0	25	25	25
ECEL1P2	0	25	25	25
EFHD1	0	25	25	25
EIF4E2	0	25	25	25
ERFE	0	25	25	25
ESPNL	0	25	25	25
FAM124B	0	25	25	25
FARP2	0	25	25	25
FBXO36	0	25	25	25
FLJ43879	0	25	25	25
GAL3ST2	0	25	25	25
GBX2	0	25	25	25
GIGYF2	0	25	25	25
GPC1	0	25	25	25
GPR35	0	25	25	25
GPR55	0	25	25	25
HDAC4	0	25	25	25
HDLBP	0	25	25	25
HES6	0	25	25	25
HJURP	0	25	25	25
HTR2B	0	25	25	25
ILKAP	0	25	25	25
ING5	0	25	25	25
INPP5D	0	25	25	25
IQCA1	0	25	25	25
IRS1	0	25	25	25
ITM2C	0	25	25	25
KCNE4	0	25	25	25
KCNJ13	0	25	25	25
KIF1A	0	25	25	25
KLHL30	0	25	25	25
LINC00471	0	25	25	25
LINC01107	0	25	25	25
LINC01173	0	25	25	25
LINC01237	0	25	25	25
LOC100286922	0	25	25	25
LOC101928111	0	25	25	25
LOC101928881	0	25	25	25
LOC102723927	0	25	25	25
LOC150935	0	25	25	25
LOC151174	0	25	25	25
LOC151475	0	25	25	25
LOC151484	0	25	25	25
LOC200772	0	25	25	25
LOC285095	0	25	25	25
LOC643387	0	25	25	25
LOC646736	0	25	25	25
LOC654841	0	25	25	25
LOC728323	0	25	25	25
LOC93463	0	25	25	25
LRRFIP1	0	25	25	25
MFF	0	25	25	25
MGC16025	0	25	25	25
MIR1471	0	25	25	25
MIR149	0	25	25	25
MIR2467	0	25	25	25
MIR3133	0	25	25	25
MIR4269	0	25	25	25
MIR4439	0	25	25	25
MIR4440	0	25	25	25
MIR4441	0	25	25	25
MIR4777	0	25	25	25
MIR4786	0	25	25	25
MIR5001	0	25	25	25
MIR562	0	25	25	25
MIR5702	0	25	25	25
MIR5703	0	25	25	25
MIR6811	0	25	25	25
MLPH	0	25	25	25
MROH2A	0	25	25	25
MRPL44	0	25	25	25
MSL3P1	0	25	25	25
MTERF4	0	25	25	25
NCL	0	25	25	25
NDUFA10	0	25	25	25
NEU2	0	25	25	25
NEU4	0	25	25	25
NGEF	0	25	25	25
NMUR1	0	25	25	25
NPPC	0	25	25	25
NYAP2	0	25	25	25
OR6B2	0	25	25	25
OR6B3	0	25	25	25
OTOS	0	25	25	25
PASK	0	25	25	25
PDCD1	0	25	25	25
PDE6D	0	25	25	25
PER2	0	25	25	25
PID1	0	25	25	25
PP14571	0	25	25	25
PPP1R7	0	25	25	25
PRLH	0	25	25	25
PRSS56	0	25	25	25
PSMD1	0	25	25	25
PTMA	0	25	25	25
RAB17	0	25	25	25
RAMP1	0	25	25	25
RBM44	0	25	25	25
RHBDD1	0	25	25	25
RNPEPL1	0	25	25	25
RTP5	0	25	25	25
SAG	0	25	25	25
SCARNA5	0	25	25	25
SCARNA6	0	25	25	25
SCG2	0	25	25	25
SCLY	0	25	25	25
SEPT2	0	25	25	25
SERPINE2	0	25	25	25
SH3BP4	0	25	25	25
SLC16A14	0	25	25	25
SLC19A3	0	25	25	25
SNED1	0	25	25	25
SNORA75	0	25	25	25
SNORD20	0	25	25	25
SNORD82	0	25	25	25
SP100	0	25	25	25
SP110	0	25	25	25
SP140	0	25	25	25
SP140L	0	25	25	25
SPATA3	0	25	25	25
SPATA3-AS1	0	25	25	25
SPHKAP	0	25	25	25
SPP2	0	25	25	25
STK25	0	25	25	25
THAP4	0	25	25	25
TIGD1	0	25	25	25
TM4SF20	0	25	25	25
TRAF3IP1	0	25	25	25
TRIP12	0	25	25	25
TRPM8	0	25	25	25
TWIST2	0	25	25	25
UBE2F	0	25	25	25
UBE2F-SCLY	0	25	25	25
UGT1A1	0	25	25	25
UGT1A10	0	25	25	25
UGT1A3	0	25	25	25
UGT1A4	0	25	25	25
UGT1A5	0	25	25	25
UGT1A6	0	25	25	25
UGT1A7	0	25	25	25
UGT1A8	0	25	25	25
UGT1A9	0	25	25	25
USP40	0	25	25	25
WDFY1	0	25	25	25
hsa-mir-1244-1	0	25	25	25
ADPRHL2	20	0	20	20
AGBL4	20	0	20	20
AGO1	20	0	20	20
AGO3	20	0	20	20
AGO4	20	0	20	20
AKIRIN1	20	0	20	20
AKR1A1	20	0	20	20
ARTN	20	0	20	20
ATP6V0B	20	0	20	20
ATPAF1	20	0	20	20
B4GALT2	20	0	20	20
BEND5	20	0	20	20
BEST4	20	0	20	20
BMP8A	20	0	20	20
BMP8B	20	0	20	20
BTBD19	20	0	20	20
C1orf109	20	0	20	20
C1orf122	20	0	20	20
C1orf185	20	0	20	20
C1orf210	20	0	20	20
C1orf216	20	0	20	20
C1orf228	20	0	20	20
C1orf50	20	0	20	20
CAP1	20	0	20	20
CCDC163	20	0	20	20
CCDC17	20	0	20	20
CCDC24	20	0	20	20
CCDC30	20	0	20	20
CDC20	20	0	20	20
CDCA8	20	0	20	20
CDKN2C	20	0	20	20
CFAP57	20	0	20	20
CITED4	20	0	20	20
CLDN19	20	0	20	20
CLSPN	20	0	20	20
CMPK1	20	0	20	20
COL8A2	20	0	20	20
COL9A2	20	0	20	20
CSF3R	20	0	20	20
CTPS1	20	0	20	20
CYP4A11	20	0	20	20
CYP4A22	20	0	20	20
CYP4B1	20	0	20	20
CYP4X1	20	0	20	20
CYP4Z1	20	0	20	20
CYP4Z2P	20	0	20	20
DLGAP3	20	0	20	20
DMAP1	20	0	20	20
DMBX1	20	0	20	20
DMRTA2	20	0	20	20
DNALI1	20	0	20	20
DPH2	20	0	20	20
EBNA1BP2	20	0	20	20
EDN2	20	0	20	20
EFCAB14	20	0	20	20
EFCAB14-AS1	20	0	20	20
EIF2B3	20	0	20	20
ELAVL4	20	0	20	20
ELOVL1	20	0	20	20
EPHA10	20	0	20	20
ERI3	20	0	20	20
ERI3-IT1	20	0	20	20
ERMAP	20	0	20	20
EVA1B	20	0	20	20
EXO5	20	0	20	20
FAAH	20	0	20	20
FAAHP1	20	0	20	20
FAF1	20	0	20	20
FAM183A	20	0	20	20
FHL3	20	0	20	20
FOXD2	20	0	20	20
FOXD2-AS1	20	0	20	20
FOXE3	20	0	20	20
FOXJ3	20	0	20	20
FOXO6	20	0	20	20
GJA9	20	0	20	20
GJA9-MYCBP	20	0	20	20
GNL2	20	0	20	20
GPBP1L1	20	0	20	20
GRIK3	20	0	20	20
GUCA2A	20	0	20	20
GUCA2B	20	0	20	20
HECTD3	20	0	20	20
HEYL	20	0	20	20
HIVEP3	20	0	20	20
HPCAL4	20	0	20	20
HPDL	20	0	20	20
HYI	20	0	20	20
INPP5B	20	0	20	20
IPO13	20	0	20	20
IPP	20	0	20	20
KCNQ4	20	0	20	20
KDM4A	20	0	20	20
KDM4A-AS1	20	0	20	20
KIAA0319L	20	0	20	20
KIAA0754	20	0	20	20
KIF2C	20	0	20	20
KLF17	20	0	20	20
KNCN	20	0	20	20
LINC00853	20	0	20	20
LINC01137	20	0	20	20
LINC01144	20	0	20	20
LINC01343	20	0	20	20
LINC01389	20	0	20	20
LINC01398	20	0	20	20
LOC100129924	20	0	20	20
LOC101929516	20	0	20	20
LOC101929536	20	0	20	20
LOC101929592	20	0	20	20
LOC101929626	20	0	20	20
LOC101929901	20	0	20	20
LOC105378663	20	0	20	20
LOC105378683	20	0	20	20
LOC339539	20	0	20	20
LOC653160	20	0	20	20
LRRC41	20	0	20	20
LSM10	20	0	20	20
LURAP1	20	0	20	20
MACF1	20	0	20	20
MANEAL	20	0	20	20
MAP7D1	20	0	20	20
MAST2	20	0	20	20
MEAF6	20	0	20	20
MED8	20	0	20	20
MFSD2A	20	0	20	20
MIR30C1	20	0	20	20
MIR30E	20	0	20	20
MIR3659	20	0	20	20
MIR4255	20	0	20	20
MIR4421	20	0	20	20
MIR5581	20	0	20	20
MIR5584	20	0	20	20
MIR6079	20	0	20	20
MIR6500	20	0	20	20
MIR6732	20	0	20	20
MIR6733	20	0	20	20
MIR6734	20	0	20	20
MIR6735	20	0	20	20
MKNK1	20	0	20	20
MKNK1-AS1	20	0	20	20
MMACHC	20	0	20	20
MOB3C	20	0	20	20
MPL	20	0	20	20
MRPS15	20	0	20	20
MTF1	20	0	20	20
MUTYH	20	0	20	20
MYCBP	20	0	20	20
MYCL	20	0	20	20
NASP	20	0	20	20
NCDN	20	0	20	20
NDUFS5	20	0	20	20
NFYC	20	0	20	20
NFYC-AS1	20	0	20	20
NSUN4	20	0	20	20
NT5C1A	20	0	20	20
OSCP1	20	0	20	20
OXCT2	20	0	20	20
OXCT2P1	20	0	20	20
P3H1	20	0	20	20
PABPC4	20	0	20	20
PDZK1IP1	20	0	20	20
PIK3R3	20	0	20	20
PLK3	20	0	20	20
POMGNT1	20	0	20	20
POU3F1	20	0	20	20
PPCS	20	0	20	20
PPIE	20	0	20	20
PPIEL	20	0	20	20
PPIH	20	0	20	20
PPT1	20	0	20	20
PRDX1	20	0	20	20
PSMB2	20	0	20	20
PTCH2	20	0	20	20
PTPRF	20	0	20	20
RAD54L	20	0	20	20
RHBDL2	20	0	20	20
RIMKLA	20	0	20	20
RIMS3	20	0	20	20
RLF	20	0	20	20
RNF220	20	0	20	20
RNU5D-1	20	0	20	20
RNU5F-1	20	0	20	20
RPS15AP10	20	0	20	20
RPS8	20	0	20	20
RRAGC	20	0	20	20
RSPO1	20	0	20	20
SCMH1	20	0	20	20
SF3A3	20	0	20	20
SFPQ	20	0	20	20
SH3D21	20	0	20	20
SKINT1L	20	0	20	20
SLC2A1	20	0	20	20
SLC2A1-AS1	20	0	20	20
SLC5A9	20	0	20	20
SLC6A9	20	0	20	20
SLFNL1	20	0	20	20
SLFNL1-AS1	20	0	20	20
SMAP2	20	0	20	20
SMIM12	20	0	20	20
SNIP1	20	0	20	20
SNORA110	20	0	20	20
SNORA55	20	0	20	20
SNORD38A	20	0	20	20
SNORD38B	20	0	20	20
SNORD46	20	0	20	20
SNORD55	20	0	20	20
SPATA6	20	0	20	20
ST3GAL3	20	0	20	20
STIL	20	0	20	20
STK40	20	0	20	20
SVBP	20	0	20	20
SZT2	20	0	20	20
TAL1	20	0	20	20
TCTEX1D4	20	0	20	20
TEKT2	20	0	20	20
TESK2	20	0	20	20
TEX38	20	0	20	20
TFAP2E	20	0	20	20
THRAP3	20	0	20	20
TIE1	20	0	20	20
TMCO2	20	0	20	20
TMEM125	20	0	20	20
TMEM35B	20	0	20	20
TMEM53	20	0	20	20
TMEM69	20	0	20	20
TOE1	20	0	20	20
TRABD2B	20	0	20	20
TRAPPC3	20	0	20	20
TRIT1	20	0	20	20
TSPAN1	20	0	20	20
UQCRH	20	0	20	20
UROD	20	0	20	20
UTP11	20	0	20	20
YBX1	20	0	20	20
YRDC	20	0	20	20
ZC3H12A	20	0	20	20
ZFP69	20	0	20	20
ZFP69B	20	0	20	20
ZMPSTE24	20	0	20	20
ZMYM1	20	0	20	20
ZMYM4	20	0	20	20
ZMYM6	20	0	20	20
ZMYND12	20	0	20	20
ZNF684	20	0	20	20
ZNF691	20	0	20	20
ZSWIM5	20	0	20	20
ABCG5	0	18	18	18
ABCG8	0	18	18	18
ACOD1	0	18	18	18
AKAP11	0	18	18	18
ALG11	0	18	18	18
ALG5	0	18	18	18
ALOX5AP	0	18	18	18
ARL11	0	18	18	18
ATP7B	0	18	18	18
ATXN8OS	0	18	18	18
B3GLCT	0	18	18	18
BORA	0	18	18	18
BRCA2	0	18	18	18
BTF3P11	0	18	18	18
C1GALT1C1L	0	18	18	18
C2orf91	0	18	18	18
CAB39L	0	18	18	18
CAMKMT	0	18	18	18
CCDC122	0	18	18	18
CCDC169	0	18	18	18
CCDC169-SOHLH2	0	18	18	18
CCDC70	0	18	18	18
CCNA1	0	18	18	18
CDADC1	0	18	18	18
CKAP2	0	18	18	18
CLN5	0	18	18	18
COG3	0	18	18	18
COG6	0	18	18	18
COMMD6	0	18	18	18
COX7A2L	0	18	18	18
CPB2	0	18	18	18
CPB2-AS1	0	18	18	18
CSNK1A1L	0	18	18	18
CTAGE10P	0	18	18	18
CTAGE11P	0	18	18	18
CYSLTR2	0	18	18	18
DACH1	0	18	18	18
DCLK1	0	18	18	18
DCT	0	18	18	18
DGKH	0	18	18	18
DHRS12	0	18	18	18
DIAPH3	0	18	18	18
DIAPH3-AS1	0	18	18	18
DIAPH3-AS2	0	18	18	18
DIS3	0	18	18	18
DLEU1	0	18	18	18
DLEU1-AS1	0	18	18	18
DLEU2	0	18	18	18
DLEU7	0	18	18	18
DLEU7-AS1	0	18	18	18
DNAJC15	0	18	18	18
DYNC2LI1	0	18	18	18
EBPL	0	18	18	18
EDNRB	0	18	18	18
EDNRB-AS1	0	18	18	18
EEF1DP3	0	18	18	18
ELF1	0	18	18	18
EML4	0	18	18	18
ENOX1	0	18	18	18
ENOX1-AS2	0	18	18	18
EPSTI1	0	18	18	18
ERICH6B	0	18	18	18
ESD	0	18	18	18
EXOSC8	0	18	18	18
FAM124A	0	18	18	18
FAM216B	0	18	18	18
FBXL3	0	18	18	18
FNDC3A	0	18	18	18
FOXO1	0	18	18	18
FREM2	0	18	18	18
FRY	0	18	18	18
FRY-AS1	0	18	18	18
GPALPP1	0	18	18	18
GPC5	0	18	18	18
GPC5-AS1	0	18	18	18
GPC5-AS2	0	18	18	18
GPC6	0	18	18	18
GPC6-AS1	0	18	18	18
GPC6-AS2	0	18	18	18
GPR180	0	18	18	18
GTF2F2	0	18	18	18
GUCY1B2	0	18	18	18
HAAO	0	18	18	18
HMGB1	0	18	18	18
HNRNPA1L2	0	18	18	18
HSPH1	0	18	18	18
HTR2A	0	18	18	18
HTR2A-AS1	0	18	18	18
INTS6	0	18	18	18
INTS6-AS1	0	18	18	18
ITM2B	0	18	18	18
KATNAL1	0	18	18	18
KBTBD6	0	18	18	18
KBTBD7	0	18	18	18
KCNG3	0	18	18	18
KCNRG	0	18	18	18
KCTD12	0	18	18	18
KCTD4	0	18	18	18
KL	0	18	18	18
KLF12	0	18	18	18
KLF5	0	18	18	18
KLHL1	0	18	18	18
KPNA3	0	18	18	18
LACC1	0	18	18	18
LCP1	0	18	18	18
LECT1	0	18	18	18
LHFP	0	18	18	18
LINC00282	0	18	18	18
LINC00284	0	18	18	18
LINC00297	0	18	18	18
LINC00330	0	18	18	18
LINC00331	0	18	18	18
LINC00332	0	18	18	18
LINC00333	0	18	18	18
LINC00347	0	18	18	18
LINC00348	0	18	18	18
LINC00351	0	18	18	18
LINC00353	0	18	18	18
LINC00358	0	18	18	18
LINC00363	0	18	18	18
LINC00364	0	18	18	18
LINC00365	0	18	18	18
LINC00366	0	18	18	18
LINC00371	0	18	18	18
LINC00374	0	18	18	18
LINC00375	0	18	18	18
LINC00376	0	18	18	18
LINC00377	0	18	18	18
LINC00378	0	18	18	18
LINC00379	0	18	18	18
LINC00380	0	18	18	18
LINC00381	0	18	18	18
LINC00382	0	18	18	18
LINC00383	0	18	18	18
LINC00384	0	18	18	18
LINC00390	0	18	18	18
LINC00392	0	18	18	18
LINC00395	0	18	18	18
LINC00397	0	18	18	18
LINC00398	0	18	18	18
LINC00400	0	18	18	18
LINC00410	0	18	18	18
LINC00423	0	18	18	18
LINC00426	0	18	18	18
LINC00428	0	18	18	18
LINC00430	0	18	18	18
LINC00433	0	18	18	18
LINC00434	0	18	18	18
LINC00437	0	18	18	18
LINC00440	0	18	18	18
LINC00441	0	18	18	18
LINC00445	0	18	18	18
LINC00446	0	18	18	18
LINC00448	0	18	18	18
LINC00457	0	18	18	18
LINC00458	0	18	18	18
LINC00462	0	18	18	18
LINC00544	0	18	18	18
LINC00545	0	18	18	18
LINC00547	0	18	18	18
LINC00548	0	18	18	18
LINC00550	0	18	18	18
LINC00558	0	18	18	18
LINC00559	0	18	18	18
LINC00560	0	18	18	18
LINC00562	0	18	18	18
LINC00563	0	18	18	18
LINC00564	0	18	18	18
LINC00571	0	18	18	18
LINC00572	0	18	18	18
LINC00598	0	18	18	18
LINC01038	0	18	18	18
LINC01040	0	18	18	18
LINC01047	0	18	18	18
LINC01048	0	18	18	18
LINC01049	0	18	18	18
LINC01050	0	18	18	18
LINC01052	0	18	18	18
LINC01055	0	18	18	18
LINC01058	0	18	18	18
LINC01065	0	18	18	18
LINC01068	0	18	18	18
LINC01069	0	18	18	18
LINC01075	0	18	18	18
LINC01078	0	18	18	18
LINC01080	0	18	18	18
LINC01121	0	18	18	18
LINC01126	0	18	18	18
LINC01198	0	18	18	18
LMO7	0	18	18	18
LMO7-AS1	0	18	18	18
LMO7DN	0	18	18	18
LMO7DN-IT1	0	18	18	18
LOC100129307	0	18	18	18
LOC101926897	0	18	18	18
LOC101926951	0	18	18	18
LOC101927248	0	18	18	18
LOC101927284	0	18	18	18
LOC101929140	0	18	18	18
LOC101929259	0	18	18	18
LOC101929657	0	18	18	18
LOC101929723	0	18	18	18
LOC102723345	0	18	18	18
LOC102723824	0	18	18	18
LOC102723854	0	18	18	18
LOC102723968	0	18	18	18
LOC103191607	0	18	18	18
LOC105370177	0	18	18	18
LOC105370203	0	18	18	18
LOC105370306	0	18	18	18
LOC388942	0	18	18	18
LPAR6	0	18	18	18
LRCH1	0	18	18	18
LRPPRC	0	18	18	18
LRRC63	0	18	18	18
MAB21L1	0	18	18	18
MED4	0	18	18	18
MED4-AS1	0	18	18	18
MEDAG	0	18	18	18
MINOS1P1	0	18	18	18
MIR1297	0	18	18	18
MIR15A	0	18	18	18
MIR16-1	0	18	18	18
MIR17	0	18	18	18
MIR17HG	0	18	18	18
MIR18A	0	18	18	18
MIR19A	0	18	18	18
MIR19B1	0	18	18	18
MIR20A	0	18	18	18
MIR3168	0	18	18	18
MIR3169	0	18	18	18
MIR320D1	0	18	18	18
MIR3613	0	18	18	18
MIR3665	0	18	18	18
MIR4305	0	18	18	18
MIR4500	0	18	18	18
MIR4500HG	0	18	18	18
MIR4703	0	18	18	18
MIR4704	0	18	18	18
MIR5006	0	18	18	18
MIR5007	0	18	18	18
MIR548AS	0	18	18	18
MIR548X2	0	18	18	18
MIR5693	0	18	18	18
MIR621	0	18	18	18
MIR622	0	18	18	18
MIR759	0	18	18	18
MIR8079	0	18	18	18
MIR92A1	0	18	18	18
MLNR	0	18	18	18
MRPS31	0	18	18	18
MRPS31P5	0	18	18	18
MTA3	0	18	18	18
MTRF1	0	18	18	18
MTUS2	0	18	18	18
MTUS2-AS1	0	18	18	18
MYCBP2	0	18	18	18
MYCBP2-AS1	0	18	18	18
MZT1	0	18	18	18
N4BP2L1	0	18	18	18
N4BP2L2	0	18	18	18
N4BP2L2-IT2	0	18	18	18
NAA16	0	18	18	18
NBEA	0	18	18	18
NDFIP2	0	18	18	18
NDFIP2-AS1	0	18	18	18
NEK3	0	18	18	18
NEK5	0	18	18	18
NHLRC3	0	18	18	18
NUDT15	0	18	18	18
NUFIP1	0	18	18	18
OLFM4	0	18	18	18
OR7E156P	0	18	18	18
OR7E37P	0	18	18	18
OXER1	0	18	18	18
PCDH17	0	18	18	18
PCDH20	0	18	18	18
PCDH8	0	18	18	18
PCDH9	0	18	18	18
PCDH9-AS2	0	18	18	18
PCDH9-AS3	0	18	18	18
PCDH9-AS4	0	18	18	18
PDS5B	0	18	18	18
PHF11	0	18	18	18
PIBF1	0	18	18	18
PKDCC	0	18	18	18
PLEKHH2	0	18	18	18
POSTN	0	18	18	18
POU4F1	0	18	18	18
PPM1B	0	18	18	18
PREPL	0	18	18	18
PROSER1	0	18	18	18
PRR20A	0	18	18	18
PRR20B	0	18	18	18
PRR20C	0	18	18	18
PRR20D	0	18	18	18
RB1	0	18	18	18
RBM26	0	18	18	18
RBM26-AS1	0	18	18	18
RCBTB1	0	18	18	18
RCBTB2	0	18	18	18
RFC3	0	18	18	18
RFXAP	0	18	18	18
RGCC	0	18	18	18
RNASEH2B	0	18	18	18
RNASEH2B-AS1	0	18	18	18
RNF219	0	18	18	18
RNF219-AS1	0	18	18	18
RUBCNL	0	18	18	18
RXFP2	0	18	18	18
SCEL	0	18	18	18
SCEL-AS1	0	18	18	18
SERP2	0	18	18	18
SERPINE3	0	18	18	18
SERTM1	0	18	18	18
SETDB2	0	18	18	18
SETDB2-PHF11	0	18	18	18
SIAH3	0	18	18	18
SIX2	0	18	18	18
SIX3	0	18	18	18
SIX3-AS1	0	18	18	18
SLAIN1	0	18	18	18
SLC25A15	0	18	18	18
SLC25A30	0	18	18	18
SLC25A30-AS1	0	18	18	18
SLC3A1	0	18	18	18
SLC7A1	0	18	18	18
SLITRK1	0	18	18	18
SLITRK5	0	18	18	18
SLITRK6	0	18	18	18
SMAD9	0	18	18	18
SMIM2	0	18	18	18
SMIM2-AS1	0	18	18	18
SMIM2-IT1	0	18	18	18
SNORA107	0	18	18	18
SNORA31	0	18	18	18
SOHLH2	0	18	18	18
SOX21	0	18	18	18
SOX21-AS1	0	18	18	18
SPERT	0	18	18	18
SPG20	0	18	18	18
SPG20-AS1	0	18	18	18
SPRY2	0	18	18	18
SPRYD7	0	18	18	18
SRBD1	0	18	18	18
ST13P4	0	18	18	18
STARD13	0	18	18	18
STARD13-AS	0	18	18	18
STOML3	0	18	18	18
SUCLA2	0	18	18	18
SUGT1	0	18	18	18
SUGT1P3	0	18	18	18
SUPT20H	0	18	18	18
TBC1D4	0	18	18	18
TDRD3	0	18	18	18
TEX26	0	18	18	18
TEX26-AS1	0	18	18	18
TGDS	0	18	18	18
THADA	0	18	18	18
THSD1	0	18	18	18
TNFSF11	0	18	18	18
TPT1	0	18	18	18
TPT1-AS1	0	18	18	18
TPTE2P3	0	18	18	18
TPTE2P5	0	18	18	18
TRIM13	0	18	18	18
TRPC4	0	18	18	18
TSC22D1	0	18	18	18
TSC22D1-AS1	0	18	18	18
TUSC8	0	18	18	18
UBL3	0	18	18	18
UCHL3	0	18	18	18
UFM1	0	18	18	18
USPL1	0	18	18	18
UTP14C	0	18	18	18
VPS36	0	18	18	18
VWA8	0	18	18	18
VWA8-AS1	0	18	18	18
WBP4	0	18	18	18
WDFY2	0	18	18	18
ZAR1L	0	18	18	18
ZC3H13	0	18	18	18
ZFP36L2	0	18	18	18
LOC101927926	0	17	17	17
LOC101927948	0	17	17	17
LOC101927967	0	17	17	17
SNAR-H	0	17	17	17
IMMP2L	0	15	15	15
LRRN3	0	15	15	15
