Hugo_Symbol	Amp	Del	total	AlteredSamples
MIR7641-2	0	248	248	131
MIR1302-10	52	163	215	134
MIR1302-11	52	163	215	134
MIR1302-2	52	163	215	134
MIR1302-9	52	163	215	134
MIR6859-1	52	138	190	124
MIR6859-2	52	138	190	124
MIR6859-3	52	138	190	124
FAM138A	0	163	163	120
FAM138C	0	163	163	120
RNU1-1	85	76	161	119
RNU1-2	85	76	161	119
RNU1-3	85	76	161	119
RNU1-4	85	76	161	119
ANK1	75	74	149	126
AP3M2	75	74	149	126
IKBKB	75	74	149	126
KAT6A	75	74	149	126
LOC101929897	75	74	149	126
LOC105379393	75	74	149	126
PLAT	75	74	149	126
FAM138D	68	76	144	108
CASC21	141	0	141	141
CASC8	141	0	141	141
CDKN2A	0	134	134	134
CDKN2A-AS1	0	134	134	134
ACTRT3	127	0	127	127
LOC100128164	127	0	127	127
LRRC31	127	0	127	127
LRRC34	127	0	127	127
LRRIQ4	127	0	127	127
MYNN	127	0	127	127
SAMD7	127	0	127	127
SEC62	127	0	127	127
TERC	127	0	127	127
SNORA59A	0	123	123	95
EGFR	121	0	121	121
EGFR-AS1	121	0	121	121
ELDR	121	0	121	121
MIR944	121	0	121	121
P3H2	121	0	121	121
TP63	121	0	121	121
FHIT	0	120	120	120
MIR548BB	0	120	120	120
CACNA2D3	0	119	119	119
CACNA2D3-AS1	0	119	119	119
ESRG	0	119	119	119
LRTM1	0	119	119	119
CCNE1	56	57	113	89
URI1	56	57	113	89
SMAD4	0	112	112	112
LRRN1	0	110	110	110
SETMAR	0	110	110	110
ANKIB1	108	0	108	108
CALCR	108	0	108	108
CDK6	108	0	108	108
ERVW-1	108	0	108	108
FAM133B	108	0	108	108
GATAD1	108	0	108	108
HEPACAM2	108	0	108	108
KRIT1	108	0	108	108
LOC101927497	108	0	108	108
LOC105375396	108	0	108	108
MIR489	108	0	108	108
MIR653	108	0	108	108
PEX1	108	0	108	108
RBM48	108	0	108	108
SAMD9	108	0	108	108
SAMD9L	108	0	108	108
VPS50	108	0	108	108
CUL2	52	55	107	91
MIR3611	52	55	107	91
MIR4318	0	107	107	107
MIR5583-1	0	107	107	107
MIR5583-2	0	107	107	107
MIR924	0	107	107	107
ATG7	0	106	106	106
VGLL4	0	106	106	106
MIR582	0	104	104	104
PART1	0	104	104	104
PDE4D	0	104	104	104
A1CF	0	103	103	61
ACTR3BP5	0	103	103	61
ADAMTS14	0	103	103	61
ADO	0	103	103	61
AGAP12P	0	103	103	61
AGAP4	0	103	103	61
AGAP6	0	103	103	61
AGAP7P	0	103	103	61
AGAP9	0	103	103	61
AIFM2	0	103	103	61
ALOX5	0	103	103	61
ANK3	0	103	103	61
ANKRD30BP3	0	103	103	61
ANTXRL	0	103	103	61
ANTXRLP1	0	103	103	61
ANXA2P3	0	103	103	61
ANXA8	0	103	103	61
ANXA8L1	0	103	103	61
ARHGAP22	0	103	103	61
ARID5B	0	103	103	61
ASAH2	0	103	103	61
ASAH2B	0	103	103	61
ATOH7	0	103	103	61
BICC1	0	103	103	61
BMS1	0	103	103	61
BMS1P5	0	103	103	61
BMS1P6	0	103	103	61
C10orf10	0	103	103	61
C10orf107	0	103	103	61
C10orf128	0	103	103	61
C10orf142	0	103	103	61
C10orf25	0	103	103	61
C10orf35	0	103	103	61
C10orf53	0	103	103	61
C10orf71	0	103	103	61
C10orf71-AS1	0	103	103	61
CCAR1	0	103	103	61
CCDC6	0	103	103	61
CCEPR	0	103	103	61
CCNYL2	0	103	103	61
CDK1	0	103	103	61
CH17-360D5.1	0	103	103	61
CHAT	0	103	103	61
CISD1	0	103	103	61
COL13A1	0	103	103	61
CSGALNACT2	0	103	103	61
CSTF2T	0	103	103	61
CTNNA3	0	103	103	61
CTSLP2	0	103	103	61
CXCL12	0	103	103	61
DDX21	0	103	103	61
DDX50	0	103	103	61
DKK1	0	103	103	61
DNA2	0	103	103	61
DNAJC12	0	103	103	61
DRGX	0	103	103	61
EGR2	0	103	103	61
EIF4EBP2	0	103	103	61
ERCC6	0	103	103	61
FAM133CP	0	103	103	61
FAM13C	0	103	103	61
FAM170B	0	103	103	61
FAM170B-AS1	0	103	103	61
FAM21A	0	103	103	61
FAM21C	0	103	103	61
FAM21EP	0	103	103	61
FAM25BP	0	103	103	61
FAM25C	0	103	103	61
FAM25G	0	103	103	61
FAM35BP	0	103	103	61
FAM35DP	0	103	103	61
FRMPD2	0	103	103	61
FRMPD2B	0	103	103	61
FXYD4	0	103	103	61
GDF10	0	103	103	61
GDF2	0	103	103	61
GLUD1P7	0	103	103	61
GPRIN2	0	103	103	61
H2AFY2	0	103	103	61
HERC4	0	103	103	61
HK1	0	103	103	61
HKDC1	0	103	103	61
HNRNPA1P33	0	103	103	61
HNRNPA3P1	0	103	103	61
HNRNPF	0	103	103	61
HNRNPH3	0	103	103	61
IPMK	0	103	103	61
JMJD1C	0	103	103	61
JMJD1C-AS1	0	103	103	61
KIF1BP	0	103	103	61
LINC00619	0	103	103	61
LINC00839	0	103	103	61
LINC00840	0	103	103	61
LINC00841	0	103	103	61
LINC00842	0	103	103	61
LINC00844	0	103	103	61
LINC00845	0	103	103	61
LINC01264	0	103	103	61
LINC01468	0	103	103	61
LINC01515	0	103	103	61
LINC01518	0	103	103	61
LINC01553	0	103	103	61
LOC101928887	0	103	103	61
LOC101928961	0	103	103	61
LOC101928994	0	103	103	61
LOC101929445	0	103	103	61
LOC102724264	0	103	103	61
LOC102724323	0	103	103	61
LOC102724593	0	103	103	61
LOC102724719	0	103	103	61
LOC105378269	0	103	103	61
LOC105378292	0	103	103	61
LOC105378311	0	103	103	61
LOC105378330	0	103	103	61
LOC107001062	0	103	103	61
LOC283028	0	103	103	61
LOC283045	0	103	103	61
LOC441666	0	103	103	61
LRRC18	0	103	103	61
LRRC20	0	103	103	61
LRRTM3	0	103	103	61
MAPK8	0	103	103	61
MARCH8	0	103	103	61
MBL2	0	103	103	61
MIR1254-1	0	103	103	61
MIR1296	0	103	103	61
MIR3156-1	0	103	103	61
MIR3924	0	103	103	61
MIR4294	0	103	103	61
MIR5100	0	103	103	61
MIR548F1	0	103	103	61
MIR605	0	103	103	61
MIR7151	0	103	103	61
MRLN	0	103	103	61
MSMB	0	103	103	61
MTRNR2L5	0	103	103	61
MYPN	0	103	103	61
NCOA4	0	103	103	61
NEUROG3	0	103	103	61
NODAL	0	103	103	61
NPFFR1	0	103	103	61
NPY4R	0	103	103	61
NRBF2	0	103	103	61
OGDHL	0	103	103	61
OR13A1	0	103	103	61
PALD1	0	103	103	61
PARG	0	103	103	61
PARGP1	0	103	103	61
PBLD	0	103	103	61
PCBD1	0	103	103	61
PCDH15	0	103	103	61
PGBD3	0	103	103	61
PHYHIPL	0	103	103	61
POU5F1P5	0	103	103	61
PPA1	0	103	103	61
PRF1	0	103	103	61
PRKG1	0	103	103	61
PRKG1-AS1	0	103	103	61
PTPN20	0	103	103	61
RASGEF1A	0	103	103	61
RASSF4	0	103	103	61
RBP3	0	103	103	61
REEP3	0	103	103	61
RET	0	103	103	61
RHOBTB1	0	103	103	61
RSU1P2	0	103	103	61
RTKN2	0	103	103	61
RUFY2	0	103	103	61
SAR1A	0	103	103	61
SGMS1	0	103	103	61
SGMS1-AS1	0	103	103	61
SGPL1	0	103	103	61
SIRT1	0	103	103	61
SLC16A9	0	103	103	61
SLC18A3	0	103	103	61
SLC25A16	0	103	103	61
SNORD98	0	103	103	61
SRGN	0	103	103	61
STOX1	0	103	103	61
SUPV3L1	0	103	103	61
SYT15	0	103	103	61
TACR2	0	103	103	61
TBATA	0	103	103	61
TET1	0	103	103	61
TFAM	0	103	103	61
TIMM23	0	103	103	61
TIMM23B	0	103	103	61
TMEM26	0	103	103	61
TMEM26-AS1	0	103	103	61
TMEM72	0	103	103	61
TMEM72-AS1	0	103	103	61
TSPAN15	0	103	103	61
TYSND1	0	103	103	61
UBE2D1	0	103	103	61
VPS26A	0	103	103	61
VSTM4	0	103	103	61
WDFY4	0	103	103	61
ZFAND4	0	103	103	61
ZNF22	0	103	103	61
ZNF239	0	103	103	61
ZNF32	0	103	103	61
ZNF32-AS1	0	103	103	61
ZNF32-AS2	0	103	103	61
ZNF32-AS3	0	103	103	61
ZNF33B	0	103	103	61
ZNF365	0	103	103	61
ZNF37BP	0	103	103	61
ZNF485	0	103	103	61
ZNF487	0	103	103	61
ZNF488	0	103	103	61
ZWINT	0	103	103	61
ADNP2	0	102	102	102
ATP9B	0	102	102	102
BCL2	0	102	102	102
C18orf63	0	102	102	102
C18orf65	0	102	102	102
CBLN2	0	102	102	102
CCBE1	0	102	102	102
CCDC102B	0	102	102	102
CD226	0	102	102	102
CDH19	0	102	102	102
CDH20	0	102	102	102
CDH7	0	102	102	102
CNDP1	0	102	102	102
CNDP2	0	102	102	102
CPLX4	0	102	102	102
CTDP1	0	102	102	102
CYB5A	0	102	102	102
DOK6	0	102	102	102
DSEL	0	102	102	102
FAM69C	0	102	102	102
FBXO15	0	102	102	102
GALR1	0	102	102	102
GRP	0	102	102	102
GTSCR1	0	102	102	102
HMSD	0	102	102	102
HSBP1L1	0	102	102	102
KCNG2	0	102	102	102
KDSR	0	102	102	102
KIAA1468	0	102	102	102
LINC00305	0	102	102	102
LINC00683	0	102	102	102
LINC00908	0	102	102	102
LINC00909	0	102	102	102
LINC01029	0	102	102	102
LINC01538	0	102	102	102
LINC01541	0	102	102	102
LINC01544	0	102	102	102
LMAN1	0	102	102	102
LOC100131655	0	102	102	102
LOC100505797	0	102	102	102
LOC100505817	0	102	102	102
LOC100505853	0	102	102	102
LOC101060542	0	102	102	102
LOC101927481	0	102	102	102
LOC101927606	0	102	102	102
LOC101927651	0	102	102	102
LOC101927989	0	102	102	102
LOC102724913	0	102	102	102
LOC105372179	0	102	102	102
LOC284241	0	102	102	102
LOC284294	0	102	102	102
LOC339298	0	102	102	102
LOC400655	0	102	102	102
LOC400661	0	102	102	102
LOC643542	0	102	102	102
MBP	0	102	102	102
MC4R	0	102	102	102
MIR5011	0	102	102	102
MIR548AV	0	102	102	102
NETO1	0	102	102	102
NFATC1	0	102	102	102
OACYLP	0	102	102	102
PARD6G	0	102	102	102
PARD6G-AS1	0	102	102	102
PHLPP1	0	102	102	102
PIGN	0	102	102	102
PMAIP1	0	102	102	102
PQLC1	0	102	102	102
RAX	0	102	102	102
RBFA	0	102	102	102
RBFADN	0	102	102	102
RNF152	0	102	102	102
RTTN	0	102	102	102
SALL3	0	102	102	102
SEC11C	0	102	102	102
SERPINB10	0	102	102	102
SERPINB11	0	102	102	102
SERPINB12	0	102	102	102
SERPINB13	0	102	102	102
SERPINB2	0	102	102	102
SERPINB3	0	102	102	102
SERPINB4	0	102	102	102
SERPINB5	0	102	102	102
SERPINB7	0	102	102	102
SERPINB8	0	102	102	102
SMIM21	0	102	102	102
SOCS6	0	102	102	102
TIMM21	0	102	102	102
TMX3	0	102	102	102
TNFRSF11A	0	102	102	102
TSHZ1	0	102	102	102
TXNL4A	0	102	102	102
VPS4B	0	102	102	102
ZADH2	0	102	102	102
ZCCHC2	0	102	102	102
ZNF236	0	102	102	102
ZNF407	0	102	102	102
ZNF516	0	102	102	102
ZNF532	0	102	102	102
ABCC13	0	100	100	100
ADAMTS1	0	100	100	100
ADAMTS5	0	100	100	100
ANKRD20A11P	0	100	100	100
ANKRD30BP2	0	100	100	100
APP	0	100	100	100
ATP5J	0	100	100	100
BACH1	0	100	100	100
BACH1-IT2	0	100	100	100
BAGE	0	100	100	100
BAGE2	0	100	100	100
BAGE3	0	100	100	100
BAGE4	0	100	100	100
BTG3	0	100	100	100
C21orf140	0	100	100	100
C21orf33	0	100	100	100
C21orf91	0	100	100	100
C21orf91-OT1	0	100	100	100
CBS	0	100	100	100
CCT8	0	100	100	100
CHODL	0	100	100	100
CHODL-AS1	0	100	100	100
CLDN17	0	100	100	100
CLDN8	0	100	100	100
CRYAA	0	100	100	100
CXADR	0	100	100	100
CYP4F29P	0	100	100	100
CYYR1	0	100	100	100
CYYR1-AS1	0	100	100	100
D21S2088E	0	100	100	100
FRGCA	0	100	100	100
GABPA	0	100	100	100
GRIK1	0	100	100	100
GRIK1-AS1	0	100	100	100
GRIK1-AS2	0	100	100	100
HSPA13	0	100	100	100
ICOSLG	0	100	100	100
JAM2	0	100	100	100
KCNE1B	0	100	100	100
KCNIP4	0	100	100	100
KCNIP4-IT1	0	100	100	100
KRTAP11-1	0	100	100	100
KRTAP13-1	0	100	100	100
KRTAP13-2	0	100	100	100
KRTAP13-3	0	100	100	100
KRTAP13-4	0	100	100	100
KRTAP15-1	0	100	100	100
KRTAP19-1	0	100	100	100
KRTAP19-2	0	100	100	100
KRTAP19-3	0	100	100	100
KRTAP19-4	0	100	100	100
KRTAP19-5	0	100	100	100
KRTAP19-6	0	100	100	100
KRTAP19-7	0	100	100	100
KRTAP19-8	0	100	100	100
KRTAP20-1	0	100	100	100
KRTAP20-2	0	100	100	100
KRTAP20-3	0	100	100	100
KRTAP20-4	0	100	100	100
KRTAP21-1	0	100	100	100
KRTAP21-2	0	100	100	100
KRTAP21-3	0	100	100	100
KRTAP22-1	0	100	100	100
KRTAP22-2	0	100	100	100
KRTAP23-1	0	100	100	100
KRTAP24-1	0	100	100	100
KRTAP25-1	0	100	100	100
KRTAP26-1	0	100	100	100
KRTAP27-1	0	100	100	100
KRTAP6-1	0	100	100	100
KRTAP6-2	0	100	100	100
KRTAP6-3	0	100	100	100
KRTAP7-1	0	100	100	100
KRTAP8-1	0	100	100	100
LINC00113	0	100	100	100
LINC00158	0	100	100	100
LINC00161	0	100	100	100
LINC00189	0	100	100	100
LINC00307	0	100	100	100
LINC00308	0	100	100	100
LINC00313	0	100	100	100
LINC00314	0	100	100	100
LINC00317	0	100	100	100
LINC00319	0	100	100	100
LINC00320	0	100	100	100
LINC00515	0	100	100	100
LINC01425	0	100	100	100
LINC01549	0	100	100	100
LIPI	0	100	100	100
LOC100507412	0	100	100	100
LOC101927843	0	100	100	100
LOC101927869	0	100	100	100
LOC101927973	0	100	100	100
LOC102723360	0	100	100	100
LOC102724188	0	100	100	100
LOC102724219	0	100	100	100
LOC102724354	0	100	100	100
LOC102724428	0	100	100	100
LOC102724652	0	100	100	100
LOC102724843	0	100	100	100
LOC105372751	0	100	100	100
LOC105372833	0	100	100	100
LOC105374516	0	100	100	100
LOC105379511	0	100	100	100
LOC105379514	0	100	100	100
LOC150051	0	100	100	100
LOC284825	0	100	100	100
LOC339622	0	100	100	100
LOC388813	0	100	100	100
LTN1	0	100	100	100
MAP3K7CL	0	100	100	100
MGC39584	0	100	100	100
MIR125B2	0	100	100	100
MIR155	0	100	100	100
MIR155HG	0	100	100	100
MIR3118-1	0	100	100	100
MIR3156-3	0	100	100	100
MIR3648-1	0	100	100	100
MIR3687-1	0	100	100	100
MIR4327	0	100	100	100
MIR4759	0	100	100	100
MIR548X	0	100	100	100
MIR548XHG	0	100	100	100
MIR6130	0	100	100	100
MIR663A	0	100	100	100
MIR6724-1	0	100	100	100
MIR6724-2	0	100	100	100
MIR6724-3	0	100	100	100
MIR7978	0	100	100	100
MIR8069-1	0	100	100	100
MIR99A	0	100	100	100
MIR99AHG	0	100	100	100
MIRLET7C	0	100	100	100
MRPL39	0	100	100	100
N6AMT1	0	100	100	100
NCAM2	0	100	100	100
NRIP1	0	100	100	100
POTED	0	100	100	100
PWP2	0	100	100	100
RBM11	0	100	100	100
RNA18S5	0	100	100	100
RNA28S5	0	100	100	100
RNA45S5	0	100	100	100
RNA5-8S5	0	100	100	100
RWDD2B	0	100	100	100
SAMSN1	0	100	100	100
SAMSN1-AS1	0	100	100	100
SIK1	0	100	100	100
SMIM11A	0	100	100	100
SMIM11B	0	100	100	100
TEKT4P2	0	100	100	100
TIAM1	0	100	100	100
TMPRSS15	0	100	100	100
TPTE	0	100	100	100
U2AF1	0	100	100	100
U2AF1L5	0	100	100	100
USP16	0	100	100	100
USP25	0	100	100	100
[FGF3]	100	0	100	100
CCSER1	0	99	99	99
PARD3	0	99	99	74
PARD3-AS1	0	99	99	74
RUNX1	0	99	99	99
RUNX1-IT1	0	99	99	99
CLPTM1L	96	0	96	96
MIR4457	96	0	96	96
TERT	96	0	96	96
CSMD1	0	94	94	94
LOC101927815	0	94	94	94
AADAT	0	93	93	93
ACSL1	0	93	93	93
ADAM29	0	93	93	93
AGA	0	93	93	93
ANKRD37	0	93	93	93
ASB5	0	93	93	93
C4orf47	0	93	93	93
CASP3	0	93	93	93
CCDC110	0	93	93	93
CDKN2AIP	0	93	93	93
CENPU	0	93	93	93
CEP44	0	93	93	93
CFAP97	0	93	93	93
CLCN3	0	93	93	93
CLDN22	0	93	93	93
CLDN24	0	93	93	93
CYP4V2	0	93	93	93
DBET	0	93	93	93
DCTD	0	93	93	93
DUX4	0	93	93	93
ENPP6	0	93	93	93
F11	0	93	93	93
F11-AS1	0	93	93	93
FAM149A	0	93	93	93
FAM92A1P2	0	93	93	93
FAT1	0	93	93	93
FBXO8	0	93	93	93
FLJ38576	0	93	93	93
FRG1	0	93	93	93
FRG2	0	93	93	93
GALNT7	0	93	93	93
GALNTL6	0	93	93	93
GLRA3	0	93	93	93
GPM6A	0	93	93	93
HAND2	0	93	93	93
HAND2-AS1	0	93	93	93
HELT	0	93	93	93
HMGB2	0	93	93	93
HPF1	0	93	93	93
HPGD	0	93	93	93
ING2	0	93	93	93
IRF2	0	93	93	93
KLKB1	0	93	93	93
LINC00290	0	93	93	93
LINC01060	0	93	93	93
LINC01093	0	93	93	93
LINC01098	0	93	93	93
LINC01099	0	93	93	93
LINC01262	0	93	93	93
LINC01596	0	93	93	93
LINC01612	0	93	93	93
LOC100506085	0	93	93	93
LOC100506107	0	93	93	93
LOC100506122	0	93	93	93
LOC100506272	0	93	93	93
LOC101928314	0	93	93	93
LOC101928509	0	93	93	93
LOC101928551	0	93	93	93
LOC101928590	0	93	93	93
LOC101930370	0	93	93	93
LOC102723766	0	93	93	93
LOC105377590	0	93	93	93
LOC339975	0	93	93	93
LOC389247	0	93	93	93
LOC441052	0	93	93	93
LOC728175	0	93	93	93
LOC90768	0	93	93	93
LRP2BP	0	93	93	93
LVCAT8	0	93	93	93
MFAP3L	0	93	93	93
MIR1305	0	93	93	93
MIR3945	0	93	93	93
MIR3945HG	0	93	93	93
MIR4276	0	93	93	93
MIR4455	0	93	93	93
MIR548T	0	93	93	93
MIR6082	0	93	93	93
MTNR1A	0	93	93	93
NEIL3	0	93	93	93
NEK1	0	93	93	93
PDLIM3	0	93	93	93
PRIMPOL	0	93	93	93
RWDD4	0	93	93	93
SAP30	0	93	93	93
SCRG1	0	93	93	93
SLC25A4	0	93	93	93
SLED1	0	93	93	93
SNX25	0	93	93	93
SORBS2	0	93	93	93
SPATA4	0	93	93	93
SPCS3	0	93	93	93
STOX2	0	93	93	93
TENM3	0	93	93	93
TLR3	0	93	93	93
TRAPPC11	0	93	93	93
TRIML1	0	93	93	93
TRIML2	0	93	93	93
UFSP2	0	93	93	93
VEGFC	0	93	93	93
WDR17	0	93	93	93
WWC2	0	93	93	93
WWC2-AS1	0	93	93	93
WWC2-AS2	0	93	93	93
ZFP42	0	93	93	93
[LINC01132]	92	0	92	92
LINC01002	0	87	87	87
MIER2	0	87	87	87
OR4F17	0	87	87	87
PLPP2	0	87	87	87
THEG	0	87	87	87
WASH5P	0	87	87	87
ABL2	85	0	85	85
ACKR1	85	0	85	85
ACP6	85	0	85	85
ADAM15	85	0	85	85
ADAM30	85	0	85	85
ADAMTS4	85	0	85	85
ADAMTSL4	85	0	85	85
ADAMTSL4-AS1	85	0	85	85
ADAR	85	0	85	85
ADCY10	85	0	85	85
AIM2	85	0	85	85
ALDH9A1	85	0	85	85
ANGPTL1	85	0	85	85
ANKRD34A	85	0	85	85
ANKRD35	85	0	85	85
ANKRD36BP1	85	0	85	85
ANKRD45	85	0	85	85
ANP32E	85	0	85	85
ANXA9	85	0	85	85
APCS	85	0	85	85
APH1A	85	0	85	85
APOA2	85	0	85	85
AQP10	85	0	85	85
ARHGAP30	85	0	85	85
ARHGEF11	85	0	85	85
ARHGEF2	85	0	85	85
ARNT	85	0	85	85
ASH1L	85	0	85	85
ASH1L-AS1	85	0	85	85
ASTN1	85	0	85	85
ATF6	85	0	85	85
ATP1A2	85	0	85	85
ATP1A4	85	0	85	85
ATP1B1	85	0	85	85
ATP8B2	85	0	85	85
AXDND1	85	0	85	85
B4GALT3	85	0	85	85
BCAN	85	0	85	85
BCL9	85	0	85	85
BGLAP	85	0	85	85
BLZF1	85	0	85	85
BNIPL	85	0	85	85
BOLA1	85	0	85	85
BRINP2	85	0	85	85
C1orf105	85	0	85	85
C1orf111	85	0	85	85
C1orf112	85	0	85	85
C1orf189	85	0	85	85
C1orf204	85	0	85	85
C1orf220	85	0	85	85
C1orf226	85	0	85	85
C1orf43	85	0	85	85
C1orf54	85	0	85	85
C1orf56	85	0	85	85
C1orf61	85	0	85	85
C1orf68	85	0	85	85
C2CD4D	85	0	85	85
C7	85	0	85	85
CA14	85	0	85	85
CACYBP	85	0	85	85
CADM3	85	0	85	85
CADM3-AS1	85	0	85	85
CARD6	85	0	85	85
CASQ1	85	0	85	85
CCDC181	85	0	85	85
CCDC190	85	0	85	85
CCT3	85	0	85	85
CD160	85	0	85	85
CD1A	85	0	85	85
CD1B	85	0	85	85
CD1C	85	0	85	85
CD1D	85	0	85	85
CD1E	85	0	85	85
CD244	85	0	85	85
CD247	85	0	85	85
CD48	85	0	85	85
CD5L	85	0	85	85
CD84	85	0	85	85
CDC42SE1	85	0	85	85
CELF3	85	0	85	85
CENPL	85	0	85	85
CERS2	85	0	85	85
CFAP126	85	0	85	85
CFAP45	85	0	85	85
CGN	85	0	85	85
CH17-408M7.1	85	0	85	85
CHD1L	85	0	85	85
CHRNB2	85	0	85	85
CHTOP	85	0	85	85
CIART	85	0	85	85
CKS1B	85	0	85	85
CLK2	85	0	85	85
COPA	85	0	85	85
CRABP2	85	0	85	85
CRCT1	85	0	85	85
CREB3L4	85	0	85	85
CREG1	85	0	85	85
CRNN	85	0	85	85
CRP	85	0	85	85
CRTC2	85	0	85	85
CTSK	85	0	85	85
CTSS	85	0	85	85
CYCSP52	85	0	85	85
DAP3	85	0	85	85
DARS2	85	0	85	85
DCAF6	85	0	85	85
DCAF8	85	0	85	85
DCST1	85	0	85	85
DCST2	85	0	85	85
DDR2	85	0	85	85
DEDD	85	0	85	85
DENND4B	85	0	85	85
DNM3	85	0	85	85
DNM3-IT1	85	0	85	85
DNM3OS	85	0	85	85
DPM3	85	0	85	85
DPT	85	0	85	85
DRD5P2	85	0	85	85
DUSP12	85	0	85	85
DUSP23	85	0	85	85
DUSP27	85	0	85	85
ECM1	85	0	85	85
EFNA1	85	0	85	85
EFNA3	85	0	85	85
EFNA4	85	0	85	85
EMBP1	85	0	85	85
ENSA	85	0	85	85
ETV3	85	0	85	85
ETV3L	85	0	85	85
F11R	85	0	85	85
F5	85	0	85	85
FALEC	85	0	85	85
FAM163A	85	0	85	85
FAM189B	85	0	85	85
FAM20B	85	0	85	85
FAM231D	85	0	85	85
FAM63A	85	0	85	85
FAM72B	85	0	85	85
FAM72C	85	0	85	85
FAM72D	85	0	85	85
FAM78B	85	0	85	85
FASLG	85	0	85	85
FCER1A	85	0	85	85
FCER1G	85	0	85	85
FCGR1A	85	0	85	85
FCGR1B	85	0	85	85
FCGR1CP	85	0	85	85
FCGR2A	85	0	85	85
FCGR2B	85	0	85	85
FCGR2C	85	0	85	85
FCGR3A	85	0	85	85
FCGR3B	85	0	85	85
FCRL1	85	0	85	85
FCRL2	85	0	85	85
FCRL3	85	0	85	85
FCRL4	85	0	85	85
FCRL5	85	0	85	85
FCRL6	85	0	85	85
FCRLA	85	0	85	85
FCRLB	85	0	85	85
FDPS	85	0	85	85
FLAD1	85	0	85	85
FLG	85	0	85	85
FLG-AS1	85	0	85	85
FLG2	85	0	85	85
FMO1	85	0	85	85
FMO2	85	0	85	85
FMO3	85	0	85	85
FMO4	85	0	85	85
FMO5	85	0	85	85
FMO6P	85	0	85	85
FMO9P	85	0	85	85
GABPB2	85	0	85	85
GAS5	85	0	85	85
GAS5-AS1	85	0	85	85
GATAD2B	85	0	85	85
GBA	85	0	85	85
GBAP1	85	0	85	85
GBAT2	85	0	85	85
GJA5	85	0	85	85
GJA8	85	0	85	85
GLMP	85	0	85	85
GNRHR2	85	0	85	85
GOLPH3L	85	0	85	85
GON4L	85	0	85	85
GORAB	85	0	85	85
GPA33	85	0	85	85
GPATCH4	85	0	85	85
GPR161	85	0	85	85
GPR52	85	0	85	85
GPR89A	85	0	85	85
GPR89B	85	0	85	85
HAPLN2	85	0	85	85
HAX1	85	0	85	85
HCN3	85	0	85	85
HDGF	85	0	85	85
HFE2	85	0	85	85
HIST2H2AA3	85	0	85	85
HIST2H2AB	85	0	85	85
HIST2H2AC	85	0	85	85
HIST2H2BA	85	0	85	85
HIST2H2BC	85	0	85	85
HIST2H2BE	85	0	85	85
HIST2H2BF	85	0	85	85
HIST2H3A	85	0	85	85
HIST2H3D	85	0	85	85
HIST2H4A	85	0	85	85
HMGCS2	85	0	85	85
HORMAD1	85	0	85	85
HRNR	85	0	85	85
HSD17B7	85	0	85	85
HSD3B1	85	0	85	85
HSD3BP4	85	0	85	85
HSPA6	85	0	85	85
HSPA7	85	0	85	85
HYDIN2	85	0	85	85
IFI16	85	0	85	85
IGSF8	85	0	85	85
IGSF9	85	0	85	85
IL6R	85	0	85	85
ILDR2	85	0	85	85
ILF2	85	0	85	85
INSRR	85	0	85	85
INTS3	85	0	85	85
IQGAP3	85	0	85	85
ISG20L2	85	0	85	85
ITGA10	85	0	85	85
ITLN1	85	0	85	85
ITLN2	85	0	85	85
IVL	85	0	85	85
JTB	85	0	85	85
KCNJ10	85	0	85	85
KCNJ9	85	0	85	85
KCNN3	85	0	85	85
KIAA0040	85	0	85	85
KIAA0907	85	0	85	85
KIFAP3	85	0	85	85
KIRREL	85	0	85	85
KLHDC9	85	0	85	85
KLHL20	85	0	85	85
KPRP	85	0	85	85
KRTCAP2	85	0	85	85
LAMTOR2	85	0	85	85
LCE1A	85	0	85	85
LCE1B	85	0	85	85
LCE1C	85	0	85	85
LCE1D	85	0	85	85
LCE1E	85	0	85	85
LCE1F	85	0	85	85
LCE2A	85	0	85	85
LCE2B	85	0	85	85
LCE2C	85	0	85	85
LCE2D	85	0	85	85
LCE3A	85	0	85	85
LCE3B	85	0	85	85
LCE3C	85	0	85	85
LCE3D	85	0	85	85
LCE3E	85	0	85	85
LCE4A	85	0	85	85
LCE5A	85	0	85	85
LCE6A	85	0	85	85
LELP1	85	0	85	85
LENEP	85	0	85	85
LINC00622	85	0	85	85
LINC00623	85	0	85	85
LINC00624	85	0	85	85
LINC00626	85	0	85	85
LINC00869	85	0	85	85
LINC00970	85	0	85	85
LINC01133	85	0	85	85
LINC01138	85	0	85	85
LINC01142	85	0	85	85
LINC01363	85	0	85	85
LINGO4	85	0	85	85
LIX1L	85	0	85	85
LMNA	85	0	85	85
LMX1A	85	0	85	85
LOC100131107	85	0	85	85
LOC100132057	85	0	85	85
LOC100132111	85	0	85	85
LOC100147773	85	0	85	85
LOC100422212	85	0	85	85
LOC100505666	85	0	85	85
LOC100505795	85	0	85	85
LOC100505824	85	0	85	85
LOC100505918	85	0	85	85
LOC100506023	85	0	85	85
LOC100506548	85	0	85	85
LOC100507670	85	0	85	85
LOC101927429	85	0	85	85
LOC101927468	85	0	85	85
LOC101928009	85	0	85	85
LOC101928034	85	0	85	85
LOC101928120	85	0	85	85
LOC101928177	85	0	85	85
LOC101928372	85	0	85	85
LOC101928404	85	0	85	85
LOC101928565	85	0	85	85
LOC101928596	85	0	85	85
LOC101928650	85	0	85	85
LOC101928673	85	0	85	85
LOC101928696	85	0	85	85
LOC101928751	85	0	85	85
LOC101928778	85	0	85	85
LOC101928979	85	0	85	85
LOC101929798	85	0	85	85
LOC102724601	85	0	85	85
LOC102724661	85	0	85	85
LOC103091866	85	0	85	85
LOC105371433	85	0	85	85
LOC105371458	85	0	85	85
LOC343052	85	0	85	85
LOC388692	85	0	85	85
LOC400794	85	0	85	85
LOC440700	85	0	85	85
LOC645166	85	0	85	85
LOC646268	85	0	85	85
LOC728989	85	0	85	85
LOC729867	85	0	85	85
LOC730102	85	0	85	85
LOC730159	85	0	85	85
LOR	85	0	85	85
LRRC52	85	0	85	85
LRRC71	85	0	85	85
LY9	85	0	85	85
LYSMD1	85	0	85	85
MAEL	85	0	85	85
MCL1	85	0	85	85
MEF2D	85	0	85	85
METTL11B	85	0	85	85
METTL13	85	0	85	85
METTL18	85	0	85	85
MEX3A	85	0	85	85
MGST3	85	0	85	85
MIR1255B2	85	0	85	85
MIR1295A	85	0	85	85
MIR1295B	85	0	85	85
MIR190B	85	0	85	85
MIR199A2	85	0	85	85
MIR214	85	0	85	85
MIR3119-1	85	0	85	85
MIR3119-2	85	0	85	85
MIR3120	85	0	85	85
MIR3658	85	0	85	85
MIR4257	85	0	85	85
MIR4258	85	0	85	85
MIR4259	85	0	85	85
MIR4424	85	0	85	85
MIR4654	85	0	85	85
MIR488	85	0	85	85
MIR5087	85	0	85	85
MIR5187	85	0	85	85
MIR554	85	0	85	85
MIR555	85	0	85	85
MIR556	85	0	85	85
MIR557	85	0	85	85
MIR5698	85	0	85	85
MIR6077	85	0	85	85
MIR6736	85	0	85	85
MIR6737	85	0	85	85
MIR6738	85	0	85	85
MIR6878	85	0	85	85
MIR765	85	0	85	85
MIR8083	85	0	85	85
MIR9-1	85	0	85	85
MIR921	85	0	85	85
MIR92B	85	0	85	85
MLLT11	85	0	85	85
MNDA	85	0	85	85
MPC2	85	0	85	85
MPZ	85	0	85	85
MPZL1	85	0	85	85
MROH9	85	0	85	85
MRPL24	85	0	85	85
MRPL9	85	0	85	85
MRPS14	85	0	85	85
MRPS21	85	0	85	85
MSTO1	85	0	85	85
MSTO2P	85	0	85	85
MTMR11	85	0	85	85
MTX1	85	0	85	85
MUC1	85	0	85	85
MYOC	85	0	85	85
NAXE	85	0	85	85
NBPF10	85	0	85	85
NBPF11	85	0	85	85
NBPF12	85	0	85	85
NBPF13P	85	0	85	85
NBPF14	85	0	85	85
NBPF15	85	0	85	85
NBPF18P	85	0	85	85
NBPF20	85	0	85	85
NBPF25P	85	0	85	85
NBPF7	85	0	85	85
NBPF8	85	0	85	85
NBPF9	85	0	85	85
NCSTN	85	0	85	85
NDUFS2	85	0	85	85
NECTIN4	85	0	85	85
NES	85	0	85	85
NHLH1	85	0	85	85
NIT1	85	0	85	85
NME7	85	0	85	85
NOS1AP	85	0	85	85
NOTCH2	85	0	85	85
NOTCH2NL	85	0	85	85
NPHS2	85	0	85	85
NPR1	85	0	85	85
NR1I3	85	0	85	85
NTRK1	85	0	85	85
NUDT17	85	0	85	85
NUDT4P1	85	0	85	85
NUDT4P2	85	0	85	85
NUF2	85	0	85	85
NUP210L	85	0	85	85
OAZ3	85	0	85	85
OLFML2B	85	0	85	85
OR10J1	85	0	85	85
OR10J3	85	0	85	85
OR10J5	85	0	85	85
OR10K1	85	0	85	85
OR10K2	85	0	85	85
OR10R2	85	0	85	85
OR10T2	85	0	85	85
OR10X1	85	0	85	85
OR10Z1	85	0	85	85
OR6K2	85	0	85	85
OR6K3	85	0	85	85
OR6K6	85	0	85	85
OR6N1	85	0	85	85
OR6N2	85	0	85	85
OR6P1	85	0	85	85
OR6Y1	85	0	85	85
OTUD7B	85	0	85	85
PAPPA2	85	0	85	85
PAQR6	85	0	85	85
PBX1	85	0	85	85
PBXIP1	85	0	85	85
PCP4L1	85	0	85	85
PDE4DIP	85	0	85	85
PDIA3P1	85	0	85	85
PDZK1	85	0	85	85
PDZK1P1	85	0	85	85
PEA15	85	0	85	85
PEAR1	85	0	85	85
PEX11B	85	0	85	85
PEX19	85	0	85	85
PFDN2	85	0	85	85
PFN1P2	85	0	85	85
PGLYRP3	85	0	85	85
PGLYRP4	85	0	85	85
PHGDH	85	0	85	85
PI4KB	85	0	85	85
PIAS3	85	0	85	85
PIGC	85	0	85	85
PIGM	85	0	85	85
PIP5K1A	85	0	85	85
PKLR	85	0	85	85
PLEKHO1	85	0	85	85
PMF1	85	0	85	85
PMF1-BGLAP	85	0	85	85
PMVK	85	0	85	85
POGK	85	0	85	85
POGZ	85	0	85	85
POLR3C	85	0	85	85
POLR3GL	85	0	85	85
POP3	85	0	85	85
POU2F1	85	0	85	85
POU5F1P4	85	0	85	85
PPIAL4A	85	0	85	85
PPIAL4C	85	0	85	85
PPIAL4D	85	0	85	85
PPIAL4E	85	0	85	85
PPIAL4G	85	0	85	85
PPOX	85	0	85	85
PRCC	85	0	85	85
PRDX6	85	0	85	85
PRKAA1	85	0	85	85
PRKAB2	85	0	85	85
PRPF3	85	0	85	85
PRR9	85	0	85	85
PRRC2C	85	0	85	85
PRRX1	85	0	85	85
PRUNE1	85	0	85	85
PSMB4	85	0	85	85
PSMD4	85	0	85	85
PTGER4	85	0	85	85
PYGO2	85	0	85	85
PYHIN1	85	0	85	85
RAB13	85	0	85	85
RAB25	85	0	85	85
RABGAP1L	85	0	85	85
RALGPS2	85	0	85	85
RASAL2	85	0	85	85
RASAL2-AS1	85	0	85	85
RBM8A	85	0	85	85
RC3H1	85	0	85	85
RCSD1	85	0	85	85
REG4	85	0	85	85
RFWD2	85	0	85	85
RFX5	85	0	85	85
RGS4	85	0	85	85
RGS5	85	0	85	85
RHBG	85	0	85	85
RIIAD1	85	0	85	85
RIT1	85	0	85	85
RNF115	85	0	85	85
RNVU1-1	85	0	85	85
RNVU1-14	85	0	85	85
RNVU1-15	85	0	85	85
RNVU1-17	85	0	85	85
RNVU1-19	85	0	85	85
RNVU1-20	85	0	85	85
RNVU1-3	85	0	85	85
RNVU1-4	85	0	85	85
RNVU1-6	85	0	85	85
RNVU1-7	85	0	85	85
RNVU1-8	85	0	85	85
RORC	85	0	85	85
RPL31P11	85	0	85	85
RPL37	85	0	85	85
RPRD2	85	0	85	85
RPS27	85	0	85	85
RPTN	85	0	85	85
RRNAD1	85	0	85	85
RUSC1	85	0	85	85
RUSC1-AS1	85	0	85	85
RXFP4	85	0	85	85
RXRG	85	0	85	85
S100A1	85	0	85	85
S100A10	85	0	85	85
S100A11	85	0	85	85
S100A12	85	0	85	85
S100A13	85	0	85	85
S100A14	85	0	85	85
S100A16	85	0	85	85
S100A2	85	0	85	85
S100A3	85	0	85	85
S100A4	85	0	85	85
S100A5	85	0	85	85
S100A6	85	0	85	85
S100A7	85	0	85	85
S100A7A	85	0	85	85
S100A7L2	85	0	85	85
S100A8	85	0	85	85
S100A9	85	0	85	85
SCAMP3	85	0	85	85
SCARNA26A	85	0	85	85
SCARNA26B	85	0	85	85
SCARNA3	85	0	85	85
SCARNA4	85	0	85	85
SCNM1	85	0	85	85
SCYL3	85	0	85	85
SDHC	85	0	85	85
SEC16B	85	0	85	85
SEC22B	85	0	85	85
SELE	85	0	85	85
SELENBP1	85	0	85	85
SELL	85	0	85	85
SELP	85	0	85	85
SEMA4A	85	0	85	85
SEMA6C	85	0	85	85
SERPINC1	85	0	85	85
SETDB1	85	0	85	85
SF3B4	85	0	85	85
SFT2D2	85	0	85	85
SH2D1B	85	0	85	85
SH2D2A	85	0	85	85
SHC1	85	0	85	85
SHE	85	0	85	85
SLAMF1	85	0	85	85
SLAMF6	85	0	85	85
SLAMF7	85	0	85	85
SLAMF8	85	0	85	85
SLAMF9	85	0	85	85
SLC19A2	85	0	85	85
SLC25A44	85	0	85	85
SLC27A3	85	0	85	85
SLC39A1	85	0	85	85
SLC50A1	85	0	85	85
SLC9C2	85	0	85	85
SMCP	85	0	85	85
SMG5	85	0	85	85
SNAPIN	85	0	85	85
SNORA103	85	0	85	85
SNORA80E	85	0	85	85
SNORD44	85	0	85	85
SNORD47	85	0	85	85
SNORD72	85	0	85	85
SNORD74	85	0	85	85
SNORD75	85	0	85	85
SNORD76	85	0	85	85
SNORD77	85	0	85	85
SNORD78	85	0	85	85
SNORD79	85	0	85	85
SNORD80	85	0	85	85
SNORD81	85	0	85	85
SNX27	85	0	85	85
SOAT1	85	0	85	85
SPRR1A	85	0	85	85
SPRR1B	85	0	85	85
SPRR2A	85	0	85	85
SPRR2B	85	0	85	85
SPRR2C	85	0	85	85
SPRR2D	85	0	85	85
SPRR2E	85	0	85	85
SPRR2F	85	0	85	85
SPRR2G	85	0	85	85
SPRR3	85	0	85	85
SPRR4	85	0	85	85
SPTA1	85	0	85	85
SRGAP2-AS1	85	0	85	85
SRGAP2B	85	0	85	85
SRGAP2C	85	0	85	85
SRGAP2D	85	0	85	85
SSR2	85	0	85	85
SUCO	85	0	85	85
SUMO1P3	85	0	85	85
SV2A	85	0	85	85
SYT11	85	0	85	85
TADA1	85	0	85	85
TAGLN2	85	0	85	85
TARS2	85	0	85	85
TBX19	85	0	85	85
TCHH	85	0	85	85
TCHHL1	85	0	85	85
TDRD10	85	0	85	85
TDRD5	85	0	85	85
TDRKH	85	0	85	85
TEX35	85	0	85	85
THBS3	85	0	85	85
THEM4	85	0	85	85
THEM5	85	0	85	85
TIPRL	85	0	85	85
TMCO1	85	0	85	85
TMEM79	85	0	85	85
TMOD4	85	0	85	85
TNFAIP8L2	85	0	85	85
TNFAIP8L2-SCNM1	85	0	85	85
TNFSF18	85	0	85	85
TNFSF4	85	0	85	85
TNN	85	0	85	85
TNR	85	0	85	85
TOMM40L	85	0	85	85
TOP1P1	85	0	85	85
TOR1AIP1	85	0	85	85
TOR1AIP2	85	0	85	85
TOR3A	85	0	85	85
TPM3	85	0	85	85
TRIM46	85	0	85	85
TSACC	85	0	85	85
TSTD1	85	0	85	85
TTC24	85	0	85	85
TTC33	85	0	85	85
TUFT1	85	0	85	85
TXNIP	85	0	85	85
UAP1	85	0	85	85
UBAP2L	85	0	85	85
UBE2Q1	85	0	85	85
UBE2Q1-AS1	85	0	85	85
UBQLN4	85	0	85	85
UCK2	85	0	85	85
UFC1	85	0	85	85
UHMK1	85	0	85	85
USF1	85	0	85	85
USP21	85	0	85	85
VAMP4	85	0	85	85
VANGL2	85	0	85	85
VHLL	85	0	85	85
VPS45	85	0	85	85
VPS72	85	0	85	85
VSIG8	85	0	85	85
XCL1	85	0	85	85
XCL2	85	0	85	85
YY1AP1	85	0	85	85
ZBTB37	85	0	85	85
ZBTB7B	85	0	85	85
ZNF687	85	0	85	85
ZNF697	85	0	85	85
hsa-mir-3119-1	85	0	85	85
ACTL9	0	83	83	83
ADAMTS10	0	83	83	83
ADGRE1	0	83	83	83
ADGRE4P	0	83	83	83
ANGPTL4	0	83	83	83
ARHGEF18	0	83	83	83
C19orf45	0	83	83	83
CAMSAP3	0	83	83	83
CCL25	0	83	83	83
CD209	0	83	83	83
CD320	0	83	83	83
CERS4	0	83	83	83
CLEC4G	0	83	83	83
CLEC4GP1	0	83	83	83
CLEC4M	0	83	83	83
CTXN1	0	83	83	83
ELAVL1	0	83	83	83
EVI5L	0	83	83	83
FBN3	0	83	83	83
FCER2	0	83	83	83
FLJ25758	0	83	83	83
HNRNPM	0	83	83	83
INSR	0	83	83	83
KANK3	0	83	83	83
LOC100128573	0	83	83	83
LOC101928238	0	83	83	83
LRRC8E	0	83	83	83
LYPLA2P2	0	83	83	83
MAP2K7	0	83	83	83
MARCH2	0	83	83	83
MBD3L1	0	83	83	83
MBD3L2	0	83	83	83
MBD3L3	0	83	83	83
MBD3L4	0	83	83	83
MBD3L5	0	83	83	83
MCEMP1	0	83	83	83
MCOLN1	0	83	83	83
MIR4999	0	83	83	83
MIR6792	0	83	83	83
MUC16	0	83	83	83
MYO1F	0	83	83	83
NDUFA7	0	83	83	83
OR1M1	0	83	83	83
OR2Z1	0	83	83	83
OR7D2	0	83	83	83
OR7D4	0	83	83	83
OR7E24	0	83	83	83
OR7G1	0	83	83	83
OR7G2	0	83	83	83
OR7G3	0	83	83	83
PCP2	0	83	83	83
PET100	0	83	83	83
PEX11G	0	83	83	83
PNPLA6	0	83	83	83
PRAM1	0	83	83	83
PRR36	0	83	83	83
RAB11B	0	83	83	83
RAB11B-AS1	0	83	83	83
RETN	0	83	83	83
RPS28	0	83	83	83
SNAPC2	0	83	83	83
STXBP2	0	83	83	83
TGFBR3L	0	83	83	83
TIMM44	0	83	83	83
TRAPPC5	0	83	83	83
VAV1	0	83	83	83
XAB2	0	83	83	83
ZNF121	0	83	83	83
ZNF177	0	83	83	83
ZNF266	0	83	83	83
ZNF317	0	83	83	83
ZNF358	0	83	83	83
ZNF414	0	83	83	83
ZNF426	0	83	83	83
ZNF557	0	83	83	83
ZNF558	0	83	83	83
ZNF559	0	83	83	83
ZNF559-ZNF177	0	83	83	83
ZNF560	0	83	83	83
ZNF561	0	83	83	83
ZNF561-AS1	0	83	83	83
ZNF562	0	83	83	83
ZNF699	0	83	83	83
BCAT1	82	0	82	82
C12orf77	82	0	82	82
CASC1	82	0	82	82
ETFRF1	82	0	82	82
KRAS	82	0	82	82
LMNTD1	82	0	82	82
LOC645177	82	0	82	82
LRMP	82	0	82	82
MIR4302	82	0	82	82
ANO9	0	77	77	77
AP2A2	0	77	77	77
ASCL2	0	77	77	77
B4GALNT4	0	77	77	77
BASP1P1	0	77	77	77
BET1L	0	77	77	77
BRSK2	0	77	77	77
C11orf21	0	77	77	77
CARS	0	77	77	77
CD151	0	77	77	77
CD81	0	77	77	77
CD81-AS1	0	77	77	77
CDHR5	0	77	77	77
CDKN1C	0	77	77	77
CEND1	0	77	77	77
CHID1	0	77	77	77
CRACR2B	0	77	77	77
CTSD	0	77	77	77
DEAF1	0	77	77	77
DRD4	0	77	77	77
DUSP8	0	77	77	77
EPS8L2	0	77	77	77
FAM99A	0	77	77	77
FAM99B	0	77	77	77
FGF9	0	77	77	77
H19	0	77	77	77
HOTS	0	77	77	77
HRAS	0	77	77	77
IFITM1	0	77	77	77
IFITM10	0	77	77	77
IFITM2	0	77	77	77
IFITM3	0	77	77	77
IFITM5	0	77	77	77
IGF2	0	77	77	77
IGF2-AS	0	77	77	77
INS	0	77	77	77
INS-IGF2	0	77	77	77
IRF7	0	77	77	77
KCNQ1	0	77	77	77
KCNQ1-AS1	0	77	77	77
KCNQ1DN	0	77	77	77
KCNQ1OT1	0	77	77	77
KRTAP5-1	0	77	77	77
KRTAP5-2	0	77	77	77
KRTAP5-3	0	77	77	77
KRTAP5-4	0	77	77	77
KRTAP5-5	0	77	77	77
KRTAP5-6	0	77	77	77
KRTAP5-AS1	0	77	77	77
LINC00424	0	77	77	77
LINC00539	0	77	77	77
LINC00540	0	77	77	77
LINC00621	0	77	77	77
LINC01001	0	77	77	77
LINC01150	0	77	77	77
LINC01219	0	77	77	77
LMNTD2	0	77	77	77
LOC101927503	0	77	77	77
LOC143666	0	77	77	77
LOC171391	0	77	77	77
LRRC56	0	77	77	77
LSP1	0	77	77	77
MICU2	0	77	77	77
MIPEPP3	0	77	77	77
MIR210	0	77	77	77
MIR210HG	0	77	77	77
MIR4298	0	77	77	77
MIR4686	0	77	77	77
MIR483	0	77	77	77
MIR6743	0	77	77	77
MIR6744	0	77	77	77
MIR675	0	77	77	77
MIR7847	0	77	77	77
MOB2	0	77	77	77
MRGPRE	0	77	77	77
MRGPRG	0	77	77	77
MRGPRG-AS1	0	77	77	77
MRPL23	0	77	77	77
MRPL23-AS1	0	77	77	77
MUC2	0	77	77	77
MUC5AC	0	77	77	77
MUC5B	0	77	77	77
MUC6	0	77	77	77
NAP1L4	0	77	77	77
NLRP6	0	77	77	77
ODF3	0	77	77	77
OR7E12P	0	77	77	77
OSBPL5	0	77	77	77
PANO1	0	77	77	77
PDDC1	0	77	77	77
PGGHG	0	77	77	77
PHLDA2	0	77	77	77
PHRF1	0	77	77	77
PIDD1	0	77	77	77
PKP3	0	77	77	77
PNPLA2	0	77	77	77
POLR2L	0	77	77	77
PSMD13	0	77	77	77
PTDSS2	0	77	77	77
RASSF7	0	77	77	77
RIC8A	0	77	77	77
RNH1	0	77	77	77
RPLP2	0	77	77	77
SCGB1C1	0	77	77	77
SCT	0	77	77	77
SIGIRR	0	77	77	77
SIRT3	0	77	77	77
SLC22A18	0	77	77	77
SLC22A18AS	0	77	77	77
SLC25A22	0	77	77	77
SNORA52	0	77	77	77
SNORA54	0	77	77	77
SNORD131	0	77	77	77
SYT8	0	77	77	77
TALDO1	0	77	77	77
TH	0	77	77	77
TMEM80	0	77	77	77
TNNI2	0	77	77	77
TNNT3	0	77	77	77
TOLLIP	0	77	77	77
TOLLIP-AS1	0	77	77	77
TRPM5	0	77	77	77
TSPAN32	0	77	77	77
TSPAN4	0	77	77	77
TSSC2	0	77	77	77
TSSC4	0	77	77	77
WWOX	0	77	77	77
ZDHHC20	0	77	77	77
ZNF195	0	77	77	77
AADACL3	0	76	76	76
AADACL4	0	76	76	76
ACAP3	0	76	76	76
ACOT7	0	76	76	76
ACTG1P20	0	76	76	76
ACTL8	0	76	76	76
ACTRT2	0	76	76	76
AGMAT	0	76	76	76
AGRN	0	76	76	76
AGTRAP	0	76	76	76
AHDC1	0	76	76	76
AIM1L	0	76	76	76
AJAP1	0	76	76	76
AKR7A2	0	76	76	76
AKR7A3	0	76	76	76
AKR7L	0	76	76	76
ALDH4A1	0	76	76	76
ALPL	0	76	76	76
ANGPTL7	0	76	76	76
ANKRD65	0	76	76	76
APITD1-CORT	0	76	76	76
ARHGEF10L	0	76	76	76
ARHGEF16	0	76	76	76
ARHGEF19	0	76	76	76
ARID1A	0	76	76	76
ASAP3	0	76	76	76
ATAD3A	0	76	76	76
ATAD3B	0	76	76	76
ATAD3C	0	76	76	76
ATP13A2	0	76	76	76
ATPIF1	0	76	76	76
AUNIP	0	76	76	76
AURKAIP1	0	76	76	76
B3GALT6	0	76	76	76
C1QA	0	76	76	76
C1QB	0	76	76	76
C1QC	0	76	76	76
C1orf127	0	76	76	76
C1orf158	0	76	76	76
C1orf159	0	76	76	76
C1orf167	0	76	76	76
C1orf174	0	76	76	76
C1orf195	0	76	76	76
C1orf234	0	76	76	76
C1orf64	0	76	76	76
CA6	0	76	76	76
CALML6	0	76	76	76
CAMK2N1	0	76	76	76
CAMTA1	0	76	76	76
CAPZB	0	76	76	76
CASP9	0	76	76	76
CASZ1	0	76	76	76
CATSPER4	0	76	76	76
CCDC27	0	76	76	76
CCNL2	0	76	76	76
CD164L2	0	76	76	76
CD52	0	76	76	76
CDA	0	76	76	76
CDC42	0	76	76	76
CDK11A	0	76	76	76
CDK11B	0	76	76	76
CELA2A	0	76	76	76
CELA2B	0	76	76	76
CELA3A	0	76	76	76
CELA3B	0	76	76	76
CENPS	0	76	76	76
CEP104	0	76	76	76
CEP85	0	76	76	76
CFAP74	0	76	76	76
CHD5	0	76	76	76
CLCN6	0	76	76	76
CLCNKA	0	76	76	76
CLCNKB	0	76	76	76
CLIC4	0	76	76	76
CLSTN1	0	76	76	76
CNKSR1	0	76	76	76
CNR2	0	76	76	76
CORT	0	76	76	76
CPSF3L	0	76	76	76
CPTP	0	76	76	76
CROCC	0	76	76	76
CROCCP2	0	76	76	76
CROCCP3	0	76	76	76
CTNNBIP1	0	76	76	76
CTRC	0	76	76	76
DDI2	0	76	76	76
DDOST	0	76	76	76
DDX11L1	0	76	76	76
DFFA	0	76	76	76
DFFB	0	76	76	76
DHDDS	0	76	76	76
DHRS3	0	76	76	76
DISP3	0	76	76	76
DNAJC11	0	76	76	76
DNAJC16	0	76	76	76
DNAJC8	0	76	76	76
DRAXIN	0	76	76	76
DVL1	0	76	76	76
E2F2	0	76	76	76
ECE1	0	76	76	76
EFHD2	0	76	76	76
EIF4G3	0	76	76	76
EMC1	0	76	76	76
ENO1	0	76	76	76
ENO1-AS1	0	76	76	76
EPB41	0	76	76	76
EPHA2	0	76	76	76
EPHA8	0	76	76	76
EPHB2	0	76	76	76
ERRFI1	0	76	76	76
ESPN	0	76	76	76
ESPNP	0	76	76	76
EXOSC10	0	76	76	76
EXTL1	0	76	76	76
EYA3	0	76	76	76
FAAP20	0	76	76	76
FAM110D	0	76	76	76
FAM131C	0	76	76	76
FAM132A	0	76	76	76
FAM213B	0	76	76	76
FAM231A	0	76	76	76
FAM231B	0	76	76	76
FAM231C	0	76	76	76
FAM41C	0	76	76	76
FAM43B	0	76	76	76
FAM46B	0	76	76	76
FAM76A	0	76	76	76
FAM87B	0	76	76	76
FBLIM1	0	76	76	76
FBXO2	0	76	76	76
FBXO42	0	76	76	76
FBXO44	0	76	76	76
FBXO6	0	76	76	76
FCN3	0	76	76	76
FGR	0	76	76	76
FHAD1	0	76	76	76
FLJ37453	0	76	76	76
FNDC10	0	76	76	76
FUCA1	0	76	76	76
GABRD	0	76	76	76
GALE	0	76	76	76
GMEB1	0	76	76	76
GNB1	0	76	76	76
GPATCH3	0	76	76	76
GPN2	0	76	76	76
GPR153	0	76	76	76
GPR157	0	76	76	76
GPR3	0	76	76	76
GRHL3	0	76	76	76
H6PD	0	76	76	76
HES2	0	76	76	76
HES3	0	76	76	76
HES4	0	76	76	76
HES5	0	76	76	76
HMGCL	0	76	76	76
HMGN2	0	76	76	76
HNRNPCL1	0	76	76	76
HNRNPCL2	0	76	76	76
HNRNPCL3	0	76	76	76
HNRNPCL4	0	76	76	76
HNRNPR	0	76	76	76
HP1BP3	0	76	76	76
HSPB7	0	76	76	76
HSPG2	0	76	76	76
HTR1D	0	76	76	76
HTR6	0	76	76	76
ICMT	0	76	76	76
ID3	0	76	76	76
IFFO2	0	76	76	76
IFI6	0	76	76	76
IFNLR1	0	76	76	76
IGSF21	0	76	76	76
IL22RA1	0	76	76	76
ISG15	0	76	76	76
KAZN	0	76	76	76
KCNAB2	0	76	76	76
KDF1	0	76	76	76
KDM1A	0	76	76	76
KIAA2013	0	76	76	76
KIF17	0	76	76	76
KIF1B	0	76	76	76
KLHDC7A	0	76	76	76
KLHL17	0	76	76	76
KLHL21	0	76	76	76
LACTBL1	0	76	76	76
LAPTM5	0	76	76	76
LDLRAD2	0	76	76	76
LDLRAP1	0	76	76	76
LIN28A	0	76	76	76
LINC00115	0	76	76	76
LINC00337	0	76	76	76
LINC00339	0	76	76	76
LINC00982	0	76	76	76
LINC01128	0	76	76	76
LINC01134	0	76	76	76
LINC01141	0	76	76	76
LINC01342	0	76	76	76
LINC01346	0	76	76	76
LINC01355	0	76	76	76
LOC100129534	0	76	76	76
LOC100130417	0	76	76	76
LOC100132062	0	76	76	76
LOC100132147	0	76	76	76
LOC100133331	0	76	76	76
LOC100288069	0	76	76	76
LOC100505887	0	76	76	76
LOC100506022	0	76	76	76
LOC100506730	0	76	76	76
LOC100506801	0	76	76	76
LOC100506985	0	76	76	76
LOC100996583	0	76	76	76
LOC101927876	0	76	76	76
LOC101927895	0	76	76	76
LOC101928043	0	76	76	76
LOC101928163	0	76	76	76
LOC101928303	0	76	76	76
LOC101928324	0	76	76	76
LOC101928460	0	76	76	76
LOC101928626	0	76	76	76
LOC101928728	0	76	76	76
LOC101929181	0	76	76	76
LOC101929406	0	76	76	76
LOC102724312	0	76	76	76
LOC102724450	0	76	76	76
LOC102724539	0	76	76	76
LOC102724552	0	76	76	76
LOC102724571	0	76	76	76
LOC102724659	0	76	76	76
LOC105376736	0	76	76	76
LOC105376805	0	76	76	76
LOC105378591	0	76	76	76
LOC105378614	0	76	76	76
LOC115110	0	76	76	76
LOC148413	0	76	76	76
LOC284632	0	76	76	76
LOC284661	0	76	76	76
LOC646471	0	76	76	76
LOC729737	0	76	76	76
LRRC38	0	76	76	76
LRRC47	0	76	76	76
LUZP1	0	76	76	76
LYPLA2	0	76	76	76
LZIC	0	76	76	76
MAD2L2	0	76	76	76
MAN1C1	0	76	76	76
MAP3K6	0	76	76	76
MASP2	0	76	76	76
MATN1	0	76	76	76
MATN1-AS1	0	76	76	76
MDS2	0	76	76	76
MECR	0	76	76	76
MED18	0	76	76	76
MEGF6	0	76	76	76
MFAP2	0	76	76	76
MFN2	0	76	76	76
MIB2	0	76	76	76
MIIP	0	76	76	76
MINOS1	0	76	76	76
MINOS1-NBL1	0	76	76	76
MIR1256	0	76	76	76
MIR1273D	0	76	76	76
MIR1290	0	76	76	76
MIR1976	0	76	76	76
MIR200A	0	76	76	76
MIR200B	0	76	76	76
MIR3115	0	76	76	76
MIR34A	0	76	76	76
MIR34AHG	0	76	76	76
MIR3675	0	76	76	76
MIR378F	0	76	76	76
MIR3917	0	76	76	76
MIR3972	0	76	76	76
MIR4251	0	76	76	76
MIR4252	0	76	76	76
MIR4253	0	76	76	76
MIR429	0	76	76	76
MIR4417	0	76	76	76
MIR4418	0	76	76	76
MIR4419A	0	76	76	76
MIR4420	0	76	76	76
MIR4425	0	76	76	76
MIR4632	0	76	76	76
MIR4684	0	76	76	76
MIR4689	0	76	76	76
MIR4695	0	76	76	76
MIR5096	0	76	76	76
MIR551A	0	76	76	76
MIR5697	0	76	76	76
MIR6084	0	76	76	76
MIR6127	0	76	76	76
MIR6723	0	76	76	76
MIR6726	0	76	76	76
MIR6727	0	76	76	76
MIR6728	0	76	76	76
MIR6729	0	76	76	76
MIR6730	0	76	76	76
MIR6731	0	76	76	76
MIR6808	0	76	76	76
MIR7846	0	76	76	76
MMEL1	0	76	76	76
MMP23A	0	76	76	76
MMP23B	0	76	76	76
MORN1	0	76	76	76
MRPL20	0	76	76	76
MRTO4	0	76	76	76
MST1L	0	76	76	76
MST1P2	0	76	76	76
MTFR1L	0	76	76	76
MTHFR	0	76	76	76
MTOR	0	76	76	76
MTOR-AS1	0	76	76	76
MUL1	0	76	76	76
MXRA8	0	76	76	76
MYOM3	0	76	76	76
NADK	0	76	76	76
NBL1	0	76	76	76
NBPF1	0	76	76	76
NBPF3	0	76	76	76
NCMAP	0	76	76	76
NECAP2	0	76	76	76
NIPAL3	0	76	76	76
NKAIN1	0	76	76	76
NMNAT1	0	76	76	76
NOC2L	0	76	76	76
NOL9	0	76	76	76
NPHP4	0	76	76	76
NPPA	0	76	76	76
NPPA-AS1	0	76	76	76
NPPB	0	76	76	76
NR0B2	0	76	76	76
NUDC	0	76	76	76
OPRD1	0	76	76	76
OR4F16	0	76	76	76
OR4F29	0	76	76	76
OR4F5	0	76	76	76
OTUD3	0	76	76	76
PADI1	0	76	76	76
PADI2	0	76	76	76
PADI3	0	76	76	76
PADI4	0	76	76	76
PADI6	0	76	76	76
PAFAH2	0	76	76	76
PANK4	0	76	76	76
PAQR7	0	76	76	76
PARK7	0	76	76	76
PAX7	0	76	76	76
PDIK1L	0	76	76	76
PDPN	0	76	76	76
PER3	0	76	76	76
PERM1	0	76	76	76
PEX10	0	76	76	76
PEX14	0	76	76	76
PGD	0	76	76	76
PHACTR4	0	76	76	76
PHF13	0	76	76	76
PIGV	0	76	76	76
PIK3CD	0	76	76	76
PIK3CD-AS1	0	76	76	76
PIK3CD-AS2	0	76	76	76
PINK1	0	76	76	76
PINK1-AS	0	76	76	76
PITHD1	0	76	76	76
PLA2G2A	0	76	76	76
PLA2G2C	0	76	76	76
PLA2G2D	0	76	76	76
PLA2G2E	0	76	76	76
PLA2G2F	0	76	76	76
PLA2G5	0	76	76	76
PLCH2	0	76	76	76
PLEKHG5	0	76	76	76
PLEKHM2	0	76	76	76
PLEKHN1	0	76	76	76
PLOD1	0	76	76	76
PNRC2	0	76	76	76
PPP1R8	0	76	76	76
PQLC2	0	76	76	76
PRAMEF1	0	76	76	76
PRAMEF10	0	76	76	76
PRAMEF11	0	76	76	76
PRAMEF12	0	76	76	76
PRAMEF13	0	76	76	76
PRAMEF14	0	76	76	76
PRAMEF15	0	76	76	76
PRAMEF17	0	76	76	76
PRAMEF18	0	76	76	76
PRAMEF19	0	76	76	76
PRAMEF2	0	76	76	76
PRAMEF20	0	76	76	76
PRAMEF22	0	76	76	76
PRAMEF25	0	76	76	76
PRAMEF26	0	76	76	76
PRAMEF27	0	76	76	76
PRAMEF33P	0	76	76	76
PRAMEF34P	0	76	76	76
PRAMEF4	0	76	76	76
PRAMEF5	0	76	76	76
PRAMEF6	0	76	76	76
PRAMEF7	0	76	76	76
PRAMEF8	0	76	76	76
PRDM16	0	76	76	76
PRDM2	0	76	76	76
PRKCZ	0	76	76	76
PTAFR	0	76	76	76
PTPRU	0	76	76	76
PUM1	0	76	76	76
PUSL1	0	76	76	76
RAB42	0	76	76	76
RAP1GAP	0	76	76	76
RBP7	0	76	76	76
RCAN3	0	76	76	76
RCAN3AS	0	76	76	76
RCC1	0	76	76	76
RCC2	0	76	76	76
RER1	0	76	76	76
RERE	0	76	76	76
RHCE	0	76	76	76
RHD	0	76	76	76
RNF186	0	76	76	76
RNF207	0	76	76	76
RNF223	0	76	76	76
RNU11	0	76	76	76
RNU5E-1	0	76	76	76
RNU6-1	0	76	76	76
RNU6-2	0	76	76	76
RNU6-7	0	76	76	76
RNU6-8	0	76	76	76
RPA2	0	76	76	76
RPL11	0	76	76	76
RPL22	0	76	76	76
RPS14P3	0	76	76	76
RPS6KA1	0	76	76	76
RSC1A1	0	76	76	76
RSG1	0	76	76	76
RSRP1	0	76	76	76
RUNX3	0	76	76	76
SAMD11	0	76	76	76
SCARNA1	0	76	76	76
SCNN1D	0	76	76	76
SDC3	0	76	76	76
SDF4	0	76	76	76
SDHB	0	76	76	76
SEPN1	0	76	76	76
SESN2	0	76	76	76
SFN	0	76	76	76
SH2D5	0	76	76	76
SH3BGRL3	0	76	76	76
SKI	0	76	76	76
SLC25A33	0	76	76	76
SLC25A34	0	76	76	76
SLC2A5	0	76	76	76
SLC2A7	0	76	76	76
SLC30A2	0	76	76	76
SLC35E2	0	76	76	76
SLC35E2B	0	76	76	76
SLC45A1	0	76	76	76
SLC9A1	0	76	76	76
SMIM1	0	76	76	76
SMPDL3B	0	76	76	76
SNHG12	0	76	76	76
SNHG3	0	76	76	76
SNORA16A	0	76	76	76
SNORA44	0	76	76	76
SNORA61	0	76	76	76
SNORA73A	0	76	76	76
SNORA73B	0	76	76	76
SNORD103A	0	76	76	76
SNORD103C	0	76	76	76
SNORD128	0	76	76	76
SNORD99	0	76	76	76
SNRNP40	0	76	76	76
SPATA21	0	76	76	76
SPEN	0	76	76	76
SPSB1	0	76	76	76
SRM	0	76	76	76
SRRM1	0	76	76	76
SRSF10	0	76	76	76
SRSF4	0	76	76	76
SSU72	0	76	76	76
STMN1	0	76	76	76
STPG1	0	76	76	76
STX12	0	76	76	76
SYF2	0	76	76	76
SYTL1	0	76	76	76
SZRD1	0	76	76	76
TAF12	0	76	76	76
TARDBP	0	76	76	76
TAS1R1	0	76	76	76
TAS1R2	0	76	76	76
TAS1R3	0	76	76	76
TCEA3	0	76	76	76
TCEB3	0	76	76	76
TCEB3-AS1	0	76	76	76
THAP3	0	76	76	76
THEMIS2	0	76	76	76
TMCO4	0	76	76	76
TMEM200B	0	76	76	76
TMEM201	0	76	76	76
TMEM222	0	76	76	76
TMEM240	0	76	76	76
TMEM50A	0	76	76	76
TMEM51	0	76	76	76
TMEM51-AS1	0	76	76	76
TMEM52	0	76	76	76
TMEM57	0	76	76	76
TMEM82	0	76	76	76
TMEM88B	0	76	76	76
TNFRSF14	0	76	76	76
TNFRSF18	0	76	76	76
TNFRSF1B	0	76	76	76
TNFRSF25	0	76	76	76
TNFRSF4	0	76	76	76
TNFRSF8	0	76	76	76
TNFRSF9	0	76	76	76
TP73	0	76	76	76
TP73-AS1	0	76	76	76
TPRG1L	0	76	76	76
TRIM63	0	76	76	76
TRNAU1AP	0	76	76	76
TRNP1	0	76	76	76
TTC34	0	76	76	76
TTLL10	0	76	76	76
UBE2J2	0	76	76	76
UBE4B	0	76	76	76
UBIAD1	0	76	76	76
UBR4	0	76	76	76
UBXN10	0	76	76	76
UBXN10-AS1	0	76	76	76
UBXN11	0	76	76	76
UQCRHL	0	76	76	76
USP48	0	76	76	76
UTS2	0	76	76	76
VAMP3	0	76	76	76
VPS13D	0	76	76	76
VWA1	0	76	76	76
VWA5B1	0	76	76	76
WASF2	0	76	76	76
WASH7P	0	76	76	76
WDTC1	0	76	76	76
WNT4	0	76	76	76
WRAP73	0	76	76	76
XKR8	0	76	76	76
YTHDF2	0	76	76	76
ZBTB17	0	76	76	76
ZBTB40	0	76	76	76
ZBTB48	0	76	76	76
ZDHHC18	0	76	76	76
ZNF436	0	76	76	76
ZNF436-AS1	0	76	76	76
ZNF593	0	76	76	76
ZNF683	0	76	76	76
hsa-mir-551a	0	76	76	76
LPAR6	0	75	75	75
RB1	0	75	75	75
ADAM18	0	74	74	74
ADAM2	0	74	74	74
ADAM32	0	74	74	74
ADAM3A	0	74	74	74
ADAM5	0	74	74	74
ADAM9	0	74	74	74
ADGRA2	0	74	74	74
ADRA1A	0	74	74	74
ADRB3	0	74	74	74
ASH2L	0	74	74	74
BAG4	0	74	74	74
BNIP3L	0	74	74	74
BRF2	0	74	74	74
C8orf4	0	74	74	74
C8orf86	0	74	74	74
CCDC25	0	74	74	74
CHRNA2	0	74	74	74
CHRNA6	0	74	74	74
CHRNB3	0	74	74	74
CLU	0	74	74	74
DCTN6	0	74	74	74
DDHD2	0	74	74	74
DKK4	0	74	74	74
DPYSL2	0	74	74	74
DUSP26	0	74	74	74
DUSP4	0	74	74	74
EBF2	0	74	74	74
EIF4EBP1	0	74	74	74
ELP3	0	74	74	74
EPHX2	0	74	74	74
ERLIN2	0	74	74	74
ESCO2	0	74	74	74
EXTL3	0	74	74	74
EXTL3-AS1	0	74	74	74
FAM183CP	0	74	74	74
FBXO16	0	74	74	74
FGFR1	0	74	74	74
FNTA	0	74	74	74
FUT10	0	74	74	74
FZD3	0	74	74	74
GINS4	0	74	74	74
GOLGA7	0	74	74	74
GOT1L1	0	74	74	74
GPAT4	0	74	74	74
GSR	0	74	74	74
GTF2E2	0	74	74	74
HGSNAT	0	74	74	74
HMBOX1	0	74	74	74
HOOK3	0	74	74	74
HTRA4	0	74	74	74
IDO1	0	74	74	74
IDO2	0	74	74	74
INTS9	0	74	74	74
KCNU1	0	74	74	74
KIF13B	0	74	74	74
LEPROTL1	0	74	74	74
LETM2	0	74	74	74
LINC00589	0	74	74	74
LINC01288	0	74	74	74
LINC01605	0	74	74	74
LOC100130964	0	74	74	74
LOC101929450	0	74	74	74
LOC101929470	0	74	74	74
LOC101929550	0	74	74	74
LOC101929622	0	74	74	74
LOC102723701	0	74	74	74
LOC102723729	0	74	74	74
LOC728024	0	74	74	74
LSM1	0	74	74	74
MAK16	0	74	74	74
MBOAT4	0	74	74	74
MIR3148	0	74	74	74
MIR3622A	0	74	74	74
MIR3622B	0	74	74	74
MIR4287	0	74	74	74
MIR4288	0	74	74	74
MIR4469	0	74	74	74
MIR486-1	0	74	74	74
MIR486-2	0	74	74	74
MIR548AO	0	74	74	74
MIR548H4	0	74	74	74
MIR6842	0	74	74	74
MIR6843	0	74	74	74
NKX6-3	0	74	74	74
NRG1	0	74	74	74
NRG1-IT1	0	74	74	74
NRG1-IT3	0	74	74	74
NUGGC	0	74	74	74
PBK	0	74	74	74
PLEKHA2	0	74	74	74
PLPP5	0	74	74	74
PNMA2	0	74	74	74
PNOC	0	74	74	74
POLB	0	74	74	74
POMK	0	74	74	74
POTEA	0	74	74	74
PPP2CB	0	74	74	74
PPP2R2A	0	74	74	74
PROSC	0	74	74	74
PTK2B	0	74	74	74
PURG	0	74	74	74
RAB11FIP1	0	74	74	74
RBPMS	0	74	74	74
RBPMS-AS1	0	74	74	74
RNF122	0	74	74	74
RNF170	0	74	74	74
RNF5P1	0	74	74	74
SARAF	0	74	74	74
SCARA3	0	74	74	74
SCARA5	0	74	74	74
SFRP1	0	74	74	74
SLC20A2	0	74	74	74
SMIM18	0	74	74	74
SMIM19	0	74	74	74
SNORD13	0	74	74	74
STAR	0	74	74	74
STMN4	0	74	74	74
TACC1	0	74	74	74
TEX15	0	74	74	74
THAP1	0	74	74	74
TM2D2	0	74	74	74
TRIM35	0	74	74	74
TTI2	0	74	74	74
UBXN8	0	74	74	74
UNC5D	0	74	74	74
VDAC3	0	74	74	74
WHSC1L1	0	74	74	74
WRN	0	74	74	74
ZMAT4	0	74	74	74
ZNF395	0	74	74	74
ZNF703	0	74	74	74
AASDHPPT	0	73	73	73
ABCG4	0	73	73	73
ACAD8	0	73	73	73
ACAT1	0	73	73	73
ACRV1	0	73	73	73
ADAMTS15	0	73	73	73
ADAMTS8	0	73	73	73
ALG9	0	73	73	73
ALKBH8	0	73	73	73
ANKK1	0	73	73	73
APLP2	0	73	73	73
APOA1	0	73	73	73
APOA1-AS	0	73	73	73
APOA4	0	73	73	73
APOA5	0	73	73	73
APOC3	0	73	73	73
ARCN1	0	73	73	73
ARHGAP20	0	73	73	73
ARHGAP32	0	73	73	73
ARHGEF12	0	73	73	73
ATM	0	73	73	73
ATP5L	0	73	73	73
B3GAT1	0	73	73	73
BACE1	0	73	73	73
BACE1-AS	0	73	73	73
BARX2	0	73	73	73
BCL9L	0	73	73	73
BCO2	0	73	73	73
BLID	0	73	73	73
BSX	0	73	73	73
BTG4	0	73	73	73
BUD13	0	73	73	73
C11orf1	0	73	73	73
C11orf44	0	73	73	73
C11orf45	0	73	73	73
C11orf52	0	73	73	73
C11orf53	0	73	73	73
C11orf57	0	73	73	73
C11orf63	0	73	73	73
C11orf65	0	73	73	73
C11orf71	0	73	73	73
C11orf87	0	73	73	73
C11orf88	0	73	73	73
C1QTNF5	0	73	73	73
C2CD2L	0	73	73	73
CADM1	0	73	73	73
CBL	0	73	73	73
CCDC15	0	73	73	73
CCDC153	0	73	73	73
CCDC84	0	73	73	73
CD3D	0	73	73	73
CD3E	0	73	73	73
CD3G	0	73	73	73
CDON	0	73	73	73
CEP164	0	73	73	73
CHEK1	0	73	73	73
CLDN25	0	73	73	73
CLMP	0	73	73	73
COLCA1	0	73	73	73
COLCA2	0	73	73	73
CRTAM	0	73	73	73
CRYAB	0	73	73	73
CUL5	0	73	73	73
CWF19L2	0	73	73	73
CXCR5	0	73	73	73
DCPS	0	73	73	73
DDX10	0	73	73	73
DDX25	0	73	73	73
DDX6	0	73	73	73
DIXDC1	0	73	73	73
DLAT	0	73	73	73
DPAGT1	0	73	73	73
DRD2	0	73	73	73
DSCAML1	0	73	73	73
EI24	0	73	73	73
ELMOD1	0	73	73	73
ESAM	0	73	73	73
ETS1	0	73	73	73
EXPH5	0	73	73	73
FAM118B	0	73	73	73
FDX1	0	73	73	73
FDXACB1	0	73	73	73
FEZ1	0	73	73	73
FLI1	0	73	73	73
FOXR1	0	73	73	73
FOXRED1	0	73	73	73
FXYD2	0	73	73	73
FXYD6	0	73	73	73
FXYD6-FXYD2	0	73	73	73
GLB1L2	0	73	73	73
GLB1L3	0	73	73	73
GRAMD1B	0	73	73	73
GRIA4	0	73	73	73
GRIK4	0	73	73	73
GUCY1A2	0	73	73	73
H2AFX	0	73	73	73
HEPACAM	0	73	73	73
HEPN1	0	73	73	73
HINFP	0	73	73	73
HMBS	0	73	73	73
HSPA8	0	73	73	73
HSPB2	0	73	73	73
HSPB2-C11orf52	0	73	73	73
HTR3A	0	73	73	73
HTR3B	0	73	73	73
HYLS1	0	73	73	73
HYOU1	0	73	73	73
IFT46	0	73	73	73
IGSF9B	0	73	73	73
IL10RA	0	73	73	73
IL18	0	73	73	73
JAM3	0	73	73	73
JAML	0	73	73	73
KBTBD3	0	73	73	73
KCNJ1	0	73	73	73
KCNJ5	0	73	73	73
KDELC2	0	73	73	73
KIRREL3	0	73	73	73
KIRREL3-AS2	0	73	73	73
KIRREL3-AS3	0	73	73	73
KMT2A	0	73	73	73
LAYN	0	73	73	73
LINC00167	0	73	73	73
LINC00900	0	73	73	73
LINC01395	0	73	73	73
LOC100128239	0	73	73	73
LOC100131626	0	73	73	73
LOC100132078	0	73	73	73
LOC100132686	0	73	73	73
LOC100507283	0	73	73	73
LOC100507431	0	73	73	73
LOC100507548	0	73	73	73
LOC100652768	0	73	73	73
LOC101928535	0	73	73	73
LOC101928823	0	73	73	73
LOC101928847	0	73	73	73
LOC101928940	0	73	73	73
LOC101928985	0	73	73	73
LOC101929011	0	73	73	73
LOC101929089	0	73	73	73
LOC101929208	0	73	73	73
LOC101929227	0	73	73	73
LOC101929340	0	73	73	73
LOC101929427	0	73	73	73
LOC101929473	0	73	73	73
LOC101929497	0	73	73	73
LOC101929517	0	73	73	73
LOC101929538	0	73	73	73
LOC101929653	0	73	73	73
LOC102724301	0	73	73	73
LOC103611081	0	73	73	73
LOC105369473	0	73	73	73
LOC105369486	0	73	73	73
LOC105369507	0	73	73	73
LOC105369509	0	73	73	73
LOC105369532	0	73	73	73
LOC283140	0	73	73	73
LOC283177	0	73	73	73
LOC341056	0	73	73	73
LOC387810	0	73	73	73
LOC403312	0	73	73	73
LOC643923	0	73	73	73
LOC646522	0	73	73	73
LOC649133	0	73	73	73
MCAM	0	73	73	73
MIR100	0	73	73	73
MIR100HG	0	73	73	73
MIR125B1	0	73	73	73
MIR3167	0	73	73	73
MIR34B	0	73	73	73
MIR34C	0	73	73	73
MIR3656	0	73	73	73
MIR4301	0	73	73	73
MIR4491	0	73	73	73
MIR4492	0	73	73	73
MIR4493	0	73	73	73
MIR4697	0	73	73	73
MIR4697HG	0	73	73	73
MIR6090	0	73	73	73
MIR6716	0	73	73	73
MIR6756	0	73	73	73
MIR8052	0	73	73	73
MIRLET7A2	0	73	73	73
MPZL2	0	73	73	73
MPZL3	0	73	73	73
MSANTD2	0	73	73	73
MSANTD4	0	73	73	73
NCAM1	0	73	73	73
NCAM1-AS1	0	73	73	73
NCAPD3	0	73	73	73
NECTIN1	0	73	73	73
NFRKB	0	73	73	73
NLRX1	0	73	73	73
NNMT	0	73	73	73
NPAT	0	73	73	73
NRGN	0	73	73	73
NTM	0	73	73	73
NTM-AS1	0	73	73	73
NTM-IT	0	73	73	73
NXPE1	0	73	73	73
NXPE2	0	73	73	73
NXPE4	0	73	73	73
OAF	0	73	73	73
OPCML	0	73	73	73
OR10G4	0	73	73	73
OR10G7	0	73	73	73
OR10G8	0	73	73	73
OR10G9	0	73	73	73
OR10S1	0	73	73	73
OR4D5	0	73	73	73
OR6M1	0	73	73	73
OR6T1	0	73	73	73
OR6X1	0	73	73	73
OR8A1	0	73	73	73
OR8B12	0	73	73	73
OR8B2	0	73	73	73
OR8B3	0	73	73	73
OR8B4	0	73	73	73
OR8B8	0	73	73	73
OR8D1	0	73	73	73
OR8D2	0	73	73	73
OR8D4	0	73	73	73
OR8G1	0	73	73	73
OR8G2	0	73	73	73
OR8G5	0	73	73	73
PAFAH1B2	0	73	73	73
PANX3	0	73	73	73
PATE1	0	73	73	73
PATE2	0	73	73	73
PATE3	0	73	73	73
PATE4	0	73	73	73
PCSK7	0	73	73	73
PDZD3	0	73	73	73
PHLDB1	0	73	73	73
PIH1D2	0	73	73	73
PKNOX2	0	73	73	73
PKNOX2-AS1	0	73	73	73
PLET1	0	73	73	73
POU2AF1	0	73	73	73
POU2F3	0	73	73	73
PPP2R1B	0	73	73	73
PRDM10	0	73	73	73
PTS	0	73	73	73
PUS3	0	73	73	73
RAB39A	0	73	73	73
RBM7	0	73	73	73
RDX	0	73	73	73
REXO2	0	73	73	73
RNF214	0	73	73	73
RNF26	0	73	73	73
ROBO3	0	73	73	73
ROBO4	0	73	73	73
RPL23AP64	0	73	73	73
RPS25	0	73	73	73
RPUSD4	0	73	73	73
SC5D	0	73	73	73
SCN2B	0	73	73	73
SCN3B	0	73	73	73
SCN4B	0	73	73	73
SDHD	0	73	73	73
SENCR	0	73	73	73
SIAE	0	73	73	73
SIDT2	0	73	73	73
SIK2	0	73	73	73
SIK3	0	73	73	73
SLC35F2	0	73	73	73
SLC37A2	0	73	73	73
SLC37A4	0	73	73	73
SLN	0	73	73	73
SNORD14C	0	73	73	73
SNORD14D	0	73	73	73
SNORD14E	0	73	73	73
SNX19	0	73	73	73
SORL1	0	73	73	73
SPA17	0	73	73	73
SPATA19	0	73	73	73
SRPRA	0	73	73	73
ST14	0	73	73	73
ST3GAL4	0	73	73	73
ST3GAL4-AS1	0	73	73	73
STT3A	0	73	73	73
STT3A-AS1	0	73	73	73
TAGLN	0	73	73	73
TBCEL	0	73	73	73
TBRG1	0	73	73	73
TECTA	0	73	73	73
TEX12	0	73	73	73
THY1	0	73	73	73
THYN1	0	73	73	73
TIMM8B	0	73	73	73
TIRAP	0	73	73	73
TMEM136	0	73	73	73
TMEM218	0	73	73	73
TMEM225	0	73	73	73
TMEM25	0	73	73	73
TMEM45B	0	73	73	73
TMPRSS13	0	73	73	73
TMPRSS4	0	73	73	73
TMPRSS4-AS1	0	73	73	73
TMPRSS5	0	73	73	73
TP53AIP1	0	73	73	73
TRAPPC4	0	73	73	73
TREH	0	73	73	73
TRIM29	0	73	73	73
TTC12	0	73	73	73
TTC36	0	73	73	73
UBASH3B	0	73	73	73
UBE4A	0	73	73	73
UPK2	0	73	73	73
USP2	0	73	73	73
USP2-AS1	0	73	73	73
USP28	0	73	73	73
VPS11	0	73	73	73
VPS26B	0	73	73	73
VSIG2	0	73	73	73
VWA5A	0	73	73	73
ZBTB16	0	73	73	73
ZBTB44	0	73	73	73
ZC3H12C	0	73	73	73
ZNF202	0	73	73	73
ZPR1	0	73	73	73
ZW10	0	73	73	73
[LINC00392]	73	0	73	73
ANKRD62P1-PARP4P3	0	71	71	71
ATP6V1E1	0	71	71	71
BMS1P17	0	71	71	71
BMS1P22	0	71	71	71
CCT8L2	0	71	71	71
CECR1	0	71	71	71
CECR2	0	71	71	71
CECR3	0	71	71	71
CECR5	0	71	71	71
CECR5-AS1	0	71	71	71
CECR6	0	71	71	71
CECR7	0	71	71	71
DUXAP8	0	71	71	71
ERBB2	71	0	71	71
GAB4	0	71	71	71
GRB7	71	0	71	71
HSFY1P1	0	71	71	71
IKZF3	71	0	71	71
IL17RA	0	71	71	71
LINC01297	0	71	71	71
LOC100996342	0	71	71	71
LOC101929350	0	71	71	71
LOC101929372	0	71	71	71
LOC102723769	0	71	71	71
LOC102723780	0	71	71	71
MIEN1	71	0	71	71
MIR4728	71	0	71	71
NEUROD2	71	0	71	71
OR11H1	0	71	71	71
PGAP3	71	0	71	71
PNMT	71	0	71	71
POTEH	0	71	71	71
POTEH-AS1	0	71	71	71
PPP1R1B	71	0	71	71
SLC25A18	0	71	71	71
STARD3	71	0	71	71
TCAP	71	0	71	71
TPTEP1	0	71	71	71
XKR3	0	71	71	71
FOXC1	0	69	69	69
GMDS	0	69	69	69
LINC00470	69	0	69	69
B4GALNT3	68	0	68	68
CCDC77	68	0	68	68
IQSEC3	68	0	68	68
KDM5A	68	0	68	68
LOC100049716	68	0	68	68
LOC100288778	68	0	68	68
LOC101929384	68	0	68	68
LOC102723544	68	0	68	68
LOC105369595	68	0	68	68
LOC574538	68	0	68	68
NINJ2	68	0	68	68
RAD52	68	0	68	68
SLC6A12	68	0	68	68
SLC6A13	68	0	68	68
WNK1	68	0	68	68
APBA2	0	67	67	67
ARHGAP11B	0	67	67	67
ATP10A	0	67	67	67
CHEK2P2	0	67	67	67
CHRFAM7A	0	67	67	67
CXADRP2	0	67	67	67
CYFIP1	0	67	67	67
DKFZP434L187	0	67	67	67
FAM189A1	0	67	67	67
GABRA5	0	67	67	67
GABRB3	0	67	67	67
GABRG3	0	67	67	67
GABRG3-AS1	0	67	67	67
GOLGA6L1	0	67	67	67
GOLGA6L2	0	67	67	67
GOLGA6L22	0	67	67	67
GOLGA6L6	0	67	67	67
GOLGA6L7P	0	67	67	67
GOLGA8CP	0	67	67	67
GOLGA8DP	0	67	67	67
GOLGA8EP	0	67	67	67
GOLGA8F	0	67	67	67
GOLGA8G	0	67	67	67
GOLGA8H	0	67	67	67
GOLGA8IP	0	67	67	67
GOLGA8J	0	67	67	67
GOLGA8M	0	67	67	67
GOLGA8N	0	67	67	67
GOLGA8R	0	67	67	67
GOLGA8S	0	67	67	67
GOLGA8T	0	67	67	67
HERC2	0	67	67	67
HERC2P10	0	67	67	67
HERC2P2	0	67	67	67
HERC2P3	0	67	67	67
HERC2P7	0	67	67	67
HERC2P9	0	67	67	67
IGHV1OR15-1	0	67	67	67
IGHV1OR15-3	0	67	67	67
IPW	0	67	67	67
LINC00929	0	67	67	67
LINC01193	0	67	67	67
LOC100128714	0	67	67	67
LOC100130111	0	67	67	67
LOC100288637	0	67	67	67
LOC100289656	0	67	67	67
LOC101927079	0	67	67	67
LOC101928042	0	67	67	67
LOC283683	0	67	67	67
LOC646214	0	67	67	67
LOC727924	0	67	67	67
MAGEL2	0	67	67	67
MIR1268A	0	67	67	67
MIR3118-2	0	67	67	67
MIR3118-3	0	67	67	67
MIR3118-4	0	67	67	67
MIR4508	0	67	67	67
MIR4509-1	0	67	67	67
MIR4509-2	0	67	67	67
MIR4715	0	67	67	67
MIR5701-1	0	67	67	67
MIR5701-2	0	67	67	67
MKRN3	0	67	67	67
NBEAP1	0	67	67	67
NDN	0	67	67	67
NF1P2	0	67	67	67
NIPA1	0	67	67	67
NIPA2	0	67	67	67
NPAP1	0	67	67	67
NSMCE3	0	67	67	67
OCA2	0	67	67	67
OR4M2	0	67	67	67
OR4N3P	0	67	67	67
OR4N4	0	67	67	67
PDCD6IPP2	0	67	67	67
POTEB	0	67	67	67
POTEB2	0	67	67	67
POTEB3	0	67	67	67
PWAR1	0	67	67	67
PWAR4	0	67	67	67
PWAR5	0	67	67	67
PWARSN	0	67	67	67
PWRN1	0	67	67	67
PWRN2	0	67	67	67
PWRN3	0	67	67	67
PWRN4	0	67	67	67
REREP3	0	67	67	67
SNORD107	0	67	67	67
SNORD108	0	67	67	67
SNORD109A	0	67	67	67
SNORD115-1	0	67	67	67
SNORD115-10	0	67	67	67
SNORD115-11	0	67	67	67
SNORD115-12	0	67	67	67
SNORD115-13	0	67	67	67
SNORD115-14	0	67	67	67
SNORD115-15	0	67	67	67
SNORD115-16	0	67	67	67
SNORD115-17	0	67	67	67
SNORD115-18	0	67	67	67
SNORD115-2	0	67	67	67
SNORD115-20	0	67	67	67
SNORD115-21	0	67	67	67
SNORD115-22	0	67	67	67
SNORD115-23	0	67	67	67
SNORD115-24	0	67	67	67
SNORD115-25	0	67	67	67
SNORD115-26	0	67	67	67
SNORD115-27	0	67	67	67
SNORD115-28	0	67	67	67
SNORD115-29	0	67	67	67
SNORD115-3	0	67	67	67
SNORD115-30	0	67	67	67
SNORD115-31	0	67	67	67
SNORD115-32	0	67	67	67
SNORD115-33	0	67	67	67
SNORD115-34	0	67	67	67
SNORD115-35	0	67	67	67
SNORD115-36	0	67	67	67
SNORD115-37	0	67	67	67
SNORD115-38	0	67	67	67
SNORD115-39	0	67	67	67
SNORD115-4	0	67	67	67
SNORD115-41	0	67	67	67
SNORD115-44	0	67	67	67
SNORD115-45	0	67	67	67
SNORD115-46	0	67	67	67
SNORD115-47	0	67	67	67
SNORD115-48	0	67	67	67
SNORD115-5	0	67	67	67
SNORD115-6	0	67	67	67
SNORD115-7	0	67	67	67
SNORD115-8	0	67	67	67
SNORD116-1	0	67	67	67
SNORD116-10	0	67	67	67
SNORD116-11	0	67	67	67
SNORD116-12	0	67	67	67
SNORD116-13	0	67	67	67
SNORD116-14	0	67	67	67
SNORD116-15	0	67	67	67
SNORD116-16	0	67	67	67
SNORD116-17	0	67	67	67
SNORD116-18	0	67	67	67
SNORD116-2	0	67	67	67
SNORD116-20	0	67	67	67
SNORD116-21	0	67	67	67
SNORD116-22	0	67	67	67
SNORD116-23	0	67	67	67
SNORD116-24	0	67	67	67
SNORD116-25	0	67	67	67
SNORD116-26	0	67	67	67
SNORD116-27	0	67	67	67
SNORD116-28	0	67	67	67
SNORD116-29	0	67	67	67
SNORD116-3	0	67	67	67
SNORD116-30	0	67	67	67
SNORD116-4	0	67	67	67
SNORD116-5	0	67	67	67
SNORD116-8	0	67	67	67
SNORD64	0	67	67	67
SNRPN	0	67	67	67
SNURF	0	67	67	67
TJP1	0	67	67	67
TUBGCP5	0	67	67	67
UBE3A	0	67	67	67
ULK4P1	0	67	67	67
ULK4P3	0	67	67	67
WHAMMP2	0	67	67	67
WHAMMP3	0	67	67	67
ABCB8	0	66	66	66
ABCF2	0	66	66	66
ACTR3B	0	66	66	66
ACTR3C	0	66	66	66
AGAP3	0	66	66	66
AOC1	0	66	66	66
ASB10	0	66	66	66
ASIC3	0	66	66	66
ATG9B	0	66	66	66
ATP6V0E2	0	66	66	66
ATP6V0E2-AS1	0	66	66	66
BLACE	0	66	66	66
C7orf13	0	66	66	66
C7orf33	0	66	66	66
CDK5	0	66	66	66
CHPF2	0	66	66	66
CNPY1	0	66	66	66
CRYGN	0	66	66	66
CUL1	0	66	66	66
DNAJB6	0	66	66	66
DPP6	0	66	66	66
EN2	0	66	66	66
ESYT2	0	66	66	66
EZH2	0	66	66	66
FABP5P3	0	66	66	66
FASTK	0	66	66	66
GALNT11	0	66	66	66
GALNTL5	0	66	66	66
GBX1	0	66	66	66
GHET1	0	66	66	66
GIMAP1	0	66	66	66
GIMAP1-GIMAP5	0	66	66	66
GIMAP2	0	66	66	66
GIMAP4	0	66	66	66
GIMAP5	0	66	66	66
GIMAP6	0	66	66	66
GIMAP7	0	66	66	66
GIMAP8	0	66	66	66
HTR5A	0	66	66	66
HTR5A-AS1	0	66	66	66
INSIG1	0	66	66	66
IQCA1L	0	66	66	66
KCNH2	0	66	66	66
KMT2C	0	66	66	66
KRBA1	0	66	66	66
LINC00244	0	66	66	66
LINC00689	0	66	66	66
LINC00996	0	66	66	66
LINC01003	0	66	66	66
LINC01006	0	66	66	66
LINC01022	0	66	66	66
LINC01287	0	66	66	66
LMBR1	0	66	66	66
LOC100506302	0	66	66	66
LOC100506585	0	66	66	66
LOC101927914	0	66	66	66
LOC101929998	0	66	66	66
LOC155060	0	66	66	66
LOC285889	0	66	66	66
LOC389602	0	66	66	66
LOC728743	0	66	66	66
LRRC61	0	66	66	66
MIR153-2	0	66	66	66
MIR3907	0	66	66	66
MIR5707	0	66	66	66
MIR595	0	66	66	66
MIR671	0	66	66	66
MNX1	0	66	66	66
MNX1-AS1	0	66	66	66
NCAPG2	0	66	66	66
NOM1	0	66	66	66
NOS3	0	66	66	66
NUB1	0	66	66	66
PAXIP1	0	66	66	66
PAXIP1-AS1	0	66	66	66
PAXIP1-AS2	0	66	66	66
PDIA4	0	66	66	66
PRKAG2	0	66	66	66
PRKAG2-AS1	0	66	66	66
PTPRN2	0	66	66	66
RARRES2	0	66	66	66
RBM33	0	66	66	66
REPIN1	0	66	66	66
RHEB	0	66	66	66
RNF32	0	66	66	66
RNY1	0	66	66	66
RNY3	0	66	66	66
RNY4	0	66	66	66
RNY5	0	66	66	66
SHH	0	66	66	66
SLC4A2	0	66	66	66
SMARCD3	0	66	66	66
SSPO	0	66	66	66
TMEM176A	0	66	66	66
TMEM176B	0	66	66	66
TMUB1	0	66	66	66
UBE3C	0	66	66	66
VIPR2	0	66	66	66
WDR60	0	66	66	66
WDR86	0	66	66	66
WDR86-AS1	0	66	66	66
XRCC2	0	66	66	66
ZBED6CL	0	66	66	66
ZNF212	0	66	66	66
ZNF282	0	66	66	66
ZNF398	0	66	66	66
ZNF425	0	66	66	66
ZNF467	0	66	66	66
ZNF746	0	66	66	66
ZNF767P	0	66	66	66
ZNF775	0	66	66	66
ZNF777	0	66	66	66
ZNF783	0	66	66	66
ZNF786	0	66	66	66
ZNF862	0	66	66	66
hsa-mir-1975	0	66	66	66
AMPD1	0	65	65	65
AP4B1	0	65	65	65
AP4B1-AS1	0	65	65	65
BCAS2	0	65	65	65
BCL2L15	0	65	65	65
CASQ2	0	65	65	65
CSDE1	0	65	65	65
DCLRE1B	0	65	65	65
DENND2C	0	65	65	65
HIPK1	0	65	65	65
HIPK1-AS1	0	65	65	65
LOC643441	0	65	65	65
LRIG2	0	65	65	65
MAGI3	0	65	65	65
NGF	0	65	65	65
NRAS	0	65	65	65
OLFML3	0	65	65	65
PHTF1	0	65	65	65
PTPN22	0	65	65	65
RSBN1	0	65	65	65
SIKE1	0	65	65	65
SYCP1	0	65	65	65
SYT6	0	65	65	65
TRIM33	0	65	65	65
TSHB	0	65	65	65
TSPAN2	0	65	65	65
VANGL1	0	65	65	65
LOC101927972	0	64	64	64
ARHGDIG	0	62	62	62
AXIN1	0	62	62	62
BAIAP3	0	62	62	62
C16orf91	0	62	62	62
C1QTNF8	0	62	62	62
CACNA1H	0	62	62	62
CAPN15	0	62	62	62
CCDC154	0	62	62	62
CCDC78	0	62	62	62
CFL1P1	0	62	62	62
CHTF18	0	62	62	62
CLCN7	0	62	62	62
CRAMP1	0	62	62	62
DDX11L10	0	62	62	62
DECR2	0	62	62	62
FAM173A	0	62	62	62
FAM234A	0	62	62	62
FBXL16	0	62	62	62
GNG13	0	62	62	62
GNPTG	0	62	62	62
HAGHL	0	62	62	62
HBA1	0	62	62	62
HBA2	0	62	62	62
HBM	0	62	62	62
HBQ1	0	62	62	62
HBZ	0	62	62	62
HN1L	0	62	62	62
IFT140	0	62	62	62
JMJD8	0	62	62	62
KLLN	0	62	62	62
LINC00235	0	62	62	62
LIPF	0	62	62	62
LIPJ	0	62	62	62
LIPK	0	62	62	62
LMF1	0	62	62	62
LMF1-AS1	0	62	62	62
LOC100134368	0	62	62	62
LOC105371038	0	62	62	62
LOC105371046	0	62	62	62
LOC105371184	0	62	62	62
LUC7L	0	62	62	62
MCRIP2	0	62	62	62
METRN	0	62	62	62
METTL26	0	62	62	62
MIR3176	0	62	62	62
MIR5587	0	62	62	62
MIR662	0	62	62	62
MPG	0	62	62	62
MRPL28	0	62	62	62
MSLN	0	62	62	62
NARFL	0	62	62	62
NHLRC4	0	62	62	62
NME4	0	62	62	62
NPRL3	0	62	62	62
PDIA2	0	62	62	62
PIGQ	0	62	62	62
POLR3K	0	62	62	62
PRR25	0	62	62	62
PRR35	0	62	62	62
PTEN	0	62	62	62
PTX4	0	62	62	62
RAB11FIP3	0	62	62	62
RAB40C	0	62	62	62
RGS11	0	62	62	62
RHBDF1	0	62	62	62
RHBDL1	0	62	62	62
RHOT2	0	62	62	62
RNLS	0	62	62	62
RPUSD1	0	62	62	62
SNRNP25	0	62	62	62
SOX8	0	62	62	62
SSTR5	0	62	62	62
SSTR5-AS1	0	62	62	62
STUB1	0	62	62	62
TELO2	0	62	62	62
TMEM204	0	62	62	62
TMEM8A	0	62	62	62
TPSAB1	0	62	62	62
TPSB2	0	62	62	62
TPSD1	0	62	62	62
TPSG1	0	62	62	62
TSR3	0	62	62	62
UBE2I	0	62	62	62
UNKL	0	62	62	62
WASIR2	0	62	62	62
WDR24	0	62	62	62
WDR90	0	62	62	62
WFIKKN1	0	62	62	62
LINC01512	60	0	60	60
MRPS18A	60	0	60	60
RSPH9	60	0	60	60
VEGFA	60	0	60	60
BRMS1L	59	0	59	59
FOXA1	59	0	59	59
INSM2	59	0	59	59
LINC00517	59	0	59	59
LINC00609	59	0	59	59
MBIP	59	0	59	59
MIPOL1	59	0	59	59
MIR4503	59	0	59	59
MIR7157	0	59	59	59
NFKBIA	59	0	59	59
NKX2-1	59	0	59	59
NKX2-1-AS1	59	0	59	59
NKX2-8	59	0	59	59
PAX9	59	0	59	59
PTCSC3	59	0	59	59
RALGAPA1	59	0	59	59
SFTA3	59	0	59	59
SLC25A21	59	0	59	59
SLC25A21-AS1	59	0	59	59
SNORA101B	59	0	59	59
TTC6	59	0	59	59
C19orf12	0	57	57	57
C1QL2	57	0	57	57
C2orf76	57	0	57	57
CCDC93	57	0	57	57
CFAP221	57	0	57	57
CLASP1	57	0	57	57
DBI	57	0	57	57
DDX18	57	0	57	57
DPY19L3	0	57	57	57
EN1	57	0	57	57
EPB41L5	57	0	57	57
GLI2	57	0	57	57
GOLGA2P9	0	57	57	57
HAVCR1P1	0	57	57	57
INHBB	57	0	57	57
INSIG2	57	0	57	57
IPO5P1	0	57	57	57
LINC00662	0	57	57	57
LINC00664	0	57	57	57
LINC00906	0	57	57	57
LINC01101	57	0	57	57
LINC01224	0	57	57	57
LINC01233	0	57	57	57
LINC01532	0	57	57	57
LINC01533	0	57	57	57
LOC100420587	0	57	57	57
LOC100996349	0	57	57	57
LOC101927151	0	57	57	57
LOC101927411	0	57	57	57
LOC101927709	57	0	57	57
LOC101929124	0	57	57	57
LOC101929144	0	57	57	57
LOC101929164	0	57	57	57
LOC102724908	0	57	57	57
LOC102724958	0	57	57	57
LOC284395	0	57	57	57
LOC374890	0	57	57	57
LOC400684	0	57	57	57
LOC641367	0	57	57	57
MARCO	57	0	57	57
MIR1270	0	57	57	57
NIFK	57	0	57	57
NIFK-AS1	57	0	57	57
PDCD5	0	57	57	57
PLEKHF1	0	57	57	57
POP4	0	57	57	57
PTPN4	57	0	57	57
RALB	57	0	57	57
RNU4ATAC	57	0	57	57
RPSAP58	0	57	57	57
SCTR	57	0	57	57
STEAP3	57	0	57	57
STEAP3-AS1	57	0	57	57
TFCP2L1	57	0	57	57
THEG5	0	57	57	57
TMEM177	57	0	57	57
TMEM185B	57	0	57	57
TMEM37	57	0	57	57
TSHZ3	0	57	57	57
TSN	57	0	57	57
UQCRFS1	0	57	57	57
VSTM2B	0	57	57	57
ZNF100	0	57	57	57
ZNF208	0	57	57	57
ZNF253	0	57	57	57
ZNF254	0	57	57	57
ZNF257	0	57	57	57
ZNF429	0	57	57	57
ZNF43	0	57	57	57
ZNF430	0	57	57	57
ZNF431	0	57	57	57
ZNF486	0	57	57	57
ZNF492	0	57	57	57
ZNF493	0	57	57	57
ZNF507	0	57	57	57
ZNF536	0	57	57	57
ZNF626	0	57	57	57
ZNF675	0	57	57	57
ZNF676	0	57	57	57
ZNF681	0	57	57	57
ZNF682	0	57	57	57
ZNF708	0	57	57	57
ZNF714	0	57	57	57
ZNF724	0	57	57	57
ZNF726	0	57	57	57
ZNF728	0	57	57	57
ZNF729	0	57	57	57
ZNF730	0	57	57	57
ZNF737	0	57	57	57
ZNF738	0	57	57	57
ZNF826P	0	57	57	57
ZNF85	0	57	57	57
ZNF90	0	57	57	57
ZNF91	0	57	57	57
ZNF93	0	57	57	57
ZNF98	0	57	57	57
ZNF99	0	57	57	57
hsa-mir-1270-1	0	57	57	57
LRRN3	0	56	56	56
ABI1	0	55	55	55
ACBD5	0	55	55	55
ADK	0	55	55	55
AGAP5	0	55	55	55
ANAPC16	0	55	55	55
ANKRD26	0	55	55	55
ANKRD30A	0	55	55	55
ANXA7	0	55	55	55
AP3M1	0	55	55	55
APBB1IP	0	55	55	55
ARHGAP12	0	55	55	55
ARHGAP21	0	55	55	55
ARL5B	0	55	55	55
ARMC3	0	55	55	55
ARMC4	0	55	55	55
ARMC4P1	0	55	55	55
ASCC1	0	55	55	55
BAMBI	0	55	55	55
BMI1	0	55	55	55
BMS1P4	0	55	55	55
C10orf105	0	55	55	55
C10orf11	0	55	55	55
C10orf111	0	55	55	55
C10orf113	0	55	55	55
C10orf126	0	55	55	55
C10orf54	0	55	55	55
C10orf55	0	55	55	55
C10orf67	0	55	55	55
C1QL3	0	55	55	55
CACNB2	0	55	55	55
CAMK2G	0	55	55	55
CASC10	0	55	55	55
CCDC7	0	55	55	55
CCNY	0	55	55	55
CDH23	0	55	55	55
CFAP70	0	55	55	55
CHCHD1	0	55	55	55
CHST3	0	55	55	55
COMMD3	0	55	55	55
COMMD3-BMI1	0	55	55	55
COMTD1	0	55	55	55
CREM	0	55	55	55
CUBN	0	55	55	55
DDIT4	0	55	55	55
DNAJB12	0	55	55	55
DNAJC1	0	55	55	55
DNAJC9	0	55	55	55
DNAJC9-AS1	0	55	55	55
DUPD1	0	55	55	55
DUSP13	0	55	55	55
EBLN1	0	55	55	55
ECD	0	55	55	55
ENKUR	0	55	55	55
EPC1	0	55	55	55
FAM149B1	0	55	55	55
FAM171A1	0	55	55	55
FAM188A	0	55	55	55
FUT11	0	55	55	55
FZD8	0	55	55	55
GAD2	0	55	55	55
GJD4	0	55	55	55
GLUD1P3	0	55	55	55
GOLGA2P6	0	55	55	55
GPR158	0	55	55	55
GPR158-AS1	0	55	55	55
HACD1	0	55	55	55
HSD17B7P2	0	55	55	55
ITGA8	0	55	55	55
ITGB1	0	55	55	55
KAT6B	0	55	55	55
KCNMA1-AS1	0	55	55	55
KIAA1217	0	55	55	55
KIAA1462	0	55	55	55
KIF5B	0	55	55	55
LINC00202-1	0	55	55	55
LINC00202-2	0	55	55	55
LINC00264	0	55	55	55
LINC00836	0	55	55	55
LINC00837	0	55	55	55
LINC00838	0	55	55	55
LINC00993	0	55	55	55
LINC00999	0	55	55	55
LINC01516	0	55	55	55
LINC01517	0	55	55	55
LOC100129055	0	55	55	55
LOC100130992	0	55	55	55
LOC100499489	0	55	55	55
LOC101928834	0	55	55	55
LOC101929073	0	55	55	55
LOC101929117	0	55	55	55
LOC101929165	0	55	55	55
LOC101929234	0	55	55	55
LOC101929279	0	55	55	55
LOC101929352	0	55	55	55
LOC101929431	0	55	55	55
LOC102031319	0	55	55	55
LOC102723377	0	55	55	55
LOC102723439	0	55	55	55
LOC105376468	0	55	55	55
LOC105376480	0	55	55	55
LOC105378349	0	55	55	55
LOC105378367	0	55	55	55
LRRC37A6P	0	55	55	55
LYZL1	0	55	55	55
LYZL2	0	55	55	55
MALRD1	0	55	55	55
MAP3K8	0	55	55	55
MASTL	0	55	55	55
MCU	0	55	55	55
MICU1	0	55	55	55
MIR1254-2	0	55	55	55
MIR1915	0	55	55	55
MIR4675	0	55	55	55
MIR4676	0	55	55	55
MIR4683	0	55	55	55
MIR511	0	55	55	55
MIR603	0	55	55	55
MIR604	0	55	55	55
MIR606	0	55	55	55
MIR7152	0	55	55	55
MIR7162	0	55	55	55
MIR8086	0	55	55	55
MIR938	0	55	55	55
MKX	0	55	55	55
MKX-AS1	0	55	55	55
MLLT10	0	55	55	55
MPP7	0	55	55	55
MRC1	0	55	55	55
MRPS16	0	55	55	55
MSRB2	0	55	55	55
MSS51	0	55	55	55
MTPAP	0	55	55	55
MTRNR2L7	0	55	55	55
MYO3A	0	55	55	55
MYOZ1	0	55	55	55
NDST2	0	55	55	55
NEBL	0	55	55	55
NEBL-AS1	0	55	55	55
NMT2	0	55	55	55
NRP1	0	55	55	55
NSUN6	0	55	55	55
NUDT13	0	55	55	55
OIT3	0	55	55	55
OTUD1	0	55	55	55
P4HA1	0	55	55	55
PCAT5	0	55	55	55
PDSS1	0	55	55	55
PIP4K2A	0	55	55	55
PLA2G12B	0	55	55	55
PLAU	0	55	55	55
PLXDC2	0	55	55	55
PPIAP30	0	55	55	55
PPP3CB	0	55	55	55
PPP3CB-AS1	0	55	55	55
PRTFDC1	0	55	55	55
PSAP	0	55	55	55
PTCHD3	0	55	55	55
PTER	0	55	55	55
PTF1A	0	55	55	55
RAB18	0	55	55	55
RPP38	0	55	55	55
RSU1	0	55	55	55
SAMD8	0	55	55	55
SEC24C	0	55	55	55
SEPT7P9	0	55	55	55
SKIDA1	0	55	55	55
SLC29A3	0	55	55	55
SLC39A12	0	55	55	55
SLC39A12-AS1	0	55	55	55
SNORA86	0	55	55	55
SNORD130	0	55	55	55
SPAG6	0	55	55	55
SPOCK2	0	55	55	55
ST8SIA6	0	55	55	55
ST8SIA6-AS1	0	55	55	55
STAM	0	55	55	55
STAM-AS1	0	55	55	55
SVIL	0	55	55	55
SVIL-AS1	0	55	55	55
SVILP1	0	55	55	55
SYNPO2L	0	55	55	55
THNSL1	0	55	55	55
TMEM236	0	55	55	55
TRDMT1	0	55	55	55
UNC5B	0	55	55	55
UNC5B-AS1	0	55	55	55
USP54	0	55	55	55
VCL	0	55	55	55
VDAC2	0	55	55	55
VIM	0	55	55	55
VIM-AS1	0	55	55	55
WAC	0	55	55	55
WAC-AS1	0	55	55	55
YME1L1	0	55	55	55
ZEB1	0	55	55	55
ZEB1-AS1	0	55	55	55
ZNF248	0	55	55	55
ZNF25	0	55	55	55
ZNF33A	0	55	55	55
ZNF33BP1	0	55	55	55
ZNF37A	0	55	55	55
ZNF438	0	55	55	55
ZNF503	0	55	55	55
ZNF503-AS1	0	55	55	55
ZNF503-AS2	0	55	55	55
ZSWIM8	0	55	55	55
ZSWIM8-AS1	0	55	55	55
hsa-mir-511-1	0	55	55	55
GATA6	53	0	53	53
GATA6-AS1	53	0	53	53
ABHD2	52	0	52	52
ACAN	52	0	52	52
ADAMTS17	52	0	52	52
AEN	52	0	52	52
AGBL1	52	0	52	52
AGBL1-AS1	52	0	52	52
AKAP13	52	0	52	52
ALDH1A3	52	0	52	52
ALPK3	52	0	52	52
ANPEP	52	0	52	52
AP3S2	52	0	52	52
ARPIN	52	0	52	52
ARRDC4	52	0	52	52
ASB7	52	0	52	52
ASB9P1	52	0	52	52
BLM	52	0	52	52
C15orf32	52	0	52	52
C15orf38-AP3S2	52	0	52	52
CERS3	52	0	52	52
CERS3-AS1	52	0	52	52
CHD2	52	0	52	52
CHSY1	52	0	52	52
CIB1	52	0	52	52
CRAT37	52	0	52	52
CRTC3	52	0	52	52
CRTC3-AS1	52	0	52	52
DDX11L9	52	0	52	52
DET1	52	0	52	52
DIP2C	0	52	52	52
DNM1P46	52	0	52	52
FAM138E	52	0	52	52
FAM169B	52	0	52	52
FAM174B	52	0	52	52
FANCI	52	0	52	52
FES	52	0	52	52
FURIN	52	0	52	52
GABARAPL3	52	0	52	52
GDPGP1	52	0	52	52
GOLGA6L3	52	0	52	52
HAPLN3	52	0	52	52
HDDC3	52	0	52	52
HSP90B2P	52	0	52	52
IDH2	52	0	52	52
IGF1R	52	0	52	52
IQGAP1	52	0	52	52
IRAIN	52	0	52	52
ISG20	52	0	52	52
KIF7	52	0	52	52
KLHL25	52	0	52	52
LINC00052	52	0	52	52
LINC00923	52	0	52	52
LINC00924	52	0	52	52
LINC00928	52	0	52	52
LINC00930	52	0	52	52
LINC01197	52	0	52	52
LINC01578	52	0	52	52
LINC01579	52	0	52	52
LINC01580	52	0	52	52
LINC01581	52	0	52	52
LINC01582	52	0	52	52
LINC01584	52	0	52	52
LINC01585	52	0	52	52
LINC01586	52	0	52	52
LINS1	52	0	52	52
LOC100128108	52	0	52	52
LOC100507472	52	0	52	52
LOC101926911	52	0	52	52
LOC101927153	52	0	52	52
LOC101927286	52	0	52	52
LOC101927310	52	0	52	52
LOC101927751	52	0	52	52
LOC101929679	52	0	52	52
LOC102723335	52	0	52	52
LOC102723376	0	52	52	52
LOC102724452	52	0	52	52
LOC104613533	52	0	52	52
LOC105370954	52	0	52	52
LOC400464	52	0	52	52
LOC440311	52	0	52	52
LOC642423	52	0	52	52
LRRC28	52	0	52	52
LRRK1	52	0	52	52
LUNAR1	52	0	52	52
LYSMD4	52	0	52	52
MAN2A2	52	0	52	52
MCTP2	52	0	52	52
MEF2A	52	0	52	52
MESP1	52	0	52	52
MESP2	52	0	52	52
MFGE8	52	0	52	52
MIR1179	52	0	52	52
MIR1276	52	0	52	52
MIR1469	52	0	52	52
MIR3174	52	0	52	52
MIR3175	52	0	52	52
MIR3529	52	0	52	52
MIR4714	52	0	52	52
MIR5009	52	0	52	52
MIR5094	52	0	52	52
MIR548AP	52	0	52	52
MIR5699	0	52	52	52
MIR6766	52	0	52	52
MIR7-2	52	0	52	52
MIR7706	52	0	52	52
MIR9-3	52	0	52	52
MIR9-3HG	52	0	52	52
MRPL46	52	0	52	52
MRPS11	52	0	52	52
NGRN	52	0	52	52
NMB	52	0	52	52
NR2F2	52	0	52	52
NR2F2-AS1	52	0	52	52
NTRK3	52	0	52	52
NTRK3-AS1	52	0	52	52
OR4F13P	52	0	52	52
OR4F15	52	0	52	52
OR4F4	52	0	52	52
OR4F6	52	0	52	52
PCSK6	52	0	52	52
PCSK6-AS1	52	0	52	52
PDE8A	52	0	52	52
PEX11A	52	0	52	52
PGPEP1L	52	0	52	52
PLIN1	52	0	52	52
POLG	52	0	52	52
PRC1	52	0	52	52
PRC1-AS1	52	0	52	52
PRKXP1	52	0	52	52
PRR26	0	52	52	52
RCCD1	52	0	52	52
RGMA	52	0	52	52
RHCG	52	0	52	52
RLBP1	52	0	52	52
SCAND2P	52	0	52	52
SEC11A	52	0	52	52
SEMA4B	52	0	52	52
SLC28A1	52	0	52	52
SLCO3A1	52	0	52	52
SNRPA1	52	0	52	52
SPATA41	52	0	52	52
SPATA8	52	0	52	52
SPATA8-AS1	52	0	52	52
ST8SIA2	52	0	52	52
SV2B	52	0	52	52
SYNM	52	0	52	52
TARSL2	52	0	52	52
TICRR	52	0	52	52
TM2D3	52	0	52	52
TTC23	52	0	52	52
TTLL13P	52	0	52	52
TUBB8	0	52	52	52
UNC45A	52	0	52	52
VIMP	52	0	52	52
VPS33B	52	0	52	52
WASH3P	52	0	52	52
WDR73	52	0	52	52
WDR93	52	0	52	52
ZMYND11	0	52	52	52
ZNF592	52	0	52	52
ZNF710	52	0	52	52
ZNF774	52	0	52	52
ZSCAN2	52	0	52	52
GPHN	0	51	51	51
BLK	50	0	50	50
C8orf49	50	0	50	50
CD44	50	0	50	50
CTSB	50	0	50	50
DEFB109P1	50	0	50	50
DEFB130	50	0	50	50
DEFB134	50	0	50	50
DEFB135	50	0	50	50
DEFB136	50	0	50	50
FAM66A	50	0	50	50
FAM66D	50	0	50	50
FAM86B1	50	0	50	50
FAM86B2	50	0	50	50
FAM90A25P	50	0	50	50
FAM90A2P	50	0	50	50
FDFT1	50	0	50	50
GATA4	50	0	50	50
LINC00208	50	0	50	50
LOC100506990	50	0	50	50
LOC392196	50	0	50	50
LOC649352	50	0	50	50
LOC729732	50	0	50	50
NEIL2	50	0	50	50
SNORA99	50	0	50	50
USP17L2	50	0	50	50
USP17L7	50	0	50	50
ZNF705D	50	0	50	50
ADGRB3	0	49	49	49
AIM1	0	49	49	49
AK9	0	49	49	49
AKIRIN2	0	49	49	49
AMD1	0	49	49	49
ANKRD6	0	49	49	49
ANKS1B	0	49	49	49
ARMC2	0	49	49	49
ARMC2-AS1	0	49	49	49
ASCC3	0	49	49	49
ATG5	0	49	49	49
B3GAT2	0	49	49	49
BACH2	0	49	49	49
BAG2	0	49	49	49
BCKDHB	0	49	49	49
BEND3	0	49	49	49
BEND6	0	49	49	49
BMP5	0	49	49	49
BVES	0	49	49	49
BVES-AS1	0	49	49	49
C6orf163	0	49	49	49
C6orf203	0	49	49	49
CASC6	0	49	49	49
CASP8AP2	0	49	49	49
CCDC162P	0	49	49	49
CCNC	0	49	49	49
CD109	0	49	49	49
CD164	0	49	49	49
CD24	0	49	49	49
CDC40	0	49	49	49
CDK19	0	49	49	49
CEP162	0	49	49	49
CEP57L1	0	49	49	49
CFAP206	0	49	49	49
CGA	0	49	49	49
CNR1	0	49	49	49
COL10A1	0	49	49	49
COL12A1	0	49	49	49
COL19A1	0	49	49	49
COL21A1	0	49	49	49
COL9A1	0	49	49	49
COQ3	0	49	49	49
COX7A2	0	49	49	49
CYB5R4	0	49	49	49
DCBLD1	0	49	49	49
DDO	0	49	49	49
DDX43	0	49	49	49
DEFB112	0	49	49	49
DOPEY1	0	49	49	49
DPPA5	0	49	49	49
DSE	0	49	49	49
DST	0	49	49	49
EEF1A1	0	49	49	49
EFHC1	0	49	49	49
ELOVL4	0	49	49	49
ELOVL5	0	49	49	49
EPHA7	0	49	49	49
EVADR	0	49	49	49
EYS	0	49	49	49
FAM135A	0	49	49	49
FAM162B	0	49	49	49
FAM229B	0	49	49	49
FAM26D	0	49	49	49
FAM26E	0	49	49	49
FAM26F	0	49	49	49
FAM46A	0	49	49	49
FAM71C	0	49	49	49
FAM83B	0	49	49	49
FAXC	0	49	49	49
FBXL4	0	49	49	49
FBXO9	0	49	49	49
FHL5	0	49	49	49
FIG4	0	49	49	49
FILIP1	0	49	49	49
FLJ34503	0	49	49	49
FOXO3	0	49	49	49
FRK	0	49	49	49
FUT9	0	49	49	49
FYN	0	49	49	49
GABRR1	0	49	49	49
GABRR2	0	49	49	49
GCLC	0	49	49	49
GCM1	0	49	49	49
GFRAL	0	49	49	49
GJA10	0	49	49	49
GJB7	0	49	49	49
GOPC	0	49	49	49
GPR6	0	49	49	49
GPR63	0	49	49	49
GPRC6A	0	49	49	49
GRIK2	0	49	49	49
GSTA1	0	49	49	49
GSTA2	0	49	49	49
GSTA3	0	49	49	49
GSTA4	0	49	49	49
GSTA5	0	49	49	49
GSTA7P	0	49	49	49
GSTM2P1	0	49	49	49
GTF3C6	0	49	49	49
GUSBP4	0	49	49	49
HACE1	0	49	49	49
HCRTR2	0	49	49	49
HDAC2	0	49	49	49
HMGCLL1	0	49	49	49
HMGN3	0	49	49	49
HMGN3-AS1	0	49	49	49
HS3ST5	0	49	49	49
HTR1B	0	49	49	49
HTR1E	0	49	49	49
IBTK	0	49	49	49
ICK	0	49	49	49
IL17A	0	49	49	49
IL17F	0	49	49	49
IMPG1	0	49	49	49
IRAK1BP1	0	49	49	49
KCNQ5	0	49	49	49
KCNQ5-AS1	0	49	49	49
KCNQ5-IT1	0	49	49	49
KHDC1	0	49	49	49
KHDC1L	0	49	49	49
KHDC3L	0	49	49	49
KHDRBS2	0	49	49	49
KIAA1586	0	49	49	49
KLHL31	0	49	49	49
KLHL32	0	49	49	49
KPNA5	0	49	49	49
LACE1	0	49	49	49
LAMA4	0	49	49	49
LCA5	0	49	49	49
LCAL1	0	49	49	49
LGSN	0	49	49	49
LIN28B	0	49	49	49
LIN28B-AS1	0	49	49	49
LINC00222	0	49	49	49
LINC00472	0	49	49	49
LINC00680	0	49	49	49
LINC00680-GUSBP4	0	49	49	49
LINC01268	0	49	49	49
LINC01526	0	49	49	49
LINC01564	0	49	49	49
LINC01590	0	49	49	49
LINC01611	0	49	49	49
LINC01621	0	49	49	49
LINC01626	0	49	49	49
LINCMD1	0	49	49	49
LMBRD1	0	49	49	49
LOC100422737	0	49	49	49
LOC100506188	0	49	49	49
LOC100506804	0	49	49	49
LOC100996634	0	49	49	49
LOC101927082	0	49	49	49
LOC101927136	0	49	49	49
LOC101927189	0	49	49	49
LOC101927211	0	49	49	49
LOC101927314	0	49	49	49
LOC101927365	0	49	49	49
LOC101927640	0	49	49	49
LOC101927686	0	49	49	49
LOC101927768	0	49	49	49
LOC101927919	0	49	49	49
LOC101928280	0	49	49	49
LOC101928307	0	49	49	49
LOC101928489	0	49	49	49
LOC101928516	0	49	49	49
LOC101928540	0	49	49	49
LOC101928820	0	49	49	49
LOC101928911	0	49	49	49
LOC101928936	0	49	49	49
LOC101928937	0	49	49	49
LOC101929057	0	49	49	49
LOC101930010	0	49	49	49
LOC102723883	0	49	49	49
LOC105377879	0	49	49	49
LOC105377924	0	49	49	49
LOC105377962	0	49	49	49
LOC105377967	0	49	49	49
LOC441155	0	49	49	49
LOC730101	0	49	49	49
LRRC1	0	49	49	49
LYRM2	0	49	49	49
MANEA	0	49	49	49
MANEA-AS1	0	49	49	49
MAP3K7	0	49	49	49
MARCKS	0	49	49	49
MB21D1	0	49	49	49
MCHR2	0	49	49	49
MCHR2-AS1	0	49	49	49
MCM3	0	49	49	49
MDN1	0	49	49	49
ME1	0	49	49	49
MEI4	0	49	49	49
METTL24	0	49	49	49
MFSD4B	0	49	49	49
MICAL1	0	49	49	49
MIR133B	0	49	49	49
MIR206	0	49	49	49
MIR2113	0	49	49	49
MIR30A	0	49	49	49
MIR30C2	0	49	49	49
MIR4282	0	49	49	49
MIR4463	0	49	49	49
MIR4464	0	49	49	49
MIR4643	0	49	49	49
MIR548AI	0	49	49	49
MIR548U	0	49	49	49
MIR5685	0	49	49	49
MIR587	0	49	49	49
MLIP	0	49	49	49
MLIP-IT1	0	49	49	49
MMS22L	0	49	49	49
MRAP2	0	49	49	49
MTO1	0	49	49	49
MTRNR2L9	0	49	49	49
MYO6	0	49	49	49
NDUFAF4	0	49	49	49
NR2E1	0	49	49	49
NT5DC1	0	49	49	49
NT5E	0	49	49	49
NUS1	0	49	49	49
OGFRL1	0	49	49	49
OOEP	0	49	49	49
ORC3	0	49	49	49
OSTM1	0	49	49	49
PAQR8	0	49	49	49
PDSS2	0	49	49	49
PGM3	0	49	49	49
PHF3	0	49	49	49
PHIP	0	49	49	49
PKHD1	0	49	49	49
PM20D2	0	49	49	49
PNISR	0	49	49	49
PNRC1	0	49	49	49
POPDC3	0	49	49	49
POU3F2	0	49	49	49
PPIL6	0	49	49	49
PRDM1	0	49	49	49
PRDM13	0	49	49	49
PREP	0	49	49	49
PRIM2	0	49	49	49
PRSS35	0	49	49	49
PTP4A1	0	49	49	49
QRSL1	0	49	49	49
RAB23	0	49	49	49
RARS2	0	49	49	49
REV3L	0	49	49	49
RFPL4B	0	49	49	49
RFX6	0	49	49	49
RIMS1	0	49	49	49
RIPPLY2	0	49	49	49
RN7SK	0	49	49	49
RNGTT	0	49	49	49
ROS1	0	49	49	49
RPF2	0	49	49	49
RPS16P5	0	49	49	49
RRAGD	0	49	49	49
RSPH4A	0	49	49	49
RTN4IP1	0	49	49	49
RWDD1	0	49	49	49
RWDD2A	0	49	49	49
SCML4	0	49	49	49
SDHAF4	0	49	49	49
SEC63	0	49	49	49
SENP6	0	49	49	49
SESN1	0	49	49	49
SH3BGRL2	0	49	49	49
SIM1	0	49	49	49
SLC16A10	0	49	49	49
SLC17A5	0	49	49	49
SLC22A16	0	49	49	49
SLC25A51P1	0	49	49	49
SLC35A1	0	49	49	49
SMAP1	0	49	49	49
SMIM8	0	49	49	49
SMPD2	0	49	49	49
SNAP91	0	49	49	49
SNHG5	0	49	49	49
SNORD141A	0	49	49	49
SNORD50A	0	49	49	49
SNORD50B	0	49	49	49
SNX14	0	49	49	49
SNX3	0	49	49	49
SOBP	0	49	49	49
SPACA1	0	49	49	49
SRSF12	0	49	49	49
SYNCRIP	0	49	49	49
TBX18	0	49	49	49
TBX18-AS1	0	49	49	49
TFAP2B	0	49	49	49
TFAP2D	0	49	49	49
TINAG	0	49	49	49
TMEM14A	0	49	49	49
TMEM30A	0	49	49	49
TPBG	0	49	49	49
TPI1P3	0	49	49	49
TRAF3IP2	0	49	49	49
TRAF3IP2-AS1	0	49	49	49
TRAM2	0	49	49	49
TRAM2-AS1	0	49	49	49
TRAPPC3L	0	49	49	49
TSG1	0	49	49	49
TSPYL1	0	49	49	49
TSPYL4	0	49	49	49
TSTD3	0	49	49	49
TTK	0	49	49	49
TUBE1	0	49	49	49
UBE2J1	0	49	49	49
UBE3D	0	49	49	49
UFL1	0	49	49	49
USP45	0	49	49	49
VGLL2	0	49	49	49
WASF1	0	49	49	49
WISP3	0	49	49	49
ZBTB24	0	49	49	49
ZNF292	0	49	49	49
ZNF451	0	49	49	49
ZUFSP	0	49	49	49
hsa-mir-2113	0	49	49	49
LOC105378098	0	48	48	48
ADORA2B	0	47	47	47
AKAP10	0	47	47	47
ALDH3A1	0	47	47	47
ALDH3A2	0	47	47	47
ALKBH5	0	47	47	47
ARHGAP44	0	47	47	47
ATPAF2	0	47	47	47
B9D1	0	47	47	47
C17orf51	0	47	47	47
CCDC144A	0	47	47	47
CCDC144B	0	47	47	47
CCDC144CP	0	47	47	47
CCDC144NL	0	47	47	47
CCDC144NL-AS1	0	47	47	47
CDRT1	0	47	47	47
CDRT15	0	47	47	47
CDRT15L2	0	47	47	47
CDRT15P1	0	47	47	47
CDRT15P2	0	47	47	47
CDRT4	0	47	47	47
CDRT7	0	47	47	47
CDRT8	0	47	47	47
CENPV	0	47	47	47
COPS3	0	47	47	47
COX10	0	47	47	47
COX10-AS1	0	47	47	47
DHRS7B	0	47	47	47
DNAH9	0	47	47	47
DRC3	0	47	47	47
DRG2	0	47	47	47
ELAC2	0	47	47	47
EPN2	0	47	47	47
EPN2-AS1	0	47	47	47
EPN2-IT1	0	47	47	47
EVPLL	0	47	47	47
FAM106A	0	47	47	47
FAM106B	0	47	47	47
FAM106CP	0	47	47	47
FAM27E5	0	47	47	47
FAM83G	0	47	47	47
FBXW10	0	47	47	47
FLCN	0	47	47	47
FLII	0	47	47	47
FLJ35934	0	47	47	47
FLJ36000	0	47	47	47
FOXO3B	0	47	47	47
GID4	0	47	47	47
GRAP	0	47	47	47
GRAPL	0	47	47	47
HS3ST3A1	0	47	47	47
HS3ST3B1	0	47	47	47
KCNJ12	0	47	47	47
KCNJ18	0	47	47	47
KRT16P1	0	47	47	47
KRT16P2	0	47	47	47
KRT16P3	0	47	47	47
KRT17P5	0	47	47	47
KSR1	0	47	47	47
LGALS9B	0	47	47	47
LGALS9C	0	47	47	47
LINC00670	0	47	47	47
LINC01563	0	47	47	47
LLGL1	0	47	47	47
LOC100128006	0	47	47	47
LOC100287072	0	47	47	47
LOC101928418	0	47	47	47
LOC101928475	0	47	47	47
LOC101928567	0	47	47	47
LOC105371703	0	47	47	47
LOC339260	0	47	47	47
LOC388436	0	47	47	47
LRRC75A	0	47	47	47
LRRC75A-AS1	0	47	47	47
MAP2K3	0	47	47	47
MAP2K4	0	47	47	47
MAPK7	0	47	47	47
MED9	0	47	47	47
MEIS3P1	0	47	47	47
MFAP4	0	47	47	47
MGC12916	0	47	47	47
MIEF2	0	47	47	47
MIR1180	0	47	47	47
MIR1269B	0	47	47	47
MIR1288	0	47	47	47
MIR33B	0	47	47	47
MIR4522	0	47	47	47
MIR4731	0	47	47	47
MIR548H3	0	47	47	47
MIR6777	0	47	47	47
MIR6778	0	47	47	47
MIR744	0	47	47	47
MPRIP	0	47	47	47
MTRNR2L1	0	47	47	47
MYO15A	0	47	47	47
MYOCD	0	47	47	47
NATD1	0	47	47	47
NCOR1	0	47	47	47
NT5M	0	47	47	47
PEMT	0	47	47	47
PIGL	0	47	47	47
PLD6	0	47	47	47
PMP22	0	47	47	47
PRPSAP2	0	47	47	47
RAI1	0	47	47	47
RAI1-AS1	0	47	47	47
RASD1	0	47	47	47
RNF112	0	47	47	47
SHISA6	0	47	47	47
SHMT1	0	47	47	47
SLC47A1	0	47	47	47
SLC47A2	0	47	47	47
SLC5A10	0	47	47	47
SMCR2	0	47	47	47
SMCR5	0	47	47	47
SMCR8	0	47	47	47
SNORD3A	0	47	47	47
SNORD3B-1	0	47	47	47
SNORD3C	0	47	47	47
SNORD3D	0	47	47	47
SNORD49A	0	47	47	47
SNORD49B	0	47	47	47
SNORD65	0	47	47	47
SPECC1	0	47	47	47
SREBF1	0	47	47	47
TBC1D26	0	47	47	47
TBC1D28	0	47	47	47
TBC1D3P5	0	47	47	47
TEKT3	0	47	47	47
TMEM11	0	47	47	47
TNFRSF13B	0	47	47	47
TOM1L2	0	47	47	47
TOP3A	0	47	47	47
TRIM16	0	47	47	47
TRIM16L	0	47	47	47
TRPV2	0	47	47	47
TTC19	0	47	47	47
TVP23B	0	47	47	47
TVP23C	0	47	47	47
TVP23C-CDRT4	0	47	47	47
UBB	0	47	47	47
ULK2	0	47	47	47
USP22	0	47	47	47
USP32P1	0	47	47	47
USP32P2	0	47	47	47
WSB1	0	47	47	47
ZNF18	0	47	47	47
ZNF286A	0	47	47	47
ZNF286B	0	47	47	47
ZNF287	0	47	47	47
ZNF624	0	47	47	47
ZSWIM7	0	47	47	47
BEST3	46	0	46	46
CCT2	46	0	46	46
CPSF6	46	0	46	46
FRS2	46	0	46	46
LOC101928002	46	0	46	46
LRRC10	46	0	46	46
LYZ	46	0	46	46
MIR1279	46	0	46	46
MIR3913-1	46	0	46	46
MIR3913-2	46	0	46	46
MYRFL	46	0	46	46
RAB3IP	46	0	46	46
YEATS4	46	0	46	46
MACROD2-AS1	0	45	45	45
MACROD2-IT1	0	45	45	45
ALYREF	0	42	42	42
ANAPC11	0	42	42	42
ARHGDIA	0	42	42	42
ASPSCR1	0	42	42	42
B3GNTL1	0	42	42	42
C17orf62	0	42	42	42
CCDC57	0	42	42	42
CD7	0	42	42	42
CENPX	0	42	42	42
CSNK1D	0	42	42	42
DCXR	0	42	42	42
DUS1L	0	42	42	42
FASN	0	42	42	42
FN3K	0	42	42	42
FN3KRP	0	42	42	42
FOXK2	0	42	42	42
GPS1	0	42	42	42
HEXDC	0	42	42	42
LOC101929511	0	42	42	42
LOC101929552	0	42	42	42
LRRC45	0	42	42	42
MAFG	0	42	42	42
MAFG-AS1	0	42	42	42
METRNL	0	42	42	42
MIR4525	0	42	42	42
MIR6787	0	42	42	42
MYADML2	0	42	42	42
NARF	0	42	42	42
NOTUM	0	42	42	42
NPB	0	42	42	42
OGFOD3	0	42	42	42
PCYT2	0	42	42	42
PYCR1	0	42	42	42
RAB40B	0	42	42	42
RAC3	0	42	42	42
RFNG	0	42	42	42
RPL23AP87	0	42	42	42
SECTM1	0	42	42	42
SIRT7	0	42	42	42
SLC16A3	0	42	42	42
SNORD134	0	42	42	42
TBCD	0	42	42	42
TEX19	0	42	42	42
UTS2R	0	42	42	42
WDR45B	0	42	42	42
ZNF750	0	42	42	42
AFM	36	0	36	36
AFP	36	0	36	36
AKAP8	36	0	36	36
AKAP8L	36	0	36	36
ALB	36	0	36	36
ANKRD17	36	0	36	36
AP1M1	36	0	36	36
AREG	36	0	36	36
ARHGEF39	36	0	36	36
ATP8B5P	36	0	36	36
BMP8A	36	0	36	36
BMP8B	36	0	36	36
BRD4	36	0	36	36
CA9	36	0	36	36
CAP1	36	0	36	36
CASP14	36	0	36	36
CCDC105	36	0	36	36
CCDC107	36	0	36	36
CD72	36	0	36	36
CIB3	36	0	36	36
CITED4	36	0	36	36
COL9A2	36	0	36	36
COX18	36	0	36	36
CTPS1	36	0	36	36
CXCL1	36	0	36	36
CXCL2	36	0	36	36
CXCL3	36	0	36	36
CXCL5	36	0	36	36
CXCL6	36	0	36	36
CXCL8	36	0	36	36
CYP4F11	36	0	36	36
CYP4F12	36	0	36	36
CYP4F2	36	0	36	36
CYP4F22	36	0	36	36
CYP4F24P	36	0	36	36
CYP4F3	36	0	36	36
CYP4F8	36	0	36	36
EPGN	36	0	36	36
EPHX3	36	0	36	36
EPS15L1	36	0	36	36
EREG	36	0	36	36
EXO5	36	0	36	36
FAM166B	36	0	36	36
FAM32A	36	0	36	36
HEYL	36	0	36	36
HPCAL4	36	0	36	36
HSH2D	36	0	36	36
ILVBL	36	0	36	36
KCNQ4	36	0	36	36
KIAA0754	36	0	36	36
KLF2	36	0	36	36
LINC00661	36	0	36	36
LINC00905	36	0	36	36
LOC101926948	36	0	36	36
LOC101929516	36	0	36	36
LOC101929536	36	0	36	36
LOC102724279	36	0	36	36
LOC728040	36	0	36	36
MACF1	36	0	36	36
MFSD2A	36	0	36	36
MIR1470	36	0	36	36
MIR30C1	36	0	36	36
MIR30E	36	0	36	36
MIR4667	36	0	36	36
MIR6795	36	0	36	36
MTHFD2L	36	0	36	36
MYCL	36	0	36	36
NFYC	36	0	36	36
NFYC-AS1	36	0	36	36
NOTCH3	36	0	36	36
NT5C1A	36	0	36	36
OR10H1	36	0	36	36
OR10H2	36	0	36	36
OR10H3	36	0	36	36
OR10H4	36	0	36	36
OR10H5	36	0	36	36
OR1I1	36	0	36	36
OR7C2	36	0	36	36
OXCT2	36	0	36	36
OXCT2P1	36	0	36	36
PABPC4	36	0	36	36
PF4	36	0	36	36
PF4V1	36	0	36	36
PGLYRP2	36	0	36	36
PPBP	36	0	36	36
PPBPP2	36	0	36	36
PPIE	36	0	36	36
PPIEL	36	0	36	36
PPT1	36	0	36	36
RAB8A	36	0	36	36
RASAL3	36	0	36	36
RASSF6	36	0	36	36
RIMS3	36	0	36	36
RLF	36	0	36	36
RMRP	36	0	36	36
RUSC2	36	0	36	36
SCMH1	36	0	36	36
SIT1	36	0	36	36
SLC1A6	36	0	36	36
SLFNL1	36	0	36	36
SLFNL1-AS1	36	0	36	36
SMAP2	36	0	36	36
SNORA55	36	0	36	36
SYDE1	36	0	36	36
TESK1	36	0	36	36
TMCO2	36	0	36	36
TPM2	36	0	36	36
TPM4	36	0	36	36
TRIT1	36	0	36	36
UCA1	36	0	36	36
UNC13B	36	0	36	36
WIZ	36	0	36	36
ZFP69	36	0	36	36
ZFP69B	36	0	36	36
ZMPSTE24	36	0	36	36
ZNF684	36	0	36	36
PARD3B	0	33	33	33
GNPDA2	30	0	30	30
GUF1	30	0	30	30
KCTD8	30	0	30	30
YIPF7	30	0	30	30
ABI3BP	0	28	28	28
ADGRG7	0	28	28	28
ARL13B	0	28	28	28
ARL6	0	28	28	28
C3orf38	0	28	28	28
CADM2	0	28	28	28
CADM2-AS2	0	28	28	28
CEP97	0	28	28	28
CGGBP1	0	28	28	28
CHMP2B	0	28	28	28
CLDND1	0	28	28	28
CMSS1	0	28	28	28
COL8A1	0	28	28	28
CPOX	0	28	28	28
CRYBG3	0	28	28	28
DCBLD2	0	28	28	28
DHFR2	0	28	28	28
EPHA3	0	28	28	28
EPHA6	0	28	28	28
FAM172BP	0	28	28	28
FILIP1L	0	28	28	28
GABRR3	0	28	28	28
GBE1	0	28	28	28
GPR15	0	28	28	28
HP09053	0	28	28	28
HTR1F	0	28	28	28
IMPG2	0	28	28	28
LINC00506	0	28	28	28
LINC00879	0	28	28	28
LINC00971	0	28	28	28
LNP1	0	28	28	28
LOC101927494	0	28	28	28
LOC101929411	0	28	28	28
LOC152225	0	28	28	28
LOC728290	0	28	28	28
MINA	0	28	28	28
MIR3921	0	28	28	28
MIR4795	0	28	28	28
MIR548AB	0	28	28	28
MIR5688	0	28	28	28
MIR8060	0	28	28	28
MTHFD2P1	0	28	28	28
NFKBIZ	0	28	28	28
NIT2	0	28	28	28
NSUN3	0	28	28	28
NXPE3	0	28	28	28
OR5AC2	0	28	28	28
OR5H1	0	28	28	28
OR5H14	0	28	28	28
OR5H15	0	28	28	28
OR5H2	0	28	28	28
OR5H6	0	28	28	28
OR5K1	0	28	28	28
OR5K2	0	28	28	28
OR5K3	0	28	28	28
OR5K4	0	28	28	28
PCNP	0	28	28	28
PDCL3P4	0	28	28	28
POU1F1	0	28	28	28
PROS1	0	28	28	28
RPL24	0	28	28	28
SENP7	0	28	28	28
SNORA95	0	28	28	28
ST3GAL6	0	28	28	28
ST3GAL6-AS1	0	28	28	28
STX19	0	28	28	28
TBC1D23	0	28	28	28
TFG	0	28	28	28
TMEM30CP	0	28	28	28
TMEM45A	0	28	28	28
TOMM70	0	28	28	28
TRMT10C	0	28	28	28
VGLL3	0	28	28	28
ZBTB11	0	28	28	28
ZBTB11-AS1	0	28	28	28
ZNF654	0	28	28	28
ZPLD1	0	28	28	28
MIR4789	0	20	20	20
NAALADL2-AS1	0	20	20	20
NAALADL2-AS2	0	20	20	20
NAALADL2-AS3	0	20	20	20
CNST	0	17	17	17
KIF26B	0	17	17	17
LINC01341	0	17	17	17
LOC255654	0	17	17	17
SCCPDH	0	17	17	17
SMYD3	0	17	17	17
TFB2M	0	17	17	17
