Hugo_Symbol	Amp	Del	total	AlteredSamples
MIR4444-1	113	372	485	386
MIR548K	478	0	478	239
PPFIA1	478	0	478	239
CASC19	401	0	401	401
CASC21	401	0	401	401
CASC8	401	0	401	401
CCAT1	401	0	401	401
CCAT2	401	0	401	401
POU5F1B	401	0	401	401
MIR1302-10	102	295	397	282
MIR1302-11	102	295	397	282
MIR1302-2	102	295	397	282
MIR1302-9	102	295	397	282
P3H2	395	0	395	395
TP63	395	0	395	395
FLJ46066	388	0	388	388
LINC01206	388	0	388	388
LOC102724604	388	0	388	388
LOC105374244	388	0	388	388
SOX2	388	0	388	388
SOX2-OT	388	0	388	388
RNU1-1	132	254	386	259
RNU1-2	132	254	386	259
RNU1-3	132	254	386	259
RNU1-4	132	254	386	259
FHIT	0	381	381	381
MIR548BB	0	381	381	381
PTPRG	0	381	381	381
TGFBR2	0	374	374	374
FAM86DP	0	372	372	372
FRG2C	0	372	372	372
GBE1	0	372	372	372
LINC00960	0	372	372	372
LINC00971	0	372	372	372
LOC101927374	0	372	372	372
LOC728290	0	372	372	372
MIR1324	0	372	372	372
MIR3923	0	372	372	372
MIR4273	0	372	372	372
ROBO1	0	372	372	372
ROBO2	0	372	372	372
ZNF717	0	372	372	372
C8orf22	316	0	316	316
EFCAB1	316	0	316	316
LOC101929217	316	0	316	316
LOC101929268	316	0	316	316
SNAI2	316	0	316	316
CDKN2A	0	313	313	313
CDKN2A-AS1	0	313	313	313
CSMD1	0	309	309	309
LOC101927815	0	309	309	309
ADNP2	0	297	297	297
ATP9B	0	297	297	297
C18orf65	0	297	297	297
CTDP1	0	297	297	297
GALR1	0	297	297	297
HSBP1L1	0	297	297	297
KCNG2	0	297	297	297
LINC00683	0	297	297	297
LINC00908	0	297	297	297
LINC01029	0	297	297	297
LOC100131655	0	297	297	297
LOC100505853	0	297	297	297
LOC101927651	0	297	297	297
LOC101927989	0	297	297	297
LOC284241	0	297	297	297
LOC339298	0	297	297	297
LOC400661	0	297	297	297
MBP	0	297	297	297
NFATC1	0	297	297	297
PARD6G	0	297	297	297
PARD6G-AS1	0	297	297	297
PQLC1	0	297	297	297
RBFA	0	297	297	297
RBFADN	0	297	297	297
SALL3	0	297	297	297
SMIM21	0	297	297	297
TXNL4A	0	297	297	297
ZNF236	0	297	297	297
ZNF516	0	297	297	297
FAM138A	0	295	295	238
FAM138C	0	295	295	238
RNU6-1	0	295	295	238
RNU6-2	0	295	295	238
RNU6-7	0	295	295	238
FAM138D	179	104	283	230
ANKRD34A	132	150	282	232
ANKRD35	132	150	282	232
CD160	132	150	282	232
CH17-408M7.1	132	150	282	232
DRD5P2	132	150	282	232
EMBP1	132	150	282	232
FAM231D	132	150	282	232
FAM72B	132	150	282	232
FAM72C	132	150	282	232
FAM72D	132	150	282	232
FCGR1B	132	150	282	232
FCGR1CP	132	150	282	232
GNRHR2	132	150	282	232
GPR89A	132	150	282	232
HFE2	132	150	282	232
HIST2H2BA	132	150	282	232
ITGA10	132	150	282	232
LINC00623	132	150	282	232
LIX1L	132	150	282	232
LOC101927429	132	150	282	232
LOC101928979	132	150	282	232
LOC101929798	132	150	282	232
LOC103091866	132	150	282	232
LOC388692	132	150	282	232
LOC645166	132	150	282	232
MIR6736	132	150	282	232
NBPF10	132	150	282	232
NBPF15	132	150	282	232
NBPF20	132	150	282	232
NBPF25P	132	150	282	232
NBPF8	132	150	282	232
NOTCH2	132	150	282	232
NOTCH2NL	132	150	282	232
NUDT17	132	150	282	232
NUDT4P1	132	150	282	232
NUDT4P2	132	150	282	232
PDZK1	132	150	282	232
PEX11B	132	150	282	232
PFN1P2	132	150	282	232
PIAS3	132	150	282	232
POLR3C	132	150	282	232
POLR3GL	132	150	282	232
PPIAL4A	132	150	282	232
PPIAL4D	132	150	282	232
PPIAL4E	132	150	282	232
RBM8A	132	150	282	232
RNF115	132	150	282	232
RNVU1-14	132	150	282	232
RNVU1-15	132	150	282	232
RNVU1-17	132	150	282	232
RNVU1-19	132	150	282	232
RNVU1-20	132	150	282	232
RNVU1-4	132	150	282	232
RNVU1-6	132	150	282	232
SEC22B	132	150	282	232
SRGAP2-AS1	132	150	282	232
SRGAP2B	132	150	282	232
SRGAP2C	132	150	282	232
SRGAP2D	132	150	282	232
TXNIP	132	150	282	232
MIR7641-2	0	278	278	238
LOC105375972	0	252	252	252
PTPRD	0	252	252	252
PTPRD-AS1	0	252	252	252
CLPTM1L	249	0	249	249
CTD-3080P12.3	249	0	249	249
LINC01511	249	0	249	249
LOC100506688	249	0	249	249
MIR4457	249	0	249	249
MIR4635	249	0	249	249
NKD2	249	0	249	249
SLC12A7	249	0	249	249
SLC6A18	249	0	249	249
SLC6A19	249	0	249	249
SLC6A3	249	0	249	249
TERT	249	0	249	249
ABCG4	0	244	244	244
ACAT1	0	244	244	244
ALG9	0	244	244	244
ANKK1	0	244	244	244
APOA1	0	244	244	244
APOA1-AS	0	244	244	244
APOA4	0	244	244	244
APOA5	0	244	244	244
APOC3	0	244	244	244
ARCN1	0	244	244	244
ARHGAP20	0	244	244	244
ARHGEF12	0	244	244	244
ATM	0	244	244	244
ATP5L	0	244	244	244
BACE1	0	244	244	244
BACE1-AS	0	244	244	244
BCL9L	0	244	244	244
BCO2	0	244	244	244
BLID	0	244	244	244
BTG4	0	244	244	244
BUD13	0	244	244	244
C11orf1	0	244	244	244
C11orf52	0	244	244	244
C11orf53	0	244	244	244
C11orf57	0	244	244	244
C11orf65	0	244	244	244
C11orf71	0	244	244	244
C11orf87	0	244	244	244
C11orf88	0	244	244	244
C1QTNF5	0	244	244	244
C2CD2L	0	244	244	244
CADM1	0	244	244	244
CBL	0	244	244	244
CCDC153	0	244	244	244
CCDC84	0	244	244	244
CD3D	0	244	244	244
CD3E	0	244	244	244
CD3G	0	244	244	244
CEP164	0	244	244	244
CLDN25	0	244	244	244
COLCA1	0	244	244	244
COLCA2	0	244	244	244
CRYAB	0	244	244	244
CUL5	0	244	244	244
CXCR5	0	244	244	244
DDX10	0	244	244	244
DDX6	0	244	244	244
DIXDC1	0	244	244	244
DLAT	0	244	244	244
DPAGT1	0	244	244	244
DRD2	0	244	244	244
DSCAML1	0	244	244	244
ELMOD1	0	244	244	244
EXPH5	0	244	244	244
FDX1	0	244	244	244
FDXACB1	0	244	244	244
FOXR1	0	244	244	244
FXYD2	0	244	244	244
FXYD6	0	244	244	244
FXYD6-FXYD2	0	244	244	244
GRIK4	0	244	244	244
H2AFX	0	244	244	244
HINFP	0	244	244	244
HMBS	0	244	244	244
HSPB2	0	244	244	244
HSPB2-C11orf52	0	244	244	244
HTR3A	0	244	244	244
HTR3B	0	244	244	244
HYOU1	0	244	244	244
IFT46	0	244	244	244
IL10RA	0	244	244	244
IL18	0	244	244	244
JAML	0	244	244	244
KDELC2	0	244	244	244
KMT2A	0	244	244	244
LAYN	0	244	244	244
LINC00900	0	244	244	244
LOC100131626	0	244	244	244
LOC100132078	0	244	244	244
LOC100132686	0	244	244	244
LOC100652768	0	244	244	244
LOC101928823	0	244	244	244
LOC101928847	0	244	244	244
LOC101928940	0	244	244	244
LOC101928985	0	244	244	244
LOC101929011	0	244	244	244
LOC101929089	0	244	244	244
LOC101929208	0	244	244	244
LOC101929227	0	244	244	244
LOC102724301	0	244	244	244
LOC105369486	0	244	244	244
LOC105369507	0	244	244	244
LOC105369509	0	244	244	244
LOC105369532	0	244	244	244
LOC283140	0	244	244	244
LOC387810	0	244	244	244
LOC643923	0	244	244	244
LOC649133	0	244	244	244
MCAM	0	244	244	244
MIR100	0	244	244	244
MIR100HG	0	244	244	244
MIR125B1	0	244	244	244
MIR34B	0	244	244	244
MIR34C	0	244	244	244
MIR3656	0	244	244	244
MIR4301	0	244	244	244
MIR4491	0	244	244	244
MIR4492	0	244	244	244
MIR6716	0	244	244	244
MIR6756	0	244	244	244
MIRLET7A2	0	244	244	244
MPZL2	0	244	244	244
MPZL3	0	244	244	244
NCAM1	0	244	244	244
NCAM1-AS1	0	244	244	244
NECTIN1	0	244	244	244
NLRX1	0	244	244	244
NNMT	0	244	244	244
NPAT	0	244	244	244
NXPE1	0	244	244	244
NXPE2	0	244	244	244
NXPE4	0	244	244	244
OAF	0	244	244	244
PAFAH1B2	0	244	244	244
PCSK7	0	244	244	244
PDZD3	0	244	244	244
PHLDB1	0	244	244	244
PIH1D2	0	244	244	244
PLET1	0	244	244	244
POU2AF1	0	244	244	244
POU2F3	0	244	244	244
PPP2R1B	0	244	244	244
PTS	0	244	244	244
RAB39A	0	244	244	244
RBM7	0	244	244	244
RDX	0	244	244	244
REXO2	0	244	244	244
RNF214	0	244	244	244
RNF26	0	244	244	244
RPL23AP64	0	244	244	244
RPS25	0	244	244	244
SC5D	0	244	244	244
SCN2B	0	244	244	244
SCN4B	0	244	244	244
SDHD	0	244	244	244
SIDT2	0	244	244	244
SIK2	0	244	244	244
SIK3	0	244	244	244
SLC35F2	0	244	244	244
SLC37A4	0	244	244	244
SLN	0	244	244	244
SORL1	0	244	244	244
TAGLN	0	244	244	244
TBCEL	0	244	244	244
TECTA	0	244	244	244
TEX12	0	244	244	244
THY1	0	244	244	244
TIMM8B	0	244	244	244
TMEM136	0	244	244	244
TMEM25	0	244	244	244
TMPRSS13	0	244	244	244
TMPRSS4	0	244	244	244
TMPRSS4-AS1	0	244	244	244
TMPRSS5	0	244	244	244
TRAPPC4	0	244	244	244
TREH	0	244	244	244
TRIM29	0	244	244	244
TTC12	0	244	244	244
TTC36	0	244	244	244
UBE4A	0	244	244	244
UPK2	0	244	244	244
USP2	0	244	244	244
USP2-AS1	0	244	244	244
USP28	0	244	244	244
VPS11	0	244	244	244
ZBTB16	0	244	244	244
ZC3H12C	0	244	244	244
ZPR1	0	244	244	244
ZW10	0	244	244	244
ANKRD20A9P	0	242	242	242
ANKRD26P3	0	242	242	242
BASP1P1	0	242	242	242
CRYL1	0	242	242	242
EEF1AKMT1	0	242	242	242
EGFR	242	0	242	242
EGFR-AS1	242	0	242	242
ELDR	242	0	242	242
FAM230C	0	242	242	242
FGF9	0	242	242	242
GJA3	0	242	242	242
GJB2	0	242	242	242
GJB6	0	242	242	242
IFT88	0	242	242	242
IL17D	0	242	242	242
LATS2	0	242	242	242
LINC00350	0	242	242	242
LINC00367	0	242	242	242
LINC00408	0	242	242	242
LINC00417	0	242	242	242
LINC00421	0	242	242	242
LINC00424	0	242	242	242
LINC00442	0	242	242	242
LINC00539	0	242	242	242
LINC00540	0	242	242	242
LINC00621	0	242	242	242
LINC01046	0	242	242	242
LINC01072	0	242	242	242
LOC101928697	0	242	242	242
MICU2	0	242	242	242
MIPEPP3	0	242	242	242
MIR4499	0	242	242	242
MPHOSPH8	0	242	242	242
MRPL57	0	242	242	242
PSPC1	0	242	242	242
SAP18	0	242	242	242
SKA3	0	242	242	242
TPTE2	0	242	242	242
TUBA3C	0	242	242	242
XPO4	0	242	242	242
ZDHHC20	0	242	242	242
ZMYM2	0	242	242	242
ZMYM5	0	242	242	242
ANO1	239	0	239	239
ANO1-AS2	239	0	239	239
CCND1	239	0	239	239
CTTN	239	0	239	239
FADD	239	0	239	239
FGF19	239	0	239	239
FGF3	239	0	239	239
FGF4	239	0	239	239
LINC01488	239	0	239	239
LOC101928443	239	0	239	239
LOC102724265	239	0	239	239
MYEOV	239	0	239	239
ORAOV1	239	0	239	239
SHANK2	239	0	239	239
SHANK2-AS1	239	0	239	239
KIAA0825	0	238	238	238
ABCC13	61	176	237	223
ANKRD20A11P	61	176	237	223
ANKRD30BP2	61	176	237	223
BAGE	61	176	237	223
BAGE2	61	176	237	223
BAGE3	61	176	237	223
BAGE4	61	176	237	223
C21orf140	61	176	237	223
C21orf33	61	176	237	223
CBS	61	176	237	223
CRYAA	61	176	237	223
CYP4F29P	61	176	237	223
FRGCA	61	176	237	223
HSPA13	61	176	237	223
ICOSLG	61	176	237	223
KCNE1B	61	176	237	223
LINC00313	61	176	237	223
LINC00319	61	176	237	223
LIPI	61	176	237	223
LOC100507412	61	176	237	223
LOC102723360	61	176	237	223
LOC102724188	61	176	237	223
LOC102724219	61	176	237	223
LOC102724354	61	176	237	223
LOC102724428	61	176	237	223
LOC102724652	61	176	237	223
LOC102724843	61	176	237	223
LOC105372833	61	176	237	223
LOC105379511	61	176	237	223
LOC105379514	61	176	237	223
LOC388813	61	176	237	223
MGC39584	61	176	237	223
MIR3118-1	61	176	237	223
MIR3156-3	61	176	237	223
MIR3648-1	61	176	237	223
MIR3687-1	61	176	237	223
MIR663A	61	176	237	223
MIR6724-1	61	176	237	223
MIR6724-2	61	176	237	223
MIR6724-3	61	176	237	223
MIR8069-1	61	176	237	223
NRIP1	61	176	237	223
POTED	61	176	237	223
PWP2	61	176	237	223
RBM11	61	176	237	223
RNA18S5	61	176	237	223
RNA28S5	61	176	237	223
RNA45S5	61	176	237	223
RNA5-8S5	61	176	237	223
SAMSN1	61	176	237	223
SAMSN1-AS1	61	176	237	223
SIK1	61	176	237	223
SMIM11A	61	176	237	223
SMIM11B	61	176	237	223
TEKT4P2	61	176	237	223
TPTE	61	176	237	223
U2AF1	61	176	237	223
U2AF1L5	61	176	237	223
ANXA2R	226	0	226	226
BRCAT107	226	0	226	226
BRCAT54	226	0	226	226
C5orf34	226	0	226	226
C5orf51	226	0	226	226
C6	226	0	226	226
C7	226	0	226	226
C9	226	0	226	226
CARD6	226	0	226	226
CCDC152	226	0	226	226
CCL28	226	0	226	226
DAB2	226	0	226	226
FBXO4	226	0	226	226
FGF10	226	0	226	226
FGF10-AS1	226	0	226	226
FLJ32255	226	0	226	226
FYB	226	0	226	226
GHR	226	0	226	226
HCN1	226	0	226	226
HMGCS1	226	0	226	226
LIFR	226	0	226	226
LIFR-AS1	226	0	226	226
LINC00603	226	0	226	226
LINC01265	226	0	226	226
LOC100132356	226	0	226	226
LOC100506548	226	0	226	226
LOC100506639	226	0	226	226
LOC101926940	226	0	226	226
LOC101926960	226	0	226	226
LOC153684	226	0	226	226
LOC648987	226	0	226	226
MROH2B	226	0	226	226
MRPS30	226	0	226	226
NIM1K	226	0	226	226
NNT	226	0	226	226
NNT-AS1	226	0	226	226
OSMR	226	0	226	226
OSMR-AS1	226	0	226	226
OXCT1	226	0	226	226
OXCT1-AS1	226	0	226	226
PAIP1	226	0	226	226
PLCXD3	226	0	226	226
PRKAA1	226	0	226	226
PTGER4	226	0	226	226
RICTOR	226	0	226	226
RPL37	226	0	226	226
SEPP1	226	0	226	226
SNORD72	226	0	226	226
TMEM267	226	0	226	226
TTC33	226	0	226	226
ZNF131	226	0	226	226
hsa-mir-1274a	226	0	226	226
CYSLTR2	0	219	219	219
FAT1	0	219	219	219
ITM2B	0	219	219	219
LINC00441	0	219	219	219
LINC00462	0	219	219	219
LPAR6	0	219	219	219
RB1	0	219	219	219
RCBTB2	0	219	219	219
MIR582	0	218	218	218
PART1	0	218	218	218
PDE4D	0	218	218	218
AIFM3	128	88	216	205
ARVCF	128	88	216	205
BCRP2	128	88	216	205
C22orf29	128	88	216	205
C22orf39	128	88	216	205
CCDC116	128	88	216	205
CCDC188	128	88	216	205
CDC45	128	88	216	205
CLDN5	128	88	216	205
CLTCL1	128	88	216	205
COMT	128	88	216	205
CRKL	128	88	216	205
DGCR10	128	88	216	205
DGCR11	128	88	216	205
DGCR14	128	88	216	205
DGCR2	128	88	216	205
DGCR5	128	88	216	205
DGCR6	128	88	216	205
DGCR6L	128	88	216	205
DGCR8	128	88	216	205
DGCR9	128	88	216	205
FAM230A	128	88	216	205
FAM230B	128	88	216	205
FLJ41941	128	88	216	205
GGT3P	128	88	216	205
GNB1L	128	88	216	205
GP1BB	128	88	216	205
GSC2	128	88	216	205
HIC2	128	88	216	205
HIRA	128	88	216	205
KLHL22	128	88	216	205
LINC00895	128	88	216	205
LINC00896	128	88	216	205
LINC01311	128	88	216	205
LOC100996335	128	88	216	205
LOC100996415	128	88	216	205
LOC100996432	128	88	216	205
LOC101927859	128	88	216	205
LOC101928891	128	88	216	205
LOC102725072	128	88	216	205
LOC284865	128	88	216	205
LOC642643	128	88	216	205
LOC729461	128	88	216	205
LRRC74B	128	88	216	205
LZTR1	128	88	216	205
MED15	128	88	216	205
MICAL3	128	88	216	205
MIR1286	128	88	216	205
MIR1306	128	88	216	205
MIR130B	128	88	216	205
MIR185	128	88	216	205
MIR301B	128	88	216	205
MIR3618	128	88	216	205
MIR4761	128	88	216	205
MIR648	128	88	216	205
MIR649	128	88	216	205
MIR6816	128	88	216	205
MRPL40	128	88	216	205
P2RX6	128	88	216	205
P2RX6P	128	88	216	205
PEX26	128	88	216	205
PI4KA	128	88	216	205
PI4KAP1	128	88	216	205
PI4KAP2	128	88	216	205
POM121L4P	128	88	216	205
POM121L8P	128	88	216	205
PPIL2	128	88	216	205
PRODH	128	88	216	205
RANBP1	128	88	216	205
RIMBP3	128	88	216	205
RIMBP3B	128	88	216	205
RIMBP3C	128	88	216	205
RTN4R	128	88	216	205
SCARF2	128	88	216	205
SDF2L1	128	88	216	205
SEPT5	128	88	216	205
SEPT5-GP1BB	128	88	216	205
SERPIND1	128	88	216	205
SLC25A1	128	88	216	205
SLC7A4	128	88	216	205
SNAP29	128	88	216	205
TANGO2	128	88	216	205
TBX1	128	88	216	205
THAP7	128	88	216	205
THAP7-AS1	128	88	216	205
TMEM191A	128	88	216	205
TMEM191B	128	88	216	205
TMEM191C	128	88	216	205
TRMT2A	128	88	216	205
TSSK2	128	88	216	205
TUBA3FP	128	88	216	205
TUBA8	128	88	216	205
TXNRD2	128	88	216	205
UBE2L3	128	88	216	205
UFD1L	128	88	216	205
USP18	128	88	216	205
YDJC	128	88	216	205
YPEL1	128	88	216	205
ZDHHC8	128	88	216	205
ZNF74	128	88	216	205
JAG1	215	0	215	215
LOC101929395	215	0	215	215
LOC101929413	215	0	215	215
LOC339593	215	0	215	215
MIR6870	215	0	215	215
MKKS	215	0	215	215
SLX4IP	215	0	215	215
SNAP25	215	0	215	215
SNAP25-AS1	215	0	215	215
ACTL10	214	0	214	214
AHCY	214	0	214	214
ASIP	214	0	214	214
C20orf144	214	0	214	214
CBFA2T2	214	0	214	214
CHMP4B	214	0	214	214
E2F1	214	0	214	214
EIF2S2	214	0	214	214
MIR4755	214	0	214	214
NECAB3	214	0	214	214
PXMP4	214	0	214	214
RALY	214	0	214	214
RALY-AS1	214	0	214	214
ZNF341	214	0	214	214
ZNF341-AS1	214	0	214	214
KCNIP4	0	206	206	206
MIR6814	0	206	206	206
MIR6859-1	102	104	206	173
MIR6859-2	102	104	206	173
MIR6859-3	102	104	206	173
MIR7978	0	206	206	206
PRDM15	0	206	206	206
RIPK4	0	206	206	206
NSD1	0	198	198	198
RAB24	0	198	198	198
ABCA7	0	191	191	191
ARHGAP45	0	191	191	191
ARID3A	0	191	191	191
ATP5D	0	191	191	191
AZU1	0	191	191	191
BSG	0	191	191	191
C19orf24	0	191	191	191
C2CD4C	0	191	191	191
CBARP	0	191	191	191
CDC34	0	191	191	191
CFD	0	191	191	191
CIRBP	0	191	191	191
CIRBP-AS1	0	191	191	191
CNN2	0	191	191	191
EFNA2	0	191	191	191
ELANE	0	191	191	191
FGF22	0	191	191	191
FSTL3	0	191	191	191
GPX4	0	191	191	191
GRIN3B	0	191	191	191
GZMM	0	191	191	191
HCN2	0	191	191	191
KISS1R	0	191	191	191
LINC01002	0	191	191	191
MADCAM1	0	191	191	191
MED16	0	191	191	191
MIDN	0	191	191	191
MIER2	0	191	191	191
MIR3187	0	191	191	191
MIR4745	0	191	191	191
MISP	0	191	191	191
MUM1	0	191	191	191
ODF3L2	0	191	191	191
OR4F17	0	191	191	191
PALM	0	191	191	191
PLPP2	0	191	191	191
PLPPR3	0	191	191	191
POLR2E	0	191	191	191
POLRMT	0	191	191	191
PRSS57	0	191	191	191
PRTN3	0	191	191	191
PTBP1	0	191	191	191
R3HDM4	0	191	191	191
RNF126	0	191	191	191
SBNO2	0	191	191	191
SHC2	0	191	191	191
STK11	0	191	191	191
THEG	0	191	191	191
TMEM259	0	191	191	191
TPGS1	0	191	191	191
WASH5P	0	191	191	191
WDR18	0	191	191	191
CCDC83	0	190	190	190
EED	0	190	190	190
HIKESHI	0	190	190	190
MIR6755	0	190	190	190
PICALM	0	190	190	190
ADARB2	0	183	183	183
ADARB2-AS1	0	183	183	183
DIP2C	0	183	183	183
GTPBP4	0	183	183	183
IDI1	0	183	183	183
IDI2	0	183	183	183
IDI2-AS1	0	183	183	183
LARP4B	0	183	183	183
LINC00200	0	183	183	183
LINC00700	0	183	183	183
LINC00701	0	183	183	183
LOC101927762	0	183	183	183
LOC102723376	0	183	183	183
LOC105376351	0	183	183	183
MIR5699	0	183	183	183
MIR6072	0	183	183	183
PFKP	0	183	183	183
PITRM1	0	183	183	183
PITRM1-AS1	0	183	183	183
PRR26	0	183	183	183
SNORD142	0	183	183	183
TUBB8	0	183	183	183
WDR37	0	183	183	183
ZMYND11	0	183	183	183
B4GALNT3	179	0	179	179
CCDC77	179	0	179	179
IQSEC3	179	0	179	179
KDM5A	179	0	179	179
LOC100049716	179	0	179	179
LOC100288778	179	0	179	179
LOC101929384	179	0	179	179
LOC102723544	179	0	179	179
LOC105369595	179	0	179	179
LOC574538	179	0	179	179
NINJ2	179	0	179	179
SLC6A12	179	0	179	179
SLC6A13	179	0	179	179
WNK1	179	0	179	179
BTG3	0	176	176	176
C21orf91	0	176	176	176
C21orf91-OT1	0	176	176	176
CHODL	0	176	176	176
CHODL-AS1	0	176	176	176
CXADR	0	176	176	176
D21S2088E	0	176	176	176
LINC00308	0	176	176	176
LINC00317	0	176	176	176
LINC00320	0	176	176	176
LINC01425	0	176	176	176
LINC01549	0	176	176	176
LOC101927843	0	176	176	176
MIR125B2	0	176	176	176
MIR548X	0	176	176	176
MIR548XHG	0	176	176	176
MIR6130	0	176	176	176
MIR99A	0	176	176	176
MIR99AHG	0	176	176	176
MIRLET7C	0	176	176	176
NCAM2	0	176	176	176
TMPRSS15	0	176	176	176
USP25	0	176	176	176
BMS1P17	0	175	175	155
BMS1P22	0	175	175	155
POTEH-AS1	0	175	175	155
VPS50	167	0	167	167
ANO9	0	165	165	165
B4GALNT4	0	165	165	165
BET1L	0	165	165	165
CCSER1	0	165	165	165
CDHR5	0	165	165	165
DEAF1	0	165	165	165
DLGAP1	165	0	165	165
DLGAP1-AS1	165	0	165	165
DLGAP1-AS2	165	0	165	165
DRD4	0	165	165	165
EPS8L2	0	165	165	165
GAPLINC	165	0	165	165
HRAS	0	165	165	165
IFITM1	0	165	165	165
IFITM2	0	165	165	165
IFITM3	0	165	165	165
IFITM5	0	165	165	165
IRF7	0	165	165	165
LINC01001	0	165	165	165
LMNTD2	0	165	165	165
LOC104968399	165	0	165	165
LOC143666	0	165	165	165
LOC727896	165	0	165	165
LPIN2	165	0	165	165
LRRC56	0	165	165	165
MIR210	0	165	165	165
MIR210HG	0	165	165	165
MIR6743	0	165	165	165
MYL12A	165	0	165	165
MYL12B	165	0	165	165
MYOM1	165	0	165	165
NLRP6	0	165	165	165
ODF3	0	165	165	165
PGGHG	0	165	165	165
PHRF1	0	165	165	165
PKP3	0	165	165	165
PSMD13	0	165	165	165
PTDSS2	0	165	165	165
RASSF7	0	165	165	165
RIC8A	0	165	165	165
RNH1	0	165	165	165
SCGB1C1	0	165	165	165
SCT	0	165	165	165
SIGIRR	0	165	165	165
SIRT3	0	165	165	165
TALDO1	0	165	165	165
TGIF1	165	0	165	165
TMEM80	0	165	165	165
BRMS1L	160	0	160	160
INSM2	160	0	160	160
KIAA0391	160	0	160	160
LINC00609	160	0	160	160
MBIP	160	0	160	160
MIPOL1	160	0	160	160
MIR4503	160	0	160	160
NFKBIA	160	0	160	160
NKX2-1	160	0	160	160
NKX2-1-AS1	160	0	160	160
NKX2-8	160	0	160	160
PAX9	160	0	160	160
PSMA6	160	0	160	160
PTCSC3	160	0	160	160
RALGAPA1	160	0	160	160
SFTA3	160	0	160	160
SLC25A21	160	0	160	160
SLC25A21-AS1	160	0	160	160
SNORA101B	160	0	160	160
PARD3	0	159	159	159
PARD3-AS1	0	159	159	159
AAMP	0	158	158	158
ABCA12	0	158	158	158
ABCB6	0	158	158	158
ACKR3	0	158	158	158
ACSL3	0	158	158	158
AGAP1	0	158	158	158
AGAP1-IT1	0	158	158	158
AGFG1	0	158	158	158
AGXT	0	158	158	158
ALPI	0	158	158	158
ALPP	0	158	158	158
ALPPL2	0	158	158	158
ANKMY1	0	158	158	158
ANKZF1	0	158	158	158
ANO7	0	158	158	158
AP1S3	0	158	158	158
AQP12A	0	158	158	158
AQP12B	0	158	158	158
ARL4C	0	158	158	158
ARMC9	0	158	158	158
ARPC2	0	158	158	158
ASB1	0	158	158	158
ASB18	0	158	158	158
ASIC4	0	158	158	158
ATG16L1	0	158	158	158
ATG4B	0	158	158	158
ATG9A	0	158	158	158
ATIC	0	158	158	158
B3GNT7	0	158	158	158
BARD1	0	158	158	158
BCS1L	0	158	158	158
BOK	0	158	158	158
BOK-AS1	0	158	158	158
C2orf54	0	158	158	158
C2orf57	0	158	158	158
C2orf72	0	158	158	158
C2orf82	0	158	158	158
C2orf83	0	158	158	158
CAB39	0	158	158	158
CAPN10	0	158	158	158
CAPN10-AS1	0	158	158	158
CATIP	0	158	158	158
CATIP-AS1	0	158	158	158
CATIP-AS2	0	158	158	158
CCDC140	0	158	158	158
CCL20	0	158	158	158
CDK5R2	0	158	158	158
CFAP65	0	158	158	158
CHPF	0	158	158	158
CHRND	0	158	158	158
CHRNG	0	158	158	158
CNOT9	0	158	158	158
CNPPD1	0	158	158	158
COL4A3	0	158	158	158
COL4A4	0	158	158	158
COL6A3	0	158	158	158
COPS7B	0	158	158	158
COPS8	0	158	158	158
COPS9	0	158	158	158
CRYBA2	0	158	158	158
CTDSP1	0	158	158	158
CUL3	0	158	158	158
CXCR1	0	158	158	158
CXCR2	0	158	158	158
CXCR2P1	0	158	158	158
CYP27A1	0	158	158	158
D2HGDH	0	158	158	158
DAW1	0	158	158	158
DES	0	158	158	158
DGKD	0	158	158	158
DIRC3	0	158	158	158
DIRC3-AS1	0	158	158	158
DIS3L2	0	158	158	158
DNAJB2	0	158	158	158
DNAJB3	0	158	158	158
DNER	0	158	158	158
DNPEP	0	158	158	158
DOCK10	0	158	158	158
DTYMK	0	158	158	158
DUSP28	0	158	158	158
ECEL1	0	158	158	158
ECEL1P2	0	158	158	158
EFHD1	0	158	158	158
EIF4E2	0	158	158	158
EPHA4	0	158	158	158
ERFE	0	158	158	158
ESPNL	0	158	158	158
FAM124B	0	158	158	158
FAM134A	0	158	158	158
FARP2	0	158	158	158
FARSB	0	158	158	158
FBXO36	0	158	158	158
FEV	0	158	158	158
FLJ43879	0	158	158	158
FN1	0	158	158	158
GAL3ST2	0	158	158	158
GBX2	0	158	158	158
GIGYF2	0	158	158	158
GLB1L	0	158	158	158
GMPPA	0	158	158	158
GPBAR1	0	158	158	158
GPC1	0	158	158	158
GPR35	0	158	158	158
GPR55	0	158	158	158
HDAC4	0	158	158	158
HDLBP	0	158	158	158
HES6	0	158	158	158
HJURP	0	158	158	158
HTR2B	0	158	158	158
IGFBP2	0	158	158	158
IGFBP5	0	158	158	158
IHH	0	158	158	158
ILKAP	0	158	158	158
ING5	0	158	158	158
INHA	0	158	158	158
INPP5D	0	158	158	158
IQCA1	0	158	158	158
IRS1	0	158	158	158
ITM2C	0	158	158	158
KCNE4	0	158	158	158
KCNJ13	0	158	158	158
KIF1A	0	158	158	158
KLHL30	0	158	158	158
LINC00471	0	158	158	158
LINC00607	0	158	158	158
LINC00608	0	158	158	158
LINC01107	0	158	158	158
LINC01173	0	158	158	158
LINC01237	0	158	158	158
LINC01280	0	158	158	158
LINC01494	0	158	158	158
LINC01614	0	158	158	158
LOC100129175	0	158	158	158
LOC100286922	0	158	158	158
LOC100996693	0	158	158	158
LOC101928103	0	158	158	158
LOC101928111	0	158	158	158
LOC101928327	0	158	158	158
LOC101928881	0	158	158	158
LOC102723927	0	158	158	158
LOC102724849	0	158	158	158
LOC105373876	0	158	158	158
LOC105373878	0	158	158	158
LOC150935	0	158	158	158
LOC151174	0	158	158	158
LOC151475	0	158	158	158
LOC151484	0	158	158	158
LOC200772	0	158	158	158
LOC285095	0	158	158	158
LOC440934	0	158	158	158
LOC643387	0	158	158	158
LOC646736	0	158	158	158
LOC654841	0	158	158	158
LOC728323	0	158	158	158
LOC93463	0	158	158	158
LRRFIP1	0	158	158	158
MARCH4	0	158	158	158
MFF	0	158	158	158
MGC16025	0	158	158	158
MIR1244-1	0	158	158	158
MIR1244-2	0	158	158	158
MIR1244-3	0	158	158	158
MIR1471	0	158	158	158
MIR149	0	158	158	158
MIR153-1	0	158	158	158
MIR2467	0	158	158	158
MIR26B	0	158	158	158
MIR3131	0	158	158	158
MIR3132	0	158	158	158
MIR3133	0	158	158	158
MIR375	0	158	158	158
MIR4268	0	158	158	158
MIR4269	0	158	158	158
MIR4439	0	158	158	158
MIR4440	0	158	158	158
MIR4441	0	158	158	158
MIR4777	0	158	158	158
MIR4786	0	158	158	158
MIR5001	0	158	158	158
MIR562	0	158	158	158
MIR5702	0	158	158	158
MIR5703	0	158	158	158
MIR6513	0	158	158	158
MIR6809	0	158	158	158
MIR6810	0	158	158	158
MIR6811	0	158	158	158
MIR9500	0	158	158	158
MLPH	0	158	158	158
MOGAT1	0	158	158	158
MREG	0	158	158	158
MROH2A	0	158	158	158
MRPL44	0	158	158	158
MSL3P1	0	158	158	158
MTERF4	0	158	158	158
NCL	0	158	158	158
NDUFA10	0	158	158	158
NEU2	0	158	158	158
NEU4	0	158	158	158
NGEF	0	158	158	158
NHEJ1	0	158	158	158
NMUR1	0	158	158	158
NPPC	0	158	158	158
NYAP2	0	158	158	158
OBSL1	0	158	158	158
OR6B2	0	158	158	158
OR6B3	0	158	158	158
OTOS	0	158	158	158
PASK	0	158	158	158
PAX3	0	158	158	158
PDCD1	0	158	158	158
PDE6D	0	158	158	158
PECR	0	158	158	158
PER2	0	158	158	158
PID1	0	158	158	158
PKI55	0	158	158	158
PLCD4	0	158	158	158
PNKD	0	158	158	158
PP14571	0	158	158	158
PPP1R7	0	158	158	158
PRKAG3	0	158	158	158
PRLH	0	158	158	158
PRSS56	0	158	158	158
PSMD1	0	158	158	158
PTMA	0	158	158	158
PTPRN	0	158	158	158
RAB17	0	158	158	158
RAMP1	0	158	158	158
RBM44	0	158	158	158
RESP18	0	158	158	158
RHBDD1	0	158	158	158
RNF25	0	158	158	158
RNPEPL1	0	158	158	158
RPL37A	0	158	158	158
RTP5	0	158	158	158
RUFY4	0	158	158	158
SAG	0	158	158	158
SCARNA5	0	158	158	158
SCARNA6	0	158	158	158
SCG2	0	158	158	158
SCLY	0	158	158	158
SEPT2	0	158	158	158
SERPINE2	0	158	158	158
SGPP2	0	158	158	158
SH3BP4	0	158	158	158
SLC11A1	0	158	158	158
SLC16A14	0	158	158	158
SLC19A3	0	158	158	158
SLC23A3	0	158	158	158
SLC4A3	0	158	158	158
SMARCAL1	0	158	158	158
SNED1	0	158	158	158
SNORA75	0	158	158	158
SNORD20	0	158	158	158
SNORD82	0	158	158	158
SP100	0	158	158	158
SP110	0	158	158	158
SP140	0	158	158	158
SP140L	0	158	158	158
SPATA3	0	158	158	158
SPATA3-AS1	0	158	158	158
SPEG	0	158	158	158
SPHKAP	0	158	158	158
SPP2	0	158	158	158
STK11IP	0	158	158	158
STK16	0	158	158	158
STK25	0	158	158	158
STK36	0	158	158	158
THAP4	0	158	158	158
TIGD1	0	158	158	158
TM4SF20	0	158	158	158
TMBIM1	0	158	158	158
TMEM169	0	158	158	158
TMEM198	0	158	158	158
TNP1	0	158	158	158
TNS1	0	158	158	158
TRAF3IP1	0	158	158	158
TRIP12	0	158	158	158
TRPM8	0	158	158	158
TTLL4	0	158	158	158
TUBA4A	0	158	158	158
TUBA4B	0	158	158	158
TWIST2	0	158	158	158
UBE2F	0	158	158	158
UBE2F-SCLY	0	158	158	158
UGT1A1	0	158	158	158
UGT1A10	0	158	158	158
UGT1A3	0	158	158	158
UGT1A4	0	158	158	158
UGT1A5	0	158	158	158
UGT1A6	0	158	158	158
UGT1A7	0	158	158	158
UGT1A8	0	158	158	158
UGT1A9	0	158	158	158
USP37	0	158	158	158
USP40	0	158	158	158
VIL1	0	158	158	158
VWC2L	0	158	158	158
VWC2L-IT1	0	158	158	158
WDFY1	0	158	158	158
WNT10A	0	158	158	158
WNT6	0	158	158	158
XRCC5	0	158	158	158
ZFAND2B	0	158	158	158
ZNF142	0	158	158	158
hsa-mir-1244-1	0	158	158	158
FGFR1	153	0	153	153
LETM2	153	0	153	153
WHSC1L1	153	0	153	153
LOC101929064	0	151	151	151
MAPK10	0	151	151	151
MIR4452	0	151	151	151
PTPN13	0	151	151	151
ADAM30	0	150	150	150
AKR7A2P1	0	150	150	150
AMPD1	0	150	150	150
AP4B1	0	150	150	150
AP4B1-AS1	0	150	150	150
ATP1A1	0	150	150	150
ATP1A1-AS1	0	150	150	150
BCAS2	0	150	150	150
BCL2L15	0	150	150	150
C1orf137	0	150	150	150
CAPZA1	0	150	150	150
CASQ2	0	150	150	150
CD101	0	150	150	150
CD2	0	150	150	150
CD58	0	150	150	150
CSDE1	0	150	150	150
DCLRE1B	0	150	150	150
DENND2C	0	150	150	150
FAM19A3	0	150	150	150
FAM46C	0	150	150	150
GDAP2	0	150	150	150
HAO2	0	150	150	150
HAO2-IT1	0	150	150	150
HIPK1	0	150	150	150
HIPK1-AS1	0	150	150	150
HMGCS2	0	150	150	150
HSD3B1	0	150	150	150
HSD3B2	0	150	150	150
HSD3BP4	0	150	150	150
IGSF3	0	150	150	150
LINC00622	0	150	150	150
LINC01356	0	150	150	150
LINC01525	0	150	150	150
LOC100996251	0	150	150	150
LOC100996263	0	150	150	150
LOC101928977	0	150	150	150
LOC101928995	0	150	150	150
LOC101929023	0	150	150	150
LOC101929099	0	150	150	150
LOC101929147	0	150	150	150
LOC105378933	0	150	150	150
LOC643441	0	150	150	150
LRIG2	0	150	150	150
MAB21L3	0	150	150	150
MAGI3	0	150	150	150
MAN1A2	0	150	150	150
MIR320B1	0	150	150	150
MIR4256	0	150	150	150
MIR548AC	0	150	150	150
MIR942	0	150	150	150
MOV10	0	150	150	150
NBPF7	0	150	150	150
NGF	0	150	150	150
NHLH2	0	150	150	150
NRAS	0	150	150	150
OLFML3	0	150	150	150
PHGDH	0	150	150	150
PHTF1	0	150	150	150
PPM1J	0	150	150	150
PTGFRN	0	150	150	150
PTPN22	0	150	150	150
REG4	0	150	150	150
RHOC	0	150	150	150
RSBN1	0	150	150	150
SIKE1	0	150	150	150
SLC16A1	0	150	150	150
SLC16A1-AS1	0	150	150	150
SLC22A15	0	150	150	150
SPAG17	0	150	150	150
ST7L	0	150	150	150
SYCP1	0	150	150	150
SYT6	0	150	150	150
TBX15	0	150	150	150
TRIM33	0	150	150	150
TRIM45	0	150	150	150
TSHB	0	150	150	150
TSPAN2	0	150	150	150
TTF2	0	150	150	150
VANGL1	0	150	150	150
VTCN1	0	150	150	150
WARS2	0	150	150	150
WARS2-IT1	0	150	150	150
WDR3	0	150	150	150
WNT2B	0	150	150	150
ZNF697	0	150	150	150
ABCB8	0	142	142	142
ABCF2	0	142	142	142
ACTR3B	0	142	142	142
ACTR3C	0	142	142	142
AGAP3	0	142	142	142
AOC1	0	142	142	142
ARHGEF39	142	0	142	142
ASB10	0	142	142	142
ASIC3	0	142	142	142
ATG9B	0	142	142	142
ATP6V0E2	0	142	142	142
ATP6V0E2-AS1	0	142	142	142
C7orf33	0	142	142	142
CA9	142	0	142	142
CCDC107	142	0	142	142
CDK5	0	142	142	142
CHPF2	0	142	142	142
CREB3	142	0	142	142
CRYGN	0	142	142	142
CUL1	0	142	142	142
EZH2	0	142	142	142
FABP5P3	0	142	142	142
FASTK	0	142	142	142
GALNT11	0	142	142	142
GALNTL5	0	142	142	142
GBA2	142	0	142	142
GBX1	0	142	142	142
GHET1	0	142	142	142
GIMAP1	0	142	142	142
GIMAP1-GIMAP5	0	142	142	142
GIMAP2	0	142	142	142
GIMAP4	0	142	142	142
GIMAP5	0	142	142	142
GIMAP6	0	142	142	142
GIMAP7	0	142	142	142
GIMAP8	0	142	142	142
IQCA1L	0	142	142	142
KCNH2	0	142	142	142
KMT2C	0	142	142	142
KRBA1	0	142	142	142
LINC00996	0	142	142	142
LINC01003	0	142	142	142
LINC01287	0	142	142	142
LOC101926948	142	0	142	142
LOC101929998	0	142	142	142
LOC155060	0	142	142	142
LOC728743	0	142	142	142
LRRC61	0	142	142	142
MIR3907	0	142	142	142
MIR671	0	142	142	142
MIR6852	142	0	142	142
MIR6853	142	0	142	142
NOS3	0	142	142	142
NUB1	0	142	142	142
PDIA4	0	142	142	142
PRKAG2	0	142	142	142
PRKAG2-AS1	0	142	142	142
RARRES2	0	142	142	142
REPIN1	0	142	142	142
RHEB	0	142	142	142
RMRP	142	0	142	142
RNY1	0	142	142	142
RNY3	0	142	142	142
RNY4	0	142	142	142
RNY5	0	142	142	142
SIT1	142	0	142	142
SLC4A2	0	142	142	142
SMARCD3	0	142	142	142
SSPO	0	142	142	142
TLN1	142	0	142	142
TMEM176A	0	142	142	142
TMEM176B	0	142	142	142
TMUB1	0	142	142	142
TPM2	142	0	142	142
WDR86	0	142	142	142
WDR86-AS1	0	142	142	142
XRCC2	0	142	142	142
ZBED6CL	0	142	142	142
ZNF212	0	142	142	142
ZNF282	0	142	142	142
ZNF398	0	142	142	142
ZNF425	0	142	142	142
ZNF467	0	142	142	142
ZNF746	0	142	142	142
ZNF767P	0	142	142	142
ZNF775	0	142	142	142
ZNF777	0	142	142	142
ZNF783	0	142	142	142
ZNF786	0	142	142	142
ZNF862	0	142	142	142
hsa-mir-1975	0	142	142	142
MLIP	140	0	140	140
TINAG	140	0	140	140
KLLN	0	136	136	136
PTEN	0	136	136	136
ACTC1	0	135	135	135
ADAL	0	135	135	135
ANKRD63	0	135	135	135
ANP32AP1	0	135	135	135
APBA2	0	135	135	135
AQR	0	135	135	135
ARHGAP11A	0	135	135	135
ARHGAP11B	0	135	135	135
ATP10A	0	135	135	135
AVEN	0	135	135	135
B2M	0	135	135	135
BAHD1	0	135	135	135
BLOC1S6	0	135	135	135
BMF	0	135	135	135
BUB1B	0	135	135	135
BUB1B-PAK6	0	135	135	135
C15orf41	0	135	135	135
C15orf48	0	135	135	135
C15orf52	0	135	135	135
C15orf53	0	135	135	135
C15orf54	0	135	135	135
C15orf56	0	135	135	135
C15orf57	0	135	135	135
C15orf62	0	135	135	135
CAPN3	0	135	135	135
CASC4	0	135	135	135
CATSPER2	0	135	135	135
CATSPER2P1	0	135	135	135
CCNDBP1	0	135	135	135
CDAN1	0	135	135	135
CHAC1	0	135	135	135
CHEK2P2	0	135	135	135
CHP1	0	135	135	135
CHRFAM7A	0	135	135	135
CHRM5	0	135	135	135
CHRNA7	0	135	135	135
CHST14	0	135	135	135
CKMT1A	0	135	135	135
CKMT1B	0	135	135	135
CSNK1A1P1	0	135	135	135
CTDSPL2	0	135	135	135
CXADRP2	0	135	135	135
CYFIP1	0	135	135	135
DISP2	0	135	135	135
DKFZP434L187	0	135	135	135
DLL4	0	135	135	135
DNAJC17	0	135	135	135
DPH6	0	135	135	135
DPH6-AS1	0	135	135	135
DUOX1	0	135	135	135
DUOX2	0	135	135	135
DUOXA1	0	135	135	135
DUOXA2	0	135	135	135
EHD4	0	135	135	135
EHD4-AS1	0	135	135	135
EIF2AK4	0	135	135	135
EIF3J	0	135	135	135
EIF3J-AS1	0	135	135	135
ELL3	0	135	135	135
EMC4	0	135	135	135
EMC7	0	135	135	135
EPB42	0	135	135	135
EXD1	0	135	135	135
FAM189A1	0	135	135	135
FAM98B	0	135	135	135
FAN1	0	135	135	135
FMN1	0	135	135	135
FRMD5	0	135	135	135
FSIP1	0	135	135	135
GABRA5	0	135	135	135
GABRB3	0	135	135	135
GABRG3	0	135	135	135
GABRG3-AS1	0	135	135	135
GANC	0	135	135	135
GATM	0	135	135	135
GCHFR	0	135	135	135
GJD2	0	135	135	135
GOLGA6L1	0	135	135	135
GOLGA6L2	0	135	135	135
GOLGA6L22	0	135	135	135
GOLGA6L6	0	135	135	135
GOLGA6L7P	0	135	135	135
GOLGA8A	0	135	135	135
GOLGA8B	0	135	135	135
GOLGA8CP	0	135	135	135
GOLGA8DP	0	135	135	135
GOLGA8EP	0	135	135	135
GOLGA8F	0	135	135	135
GOLGA8G	0	135	135	135
GOLGA8H	0	135	135	135
GOLGA8IP	0	135	135	135
GOLGA8J	0	135	135	135
GOLGA8K	0	135	135	135
GOLGA8M	0	135	135	135
GOLGA8N	0	135	135	135
GOLGA8O	0	135	135	135
GOLGA8R	0	135	135	135
GOLGA8S	0	135	135	135
GOLGA8T	0	135	135	135
GPR176	0	135	135	135
GREM1	0	135	135	135
HAUS2	0	135	135	135
HERC2	0	135	135	135
HERC2P10	0	135	135	135
HERC2P2	0	135	135	135
HERC2P3	0	135	135	135
HERC2P7	0	135	135	135
HERC2P9	0	135	135	135
HMGN2P46	0	135	135	135
HYPK	0	135	135	135
IGHV1OR15-1	0	135	135	135
IGHV1OR15-3	0	135	135	135
INAFM2	0	135	135	135
INO80	0	135	135	135
IPW	0	135	135	135
ITPKA	0	135	135	135
IVD	0	135	135	135
JMJD7	0	135	135	135
JMJD7-PLA2G4B	0	135	135	135
KATNBL1	0	135	135	135
KLF13	0	135	135	135
KNL1	0	135	135	135
KNSTRN	0	135	135	135
LCMT2	0	135	135	135
LINC00929	0	135	135	135
LINC01193	0	135	135	135
LOC100128714	0	135	135	135
LOC100130111	0	135	135	135
LOC100131315	0	135	135	135
LOC100288637	0	135	135	135
LOC100289656	0	135	135	135
LOC100419583	0	135	135	135
LOC100996255	0	135	135	135
LOC101927079	0	135	135	135
LOC101928042	0	135	135	135
LOC101928134	0	135	135	135
LOC101928174	0	135	135	135
LOC101928227	0	135	135	135
LOC101928414	0	135	135	135
LOC102725022	0	135	135	135
LOC105370757	0	135	135	135
LOC105370792	0	135	135	135
LOC105370802	0	135	135	135
LOC105370941	0	135	135	135
LOC105370943	0	135	135	135
LOC145845	0	135	135	135
LOC283683	0	135	135	135
LOC283710	0	135	135	135
LOC646214	0	135	135	135
LOC727924	0	135	135	135
LPCAT4	0	135	135	135
LRRC57	0	135	135	135
LTK	0	135	135	135
MAGEL2	0	135	135	135
MAP1A	0	135	135	135
MAPKBP1	0	135	135	135
MEIS2	0	135	135	135
MFAP1	0	135	135	135
MGA	0	135	135	135
MIR1233-1	0	135	135	135
MIR1233-2	0	135	135	135
MIR1268A	0	135	135	135
MIR1282	0	135	135	135
MIR147B	0	135	135	135
MIR211	0	135	135	135
MIR3118-2	0	135	135	135
MIR3118-3	0	135	135	135
MIR3118-4	0	135	135	135
MIR3942	0	135	135	135
MIR4310	0	135	135	135
MIR4508	0	135	135	135
MIR4509-1	0	135	135	135
MIR4509-2	0	135	135	135
MIR4510	0	135	135	135
MIR4715	0	135	135	135
MIR5701-1	0	135	135	135
MIR5701-2	0	135	135	135
MIR626	0	135	135	135
MIR627	0	135	135	135
MIR8063	0	135	135	135
MKRN3	0	135	135	135
MRPL42P5	0	135	135	135
MTMR10	0	135	135	135
NBEAP1	0	135	135	135
NDN	0	135	135	135
NDUFAF1	0	135	135	135
NF1P2	0	135	135	135
NIPA1	0	135	135	135
NIPA2	0	135	135	135
NOP10	0	135	135	135
NPAP1	0	135	135	135
NSMCE3	0	135	135	135
NUSAP1	0	135	135	135
NUTM1	0	135	135	135
OCA2	0	135	135	135
OIP5	0	135	135	135
OIP5-AS1	0	135	135	135
OR4M2	0	135	135	135
OR4N3P	0	135	135	135
OR4N4	0	135	135	135
OTUD7A	0	135	135	135
PAK6	0	135	135	135
PATL2	0	135	135	135
PDCD6IPP2	0	135	135	135
PDIA3	0	135	135	135
PGBD4	0	135	135	135
PHGR1	0	135	135	135
PIN4P1	0	135	135	135
PLA2G4B	0	135	135	135
PLA2G4D	0	135	135	135
PLA2G4E	0	135	135	135
PLA2G4E-AS1	0	135	135	135
PLA2G4F	0	135	135	135
PLCB2	0	135	135	135
POTEB	0	135	135	135
POTEB2	0	135	135	135
POTEB3	0	135	135	135
PPIP5K1	0	135	135	135
PPP1R14D	0	135	135	135
PWAR1	0	135	135	135
PWAR4	0	135	135	135
PWAR5	0	135	135	135
PWARSN	0	135	135	135
PWRN1	0	135	135	135
PWRN2	0	135	135	135
PWRN3	0	135	135	135
PWRN4	0	135	135	135
RAD51	0	135	135	135
RAD51-AS1	0	135	135	135
RASGRP1	0	135	135	135
REREP3	0	135	135	135
RHOV	0	135	135	135
RMDN3	0	135	135	135
RPAP1	0	135	135	135
RPUSD2	0	135	135	135
RTF1	0	135	135	135
RYR3	0	135	135	135
SCG5	0	135	135	135
SERF2	0	135	135	135
SERF2-C15ORF63	0	135	135	135
SERINC4	0	135	135	135
SHF	0	135	135	135
SLC12A6	0	135	135	135
SLC28A2	0	135	135	135
SLC30A4	0	135	135	135
SNAP23	0	135	135	135
SNORD107	0	135	135	135
SNORD108	0	135	135	135
SNORD109A	0	135	135	135
SNORD115-1	0	135	135	135
SNORD115-10	0	135	135	135
SNORD115-11	0	135	135	135
SNORD115-12	0	135	135	135
SNORD115-13	0	135	135	135
SNORD115-14	0	135	135	135
SNORD115-15	0	135	135	135
SNORD115-16	0	135	135	135
SNORD115-17	0	135	135	135
SNORD115-18	0	135	135	135
SNORD115-2	0	135	135	135
SNORD115-20	0	135	135	135
SNORD115-21	0	135	135	135
SNORD115-22	0	135	135	135
SNORD115-23	0	135	135	135
SNORD115-24	0	135	135	135
SNORD115-25	0	135	135	135
SNORD115-26	0	135	135	135
SNORD115-27	0	135	135	135
SNORD115-28	0	135	135	135
SNORD115-29	0	135	135	135
SNORD115-3	0	135	135	135
SNORD115-30	0	135	135	135
SNORD115-31	0	135	135	135
SNORD115-32	0	135	135	135
SNORD115-33	0	135	135	135
SNORD115-34	0	135	135	135
SNORD115-35	0	135	135	135
SNORD115-36	0	135	135	135
SNORD115-37	0	135	135	135
SNORD115-38	0	135	135	135
SNORD115-39	0	135	135	135
SNORD115-4	0	135	135	135
SNORD115-41	0	135	135	135
SNORD115-44	0	135	135	135
SNORD115-45	0	135	135	135
SNORD115-46	0	135	135	135
SNORD115-47	0	135	135	135
SNORD115-48	0	135	135	135
SNORD115-5	0	135	135	135
SNORD115-6	0	135	135	135
SNORD115-7	0	135	135	135
SNORD115-8	0	135	135	135
SNORD116-1	0	135	135	135
SNORD116-10	0	135	135	135
SNORD116-11	0	135	135	135
SNORD116-12	0	135	135	135
SNORD116-13	0	135	135	135
SNORD116-14	0	135	135	135
SNORD116-15	0	135	135	135
SNORD116-16	0	135	135	135
SNORD116-17	0	135	135	135
SNORD116-18	0	135	135	135
SNORD116-2	0	135	135	135
SNORD116-20	0	135	135	135
SNORD116-21	0	135	135	135
SNORD116-22	0	135	135	135
SNORD116-23	0	135	135	135
SNORD116-24	0	135	135	135
SNORD116-25	0	135	135	135
SNORD116-26	0	135	135	135
SNORD116-27	0	135	135	135
SNORD116-28	0	135	135	135
SNORD116-29	0	135	135	135
SNORD116-3	0	135	135	135
SNORD116-30	0	135	135	135
SNORD116-4	0	135	135	135
SNORD116-5	0	135	135	135
SNORD116-8	0	135	135	135
SNORD64	0	135	135	135
SNRPN	0	135	135	135
SNURF	0	135	135	135
SORD	0	135	135	135
SPATA5L1	0	135	135	135
SPG11	0	135	135	135
SPINT1	0	135	135	135
SPRED1	0	135	135	135
SPTBN5	0	135	135	135
SQRDL	0	135	135	135
SRP14	0	135	135	135
SRP14-AS1	0	135	135	135
STARD9	0	135	135	135
STRC	0	135	135	135
TERB2	0	135	135	135
TGM5	0	135	135	135
TGM7	0	135	135	135
THBS1	0	135	135	135
TJP1	0	135	135	135
TMCO5A	0	135	135	135
TMCO5B	0	135	135	135
TMEM62	0	135	135	135
TMEM87A	0	135	135	135
TP53BP1	0	135	135	135
TRIM69	0	135	135	135
TRPM1	0	135	135	135
TTBK2	0	135	135	135
TUBGCP4	0	135	135	135
TUBGCP5	0	135	135	135
TYRO3	0	135	135	135
UBE3A	0	135	135	135
UBR1	0	135	135	135
ULK4P1	0	135	135	135
ULK4P3	0	135	135	135
VPS18	0	135	135	135
VPS39	0	135	135	135
WDR76	0	135	135	135
WHAMMP1	0	135	135	135
WHAMMP2	0	135	135	135
WHAMMP3	0	135	135	135
ZFYVE19	0	135	135	135
ZNF106	0	135	135	135
ZNF770	0	135	135	135
ZSCAN29	0	135	135	135
ACP6	132	0	132	132
ADAMTSL4	132	0	132	132
ADAMTSL4-AS1	132	0	132	132
ANP32E	132	0	132	132
ANXA9	132	0	132	132
APH1A	132	0	132	132
ARNT	132	0	132	132
BCL9	132	0	132	132
BNIPL	132	0	132	132
BOLA1	132	0	132	132
C1orf54	132	0	132	132
C1orf56	132	0	132	132
CA14	132	0	132	132
CDC42SE1	132	0	132	132
CERS2	132	0	132	132
CHD1L	132	0	132	132
CIART	132	0	132	132
CTSK	132	0	132	132
CTSS	132	0	132	132
ECM1	132	0	132	132
ENSA	132	0	132	132
FALEC	132	0	132	132
FAM63A	132	0	132	132
FCGR1A	132	0	132	132
FMO5	132	0	132	132
GABPB2	132	0	132	132
GBAT2	132	0	132	132
GJA5	132	0	132	132
GJA8	132	0	132	132
GOLPH3L	132	0	132	132
GPR89B	132	0	132	132
HIST2H2AA3	132	0	132	132
HIST2H2AB	132	0	132	132
HIST2H2AC	132	0	132	132
HIST2H2BC	132	0	132	132
HIST2H2BE	132	0	132	132
HIST2H2BF	132	0	132	132
HIST2H3A	132	0	132	132
HIST2H3D	132	0	132	132
HIST2H4A	132	0	132	132
HORMAD1	132	0	132	132
HYDIN2	132	0	132	132
LINC00624	132	0	132	132
LINC00869	132	0	132	132
LINC01138	132	0	132	132
LOC100132057	132	0	132	132
LOC100505824	132	0	132	132
LOC100507670	132	0	132	132
LOC101927468	132	0	132	132
LOC105371433	132	0	132	132
LOC728989	132	0	132	132
LYSMD1	132	0	132	132
MCL1	132	0	132	132
MIR4257	132	0	132	132
MIR5087	132	0	132	132
MIR6077	132	0	132	132
MIR6878	132	0	132	132
MLLT11	132	0	132	132
MRPS21	132	0	132	132
MTMR11	132	0	132	132
NBPF11	132	0	132	132
NBPF12	132	0	132	132
NBPF13P	132	0	132	132
NBPF14	132	0	132	132
NBPF9	132	0	132	132
OTUD7B	132	0	132	132
PDE4DIP	132	0	132	132
PDIA3P1	132	0	132	132
PDZK1P1	132	0	132	132
PI4KB	132	0	132	132
PIP5K1A	132	0	132	132
PLEKHO1	132	0	132	132
POGZ	132	0	132	132
PPIAL4C	132	0	132	132
PPIAL4G	132	0	132	132
PRKAB2	132	0	132	132
PRPF3	132	0	132	132
PRUNE1	132	0	132	132
PSMB4	132	0	132	132
PSMD4	132	0	132	132
RFX5	132	0	132	132
RNVU1-1	132	0	132	132
RNVU1-3	132	0	132	132
RNVU1-7	132	0	132	132
RNVU1-8	132	0	132	132
RPRD2	132	0	132	132
SCNM1	132	0	132	132
SELENBP1	132	0	132	132
SEMA6C	132	0	132	132
SETDB1	132	0	132	132
SF3B4	132	0	132	132
SV2A	132	0	132	132
TARS2	132	0	132	132
TMOD4	132	0	132	132
TNFAIP8L2	132	0	132	132
TNFAIP8L2-SCNM1	132	0	132	132
VPS45	132	0	132	132
VPS72	132	0	132	132
ZNF687	132	0	132	132
MIR7157	0	131	131	131
FLJ41200	129	0	129	129
LINC00583	129	0	129	129
NFIB	129	0	129	129
AK3	128	0	128	128
CD274	128	0	128	128
ERMP1	128	0	128	128
INSL4	128	0	128	128
INSL6	128	0	128	128
JAK2	128	0	128	128
KIAA2026	128	0	128	128
MIR101-2	128	0	128	128
MLANA	128	0	128	128
PDCD1LG2	128	0	128	128
PLGRKT	128	0	128	128
RCL1	128	0	128	128
RIC1	128	0	128	128
RLN1	128	0	128	128
RLN2	128	0	128	128
LOC101927571	124	0	124	124
MIR4741	124	0	124	124
RBBP8	124	0	124	124
[LINC00392]	121	0	121	121
C17orf51	0	119	119	119
FAM27E5	0	119	119	119
FLJ36000	0	119	119	119
KCNJ12	0	119	119	119
KCNJ18	0	119	119	119
LOC105371703	0	119	119	119
MAP2K3	0	119	119	119
MTRNR2L1	0	119	119	119
NATD1	0	119	119	119
HNRNPA3	113	0	113	113
LOC100130691	113	0	113	113
MIR3128	113	0	113	113
MIR6512	113	0	113	113
NFE2L2	113	0	113	113
LOC101928417	0	111	111	111
LOC101928446	0	111	111	111
MIR3182	0	111	111	111
ADPRHL1	108	0	108	108
ANKRD10	108	0	108	108
ARHGEF7	108	0	108	108
ARHGEF7-AS1	108	0	108	108
ARHGEF7-AS2	108	0	108	108
ATP11A	108	0	108	108
ATP11A-AS1	108	0	108	108
ATP11AUN	108	0	108	108
ATP4B	108	0	108	108
CARS2	108	0	108	108
CDC16	108	0	108	108
CHAMP1	108	0	108	108
COL4A1	108	0	108	108
COL4A2	108	0	108	108
COL4A2-AS1	108	0	108	108
COL4A2-AS2	108	0	108	108
CUL4A	108	0	108	108
DCUN1D2	108	0	108	108
EYS	108	0	108	108
F10	108	0	108	108
F10-AS1	108	0	108	108
F7	108	0	108	108
GAS6	108	0	108	108
GAS6-AS1	108	0	108	108
GAS6-AS2	108	0	108	108
GRK1	108	0	108	108
GRTP1	108	0	108	108
GRTP1-AS1	108	0	108	108
ING1	108	0	108	108
IRS2	108	0	108	108
LAMP1	108	0	108	108
LINC00346	108	0	108	108
LINC00354	108	0	108	108
LINC00368	108	0	108	108
LINC00396	108	0	108	108
LINC00399	108	0	108	108
LINC00403	108	0	108	108
LINC00431	108	0	108	108
LINC00452	108	0	108	108
LINC00454	108	0	108	108
LINC00552	108	0	108	108
LINC00565	108	0	108	108
LINC00567	108	0	108	108
LINC00676	108	0	108	108
LINC01043	108	0	108	108
LINC01044	108	0	108	108
LINC01054	108	0	108	108
LINC01070	108	0	108	108
LOC100506016	108	0	108	108
LOC101060553	108	0	108	108
LOC101928730	108	0	108	108
LOC101928841	108	0	108	108
LOC105370369	108	0	108	108
MCF2L	108	0	108	108
MCF2L-AS1	108	0	108	108
MIR4502	108	0	108	108
MIR548AR	108	0	108	108
MIR8073	108	0	108	108
MIR8075	108	0	108	108
MYO16	108	0	108	108
MYO16-AS1	108	0	108	108
NAXD	108	0	108	108
PCID2	108	0	108	108
PHF3	108	0	108	108
PROZ	108	0	108	108
PTP4A1	108	0	108	108
RAB20	108	0	108	108
RASA3	108	0	108	108
SOX1	108	0	108	108
SPACA7	108	0	108	108
TEX29	108	0	108	108
TFDP1	108	0	108	108
TMCO3	108	0	108	108
TMEM255B	108	0	108	108
TUBGCP3	108	0	108	108
UPF3A	108	0	108	108
WWOX	0	108	108	108
ANKRD23	107	0	107	107
ANKRD39	107	0	107	107
C19orf12	0	107	107	107
CCNE1	0	107	107	107
FAM178B	107	0	107	107
HAVCR1P1	0	107	107	107
LINC00662	0	107	107	107
LINC00906	0	107	107	107
LINC01532	0	107	107	107
LINC01533	0	107	107	107
LOC100420587	0	107	107	107
LOC101927053	107	0	107	107
LOC101927151	0	107	107	107
LOC101927411	0	107	107	107
LOC102724908	0	107	107	107
LOC102724958	0	107	107	107
LOC284395	0	107	107	107
PLEKHF1	0	107	107	107
POP4	0	107	107	107
RPSAP58	0	107	107	107
SEMA4C	107	0	107	107
THEG5	0	107	107	107
TSHZ3	0	107	107	107
UQCRFS1	0	107	107	107
URI1	0	107	107	107
VSTM2B	0	107	107	107
ZNF254	0	107	107	107
ZNF507	0	107	107	107
ZNF536	0	107	107	107
ZNF675	0	107	107	107
ZNF681	0	107	107	107
ZNF726	0	107	107	107
ACR	0	105	105	105
ADM2	0	105	105	105
ALG12	0	105	105	105
ARSA	0	105	105	105
BRD1	0	105	105	105
C22orf34	0	105	105	105
CELSR1	0	105	105	105
CERK	0	105	105	105
CHKB	0	105	105	105
CHKB-AS1	0	105	105	105
CHKB-CPT1B	0	105	105	105
CPT1B	0	105	105	105
CRELD2	0	105	105	105
DENND6B	0	105	105	105
FAM19A5	0	105	105	105
GRAMD4	0	105	105	105
GTSE1	0	105	105	105
GTSE1-AS1	0	105	105	105
HDAC10	0	105	105	105
IL17REL	0	105	105	105
KLHDC7B	0	105	105	105
LINC00898	0	105	105	105
LINC01310	0	105	105	105
LL22NC03-75H12.2	0	105	105	105
LMF2	0	105	105	105
LOC105373100	0	105	105	105
LOC284930	0	105	105	105
LOC284933	0	105	105	105
MAPK11	0	105	105	105
MAPK12	0	105	105	105
MAPK8IP2	0	105	105	105
MIOX	0	105	105	105
MIR3201	0	105	105	105
MIR3667	0	105	105	105
MIR4535	0	105	105	105
MIR6821	0	105	105	105
MLC1	0	105	105	105
MOV10L1	0	105	105	105
NCAPH2	0	105	105	105
ODF3B	0	105	105	105
PANX2	0	105	105	105
PIM3	0	105	105	105
PLXNB2	0	105	105	105
PPP6R2	0	105	105	105
RABL2B	0	105	105	105
RPL23AP82	0	105	105	105
SBF1	0	105	105	105
SCO2	0	105	105	105
SELO	0	105	105	105
SHANK3	0	105	105	105
SYCE3	0	105	105	105
TBC1D22A	0	105	105	105
TBC1D22A-AS1	0	105	105	105
TRABD	0	105	105	105
TRMU	0	105	105	105
TTC38	0	105	105	105
TUBGCP6	0	105	105	105
TYMP	0	105	105	105
ZBED4	0	105	105	105
AADACL3	0	104	104	104
AADACL4	0	104	104	104
ACAP3	0	104	104	104
ACOT7	0	104	104	104
ACTL8	0	104	104	104
ACTRT2	0	104	104	104
AGMAT	0	104	104	104
AGRN	0	104	104	104
AGTRAP	0	104	104	104
AJAP1	0	104	104	104
AKR7A2	0	104	104	104
AKR7A3	0	104	104	104
AKR7L	0	104	104	104
ALDH4A1	0	104	104	104
ANGPTL7	0	104	104	104
ANKRD65	0	104	104	104
APITD1-CORT	0	104	104	104
ARHGEF10L	0	104	104	104
ARHGEF16	0	104	104	104
ARHGEF19	0	104	104	104
ATAD3A	0	104	104	104
ATAD3B	0	104	104	104
ATAD3C	0	104	104	104
ATP13A2	0	104	104	104
AURKAIP1	0	104	104	104
B3GALT6	0	104	104	104
C1orf127	0	104	104	104
C1orf158	0	104	104	104
C1orf159	0	104	104	104
C1orf167	0	104	104	104
C1orf174	0	104	104	104
C1orf195	0	104	104	104
C1orf64	0	104	104	104
CA6	0	104	104	104
CALML6	0	104	104	104
CAMTA1	0	104	104	104
CAPZB	0	104	104	104
CASP9	0	104	104	104
CASZ1	0	104	104	104
CCDC27	0	104	104	104
CCNL2	0	104	104	104
CDK11A	0	104	104	104
CDK11B	0	104	104	104
CELA2A	0	104	104	104
CELA2B	0	104	104	104
CENPS	0	104	104	104
CEP104	0	104	104	104
CFAP74	0	104	104	104
CHD5	0	104	104	104
CLCN6	0	104	104	104
CLCNKA	0	104	104	104
CLCNKB	0	104	104	104
CLSTN1	0	104	104	104
CORT	0	104	104	104
CPSF3L	0	104	104	104
CPTP	0	104	104	104
CROCC	0	104	104	104
CROCCP2	0	104	104	104
CROCCP3	0	104	104	104
CTNNBIP1	0	104	104	104
CTRC	0	104	104	104
DDI2	0	104	104	104
DDX11L1	0	104	104	104
DFFA	0	104	104	104
DFFB	0	104	104	104
DHRS3	0	104	104	104
DISP3	0	104	104	104
DNAJC11	0	104	104	104
DNAJC16	0	104	104	104
DRAXIN	0	104	104	104
DVL1	0	104	104	104
EFHD2	0	104	104	104
EMC1	0	104	104	104
ENO1	0	104	104	104
ENO1-AS1	0	104	104	104
EPHA2	0	104	104	104
ERRFI1	0	104	104	104
ESPN	0	104	104	104
ESPNP	0	104	104	104
EXOSC10	0	104	104	104
FAAP20	0	104	104	104
FAM131C	0	104	104	104
FAM132A	0	104	104	104
FAM213B	0	104	104	104
FAM231A	0	104	104	104
FAM231B	0	104	104	104
FAM231C	0	104	104	104
FAM41C	0	104	104	104
FAM87B	0	104	104	104
FBLIM1	0	104	104	104
FBXO2	0	104	104	104
FBXO42	0	104	104	104
FBXO44	0	104	104	104
FBXO6	0	104	104	104
FHAD1	0	104	104	104
FLJ37453	0	104	104	104
FNDC10	0	104	104	104
GABRD	0	104	104	104
GNB1	0	104	104	104
GPR153	0	104	104	104
GPR157	0	104	104	104
H6PD	0	104	104	104
HES2	0	104	104	104
HES3	0	104	104	104
HES4	0	104	104	104
HES5	0	104	104	104
HNRNPCL1	0	104	104	104
HNRNPCL2	0	104	104	104
HNRNPCL3	0	104	104	104
HNRNPCL4	0	104	104	104
HSPB7	0	104	104	104
HTR6	0	104	104	104
ICMT	0	104	104	104
IFFO2	0	104	104	104
IGSF21	0	104	104	104
ISG15	0	104	104	104
KAZN	0	104	104	104
KCNAB2	0	104	104	104
KIAA2013	0	104	104	104
KIF1B	0	104	104	104
KLHDC7A	0	104	104	104
KLHL17	0	104	104	104
KLHL21	0	104	104	104
LINC00115	0	104	104	104
LINC00337	0	104	104	104
LINC00982	0	104	104	104
LINC01128	0	104	104	104
LINC01134	0	104	104	104
LINC01342	0	104	104	104
LINC01346	0	104	104	104
LOC100129534	0	104	104	104
LOC100130417	0	104	104	104
LOC100132062	0	104	104	104
LOC100132147	0	104	104	104
LOC100133331	0	104	104	104
LOC100288069	0	104	104	104
LOC100505887	0	104	104	104
LOC100506022	0	104	104	104
LOC100506730	0	104	104	104
LOC100996583	0	104	104	104
LOC101927876	0	104	104	104
LOC101927895	0	104	104	104
LOC101928626	0	104	104	104
LOC101929181	0	104	104	104
LOC102724312	0	104	104	104
LOC102724450	0	104	104	104
LOC102724539	0	104	104	104
LOC102724552	0	104	104	104
LOC102724571	0	104	104	104
LOC102724659	0	104	104	104
LOC105376736	0	104	104	104
LOC105376805	0	104	104	104
LOC105378591	0	104	104	104
LOC105378614	0	104	104	104
LOC115110	0	104	104	104
LOC148413	0	104	104	104
LOC284661	0	104	104	104
LOC729737	0	104	104	104
LRRC38	0	104	104	104
LRRC47	0	104	104	104
LZIC	0	104	104	104
MAD2L2	0	104	104	104
MASP2	0	104	104	104
MEGF6	0	104	104	104
MFAP2	0	104	104	104
MFN2	0	104	104	104
MIB2	0	104	104	104
MIIP	0	104	104	104
MINOS1	0	104	104	104
MINOS1-NBL1	0	104	104	104
MIR1273D	0	104	104	104
MIR1290	0	104	104	104
MIR200A	0	104	104	104
MIR200B	0	104	104	104
MIR34A	0	104	104	104
MIR34AHG	0	104	104	104
MIR3675	0	104	104	104
MIR3972	0	104	104	104
MIR4251	0	104	104	104
MIR4252	0	104	104	104
MIR429	0	104	104	104
MIR4417	0	104	104	104
MIR4632	0	104	104	104
MIR4689	0	104	104	104
MIR4695	0	104	104	104
MIR5096	0	104	104	104
MIR551A	0	104	104	104
MIR5697	0	104	104	104
MIR6723	0	104	104	104
MIR6726	0	104	104	104
MIR6727	0	104	104	104
MIR6728	0	104	104	104
MIR6729	0	104	104	104
MIR6730	0	104	104	104
MIR6808	0	104	104	104
MIR7846	0	104	104	104
MMEL1	0	104	104	104
MMP23A	0	104	104	104
MMP23B	0	104	104	104
MORN1	0	104	104	104
MRPL20	0	104	104	104
MRTO4	0	104	104	104
MST1L	0	104	104	104
MST1P2	0	104	104	104
MTHFR	0	104	104	104
MTOR	0	104	104	104
MTOR-AS1	0	104	104	104
MXRA8	0	104	104	104
NADK	0	104	104	104
NBL1	0	104	104	104
NBPF1	0	104	104	104
NECAP2	0	104	104	104
NMNAT1	0	104	104	104
NOC2L	0	104	104	104
NOL9	0	104	104	104
NPHP4	0	104	104	104
NPPA	0	104	104	104
NPPA-AS1	0	104	104	104
NPPB	0	104	104	104
OR4F16	0	104	104	104
OR4F29	0	104	104	104
OR4F5	0	104	104	104
OTUD3	0	104	104	104
PADI1	0	104	104	104
PADI2	0	104	104	104
PADI3	0	104	104	104
PADI4	0	104	104	104
PADI6	0	104	104	104
PANK4	0	104	104	104
PARK7	0	104	104	104
PAX7	0	104	104	104
PDPN	0	104	104	104
PER3	0	104	104	104
PERM1	0	104	104	104
PEX10	0	104	104	104
PEX14	0	104	104	104
PGD	0	104	104	104
PHF13	0	104	104	104
PIK3CD	0	104	104	104
PIK3CD-AS1	0	104	104	104
PIK3CD-AS2	0	104	104	104
PLA2G2A	0	104	104	104
PLA2G2E	0	104	104	104
PLA2G5	0	104	104	104
PLCH2	0	104	104	104
PLEKHG5	0	104	104	104
PLEKHM2	0	104	104	104
PLEKHN1	0	104	104	104
PLOD1	0	104	104	104
PQLC2	0	104	104	104
PRAMEF1	0	104	104	104
PRAMEF10	0	104	104	104
PRAMEF11	0	104	104	104
PRAMEF12	0	104	104	104
PRAMEF13	0	104	104	104
PRAMEF14	0	104	104	104
PRAMEF15	0	104	104	104
PRAMEF17	0	104	104	104
PRAMEF18	0	104	104	104
PRAMEF19	0	104	104	104
PRAMEF2	0	104	104	104
PRAMEF20	0	104	104	104
PRAMEF22	0	104	104	104
PRAMEF25	0	104	104	104
PRAMEF26	0	104	104	104
PRAMEF27	0	104	104	104
PRAMEF33P	0	104	104	104
PRAMEF34P	0	104	104	104
PRAMEF4	0	104	104	104
PRAMEF5	0	104	104	104
PRAMEF6	0	104	104	104
PRAMEF7	0	104	104	104
PRAMEF8	0	104	104	104
PRDM16	0	104	104	104
PRDM2	0	104	104	104
PRKCZ	0	104	104	104
PUSL1	0	104	104	104
RBP7	0	104	104	104
RCC2	0	104	104	104
RER1	0	104	104	104
RERE	0	104	104	104
RNF186	0	104	104	104
RNF207	0	104	104	104
RNF223	0	104	104	104
RNU5E-1	0	104	104	104
RNU6-8	0	104	104	104
RPL22	0	104	104	104
RPS14P3	0	104	104	104
RSC1A1	0	104	104	104
RSG1	0	104	104	104
SAMD11	0	104	104	104
SCNN1D	0	104	104	104
SDF4	0	104	104	104
SDHB	0	104	104	104
SKI	0	104	104	104
SLC25A33	0	104	104	104
SLC25A34	0	104	104	104
SLC2A5	0	104	104	104
SLC2A7	0	104	104	104
SLC35E2	0	104	104	104
SLC35E2B	0	104	104	104
SLC45A1	0	104	104	104
SMIM1	0	104	104	104
SNORA59A	0	104	104	104
SNORD128	0	104	104	104
SPATA21	0	104	104	104
SPEN	0	104	104	104
SPSB1	0	104	104	104
SRM	0	104	104	104
SSU72	0	104	104	104
SZRD1	0	104	104	104
TARDBP	0	104	104	104
TAS1R1	0	104	104	104
TAS1R2	0	104	104	104
TAS1R3	0	104	104	104
THAP3	0	104	104	104
TMCO4	0	104	104	104
TMEM201	0	104	104	104
TMEM240	0	104	104	104
TMEM51	0	104	104	104
TMEM51-AS1	0	104	104	104
TMEM52	0	104	104	104
TMEM82	0	104	104	104
TMEM88B	0	104	104	104
TNFRSF14	0	104	104	104
TNFRSF18	0	104	104	104
TNFRSF1B	0	104	104	104
TNFRSF25	0	104	104	104
TNFRSF4	0	104	104	104
TNFRSF8	0	104	104	104
TNFRSF9	0	104	104	104
TP73	0	104	104	104
TP73-AS1	0	104	104	104
TPRG1L	0	104	104	104
TTC34	0	104	104	104
TTLL10	0	104	104	104
UBE2J2	0	104	104	104
UBE4B	0	104	104	104
UBIAD1	0	104	104	104
UBR4	0	104	104	104
UQCRHL	0	104	104	104
UTS2	0	104	104	104
VAMP3	0	104	104	104
VPS13D	0	104	104	104
VWA1	0	104	104	104
WASH7P	0	104	104	104
WRAP73	0	104	104	104
ZBTB17	0	104	104	104
ZBTB48	0	104	104	104
hsa-mir-551a	0	104	104	104
ADAMTS17	102	0	102	102
ALDH1A3	102	0	102	102
APIP	102	0	102	102
ARRDC4	102	0	102	102
ASB7	102	0	102	102
CD44	102	0	102	102
CERS3	102	0	102	102
CERS3-AS1	102	0	102	102
CHSY1	102	0	102	102
DDX11L9	102	0	102	102
DNM1P46	102	0	102	102
EHF	102	0	102	102
ELF5	102	0	102	102
FAM138E	102	0	102	102
FAM169B	102	0	102	102
HSP90B2P	102	0	102	102
IGF1R	102	0	102	102
IRAIN	102	0	102	102
LINC00923	102	0	102	102
LINC01582	102	0	102	102
LINS1	102	0	102	102
LOC100128108	102	0	102	102
LOC100507144	102	0	102	102
LOC100507472	102	0	102	102
LOC101927751	102	0	102	102
LOC102723335	102	0	102	102
LOC400464	102	0	102	102
LRRC28	102	0	102	102
LRRK1	102	0	102	102
LUNAR1	102	0	102	102
LYSMD4	102	0	102	102
MEF2A	102	0	102	102
MIR1343	102	0	102	102
MIR4714	102	0	102	102
OR4F13P	102	0	102	102
OR4F15	102	0	102	102
OR4F4	102	0	102	102
OR4F6	102	0	102	102
PCSK6	102	0	102	102
PCSK6-AS1	102	0	102	102
PDHX	102	0	102	102
PGPEP1L	102	0	102	102
PRKXP1	102	0	102	102
SLC1A2	102	0	102	102
SNRPA1	102	0	102	102
SPATA41	102	0	102	102
SYNM	102	0	102	102
TARSL2	102	0	102	102
TM2D3	102	0	102	102
TTC23	102	0	102	102
VIMP	102	0	102	102
WASH3P	102	0	102	102
FOXC1	0	101	101	101
FOXCUT	0	101	101	101
FOXF2	0	101	101	101
FOXQ1	0	101	101	101
GMDS	0	101	101	101
MIR6720	0	101	101	101
ANKRD20A1	0	99	99	99
ANKRD20A2	0	99	99	99
ANKRD20A3	0	99	99	99
ANKRD20A4	0	99	99	99
AQP7P1	0	99	99	99
AQP7P3	0	99	99	99
CBWD3	0	99	99	99
CBWD5	0	99	99	99
CBWD6	0	99	99	99
CNTNAP3	0	99	99	99
CNTNAP3B	0	99	99	99
CNTNAP3P2	0	99	99	99
FAM201A	0	99	99	99
FAM27B	0	99	99	99
FAM27C	0	99	99	99
FAM27E2	0	99	99	99
FAM27E3	0	99	99	99
FAM74A1	0	99	99	99
FAM74A3	0	99	99	99
FAM74A4	0	99	99	99
FAM74A7	0	99	99	99
FAM95B1	0	99	99	99
FGF7P3	0	99	99	99
FGF7P6	0	99	99	99
FLJ43315	0	99	99	99
FOXD4L3	0	99	99	99
FOXD4L4	0	99	99	99
FOXD4L5	0	99	99	99
FOXD4L6	0	99	99	99
FRG1HP	0	99	99	99
FRG1JP	0	99	99	99
GLIDR	0	99	99	99
GXYLT1P3	0	99	99	99
LINC01189	0	99	99	99
LINC01410	0	99	99	99
LOC100132249	0	99	99	99
LOC101927827	0	99	99	99
LOC101928195	0	99	99	99
LOC101928381	0	99	99	99
LOC101929583	0	99	99	99
LOC102723709	0	99	99	99
LOC102724238	0	99	99	99
LOC102724580	0	99	99	99
LOC102725126	0	99	99	99
LOC103908605	0	99	99	99
LOC105376064	0	99	99	99
LOC105379450	0	99	99	99
LOC286297	0	99	99	99
LOC403323	0	99	99	99
LOC440896	0	99	99	99
LOC554249	0	99	99	99
LOC642929	0	99	99	99
LOC728673	0	99	99	99
MIR1299	0	99	99	99
MIR4477A	0	99	99	99
PGM5	0	99	99	99
PGM5-AS1	0	99	99	99
PGM5P2	0	99	99	99
PTGER4P2-CDK2AP2P2	0	99	99	99
SPATA31A1	0	99	99	99
SPATA31A3	0	99	99	99
SPATA31A5	0	99	99	99
SPATA31A6	0	99	99	99
SPATA31A7	0	99	99	99
XLOC_007697	0	99	99	99
ZNF658	0	99	99	99
ZNF658B	0	99	99	99
BEST3	98	0	98	98
CCT2	98	0	98	98
CPM	98	0	98	98
CPSF6	98	0	98	98
FRS2	98	0	98	98
LOC101928002	98	0	98	98
LRRC10	98	0	98	98
LYZ	98	0	98	98
MDM2	98	0	98	98
MIR1279	98	0	98	98
MIR3913-1	98	0	98	98
MIR3913-2	98	0	98	98
MYRFL	98	0	98	98
RAB3IP	98	0	98	98
YEATS4	98	0	98	98
ACAT2	0	95	95	95
ADGB	0	95	95	95
AFDN	0	95	95	95
AFDN-AS1	0	95	95	95
AGPAT4	0	95	95	95
AGPAT4-IT1	0	95	95	95
AIRN	0	95	95	95
AKAP12	0	95	95	95
ARID1B	0	95	95	95
ARMT1	0	95	95	95
C6orf118	0	95	95	95
C6orf120	0	95	95	95
C6orf99	0	95	95	95
CAHM	0	95	95	95
CCDC170	0	95	95	95
CCR6	0	95	95	95
CLDN20	0	95	95	95
CNKSR3	0	95	95	95
DACT2	0	95	95	95
DKFZp451B082	0	95	95	95
DLL1	0	95	95	95
DYNLT1	0	95	95	95
EPM2A	0	95	95	95
ERBB2	95	0	95	95
ERMARD	0	95	95	95
ESR1	0	95	95	95
EZR	0	95	95	95
EZR-AS1	0	95	95	95
FAM120B	0	95	95	95
FBXO30	0	95	95	95
FBXO5	0	95	95	95
FGFR1OP	0	95	95	95
FNDC1	0	95	95	95
FRMD1	0	95	95	95
FUCA2	0	95	95	95
GINM1	0	95	95	95
GPR31	0	95	95	95
GRB7	95	0	95	95
GRM1	0	95	95	95
GTF2H5	0	95	95	95
HGC6.3	0	95	95	95
HYMAI	0	95	95	95
IGF2R	0	95	95	95
IPCEF1	0	95	95	95
IYD	0	95	95	95
KATNA1	0	95	95	95
KATNBL1P6	0	95	95	95
KIF25	0	95	95	95
KIF25-AS1	0	95	95	95
LATS1	0	95	95	95
LINC00242	0	95	95	95
LINC00473	0	95	95	95
LINC00574	0	95	95	95
LINC00602	0	95	95	95
LINC01558	0	95	95	95
LINC01615	0	95	95	95
LINC01624	0	95	95	95
LOC100129518	0	95	95	95
LOC100131532	0	95	95	95
LOC100289495	0	95	95	95
LOC100507557	0	95	95	95
LOC101928661	0	95	95	95
LOC101929122	0	95	95	95
LOC101929297	0	95	95	95
LOC101929420	0	95	95	95
LOC101929460	0	95	95	95
LOC101929504	0	95	95	95
LOC101929523	0	95	95	95
LOC102723831	0	95	95	95
LOC102724053	0	95	95	95
LOC102724152	0	95	95	95
LOC102724357	0	95	95	95
LOC102724511	0	95	95	95
LOC105378047	0	95	95	95
LOC105378052	0	95	95	95
LOC105378068	0	95	95	95
LOC105378098	0	95	95	95
LOC105378123	0	95	95	95
LOC105378127	0	95	95	95
LOC105378137	0	95	95	95
LOC105378146	0	95	95	95
LOC154449	0	95	95	95
LOC285804	0	95	95	95
LOC401286	0	95	95	95
LOC441178	0	95	95	95
LOC645967	0	95	95	95
LOC729603	0	95	95	95
LPA	0	95	95	95
LPAL2	0	95	95	95
LRP11	0	95	95	95
LTV1	0	95	95	95
LUADT1	0	95	95	95
MAP3K4	0	95	95	95
MAS1	0	95	95	95
MEAT6	0	95	95	95
MIEN1	95	0	95	95
MIR1202	0	95	95	95
MIR1273C	0	95	95	95
MIR1913	0	95	95	95
MIR3692	0	95	95	95
MIR3918	0	95	95	95
MIR3939	0	95	95	95
MIR4466	0	95	95	95
MIR4644	0	95	95	95
MIR4728	95	0	95	95
MIR7161	0	95	95	95
MPC1	0	95	95	95
MRPL18	0	95	95	95
MTHFD1L	0	95	95	95
MTRF1L	0	95	95	95
MYCT1	0	95	95	95
NOX3	0	95	95	95
NUP43	0	95	95	95
OPRM1	0	95	95	95
OSTCP1	0	95	95	95
PACRG	0	95	95	95
PACRG-AS1	0	95	95	95
PACRG-AS2	0	95	95	95
PACRG-AS3	0	95	95	95
PARK2	0	95	95	95
PCMT1	0	95	95	95
PDCD2	0	95	95	95
PDE10A	0	95	95	95
PEX3	0	95	95	95
PHACTR2	0	95	95	95
PHACTR2-AS1	0	95	95	95
PHF10	0	95	95	95
PLAGL1	0	95	95	95
PLEKHG1	0	95	95	95
PLG	0	95	95	95
PNLDC1	0	95	95	95
PPIL4	0	95	95	95
PPP1R14C	0	95	95	95
PRR18	0	95	95	95
PSMB1	0	95	95	95
QKI	0	95	95	95
RAB32	0	95	95	95
RAET1E	0	95	95	95
RAET1E-AS1	0	95	95	95
RAET1G	0	95	95	95
RAET1K	0	95	95	95
RAET1L	0	95	95	95
RGS17	0	95	95	95
RMND1	0	95	95	95
RNASET2	0	95	95	95
RPS18P9	0	95	95	95
RPS6KA2	0	95	95	95
RPS6KA2-AS1	0	95	95	95
RPS6KA2-IT1	0	95	95	95
RSPH3	0	95	95	95
SAMD5	0	95	95	95
SASH1	0	95	95	95
SCAF8	0	95	95	95
SERAC1	0	95	95	95
SF3B5	0	95	95	95
SFT2D1	0	95	95	95
SHPRH	0	95	95	95
SLC22A1	0	95	95	95
SLC22A2	0	95	95	95
SLC22A3	0	95	95	95
SMOC2	0	95	95	95
SNORA20	0	95	95	95
SNORA29	0	95	95	95
SNORA98	0	95	95	95
SNX9	0	95	95	95
SOD2	0	95	95	95
STX11	0	95	95	95
STXBP5	0	95	95	95
STXBP5-AS1	0	95	95	95
SUMO4	0	95	95	95
SYNE1	0	95	95	95
SYNE1-AS1	0	95	95	95
SYNJ2	0	95	95	95
SYNJ2-IT1	0	95	95	95
SYTL3	0	95	95	95
T	0	95	95	95
TAB2	0	95	95	95
TAGAP	0	95	95	95
TBP	0	95	95	95
TCP1	0	95	95	95
TCP10	0	95	95	95
TCP10L2	0	95	95	95
TCTE3	0	95	95	95
TFB1M	0	95	95	95
THBS2	0	95	95	95
TIAM2	0	95	95	95
TMEM181	0	95	95	95
TMEM242	0	95	95	95
TTLL2	0	95	95	95
TULP4	0	95	95	95
ULBP1	0	95	95	95
ULBP2	0	95	95	95
ULBP3	0	95	95	95
UNC93A	0	95	95	95
UST	0	95	95	95
UST-AS1	0	95	95	95
UTRN	0	95	95	95
VIP	0	95	95	95
WDR27	0	95	95	95
WTAP	0	95	95	95
ZBTB2	0	95	95	95
ZC2HC1B	0	95	95	95
ZC3H12D	0	95	95	95
ZDHHC14	0	95	95	95
A1BG	0	94	94	94
A1BG-AS1	0	94	94	94
AURKC	0	94	94	94
C19orf18	0	94	94	94
CENPBD1P1	0	94	94	94
CHMP2A	0	94	94	94
DUXA	0	94	94	94
FKBP1AP1	0	94	94	94
LOC100128398	0	94	94	94
LOC105372476	0	94	94	94
LOC105372483	0	94	94	94
MIMT1	0	94	94	94
MIR4754	0	94	94	94
MIR6806	0	94	94	94
MIR6807	0	94	94	94
MZF1	0	94	94	94
MZF1-AS1	0	94	94	94
PEG3	0	94	94	94
PEG3-AS1	0	94	94	94
RNF225	0	94	94	94
RPS5	0	94	94	94
SLC27A5	0	94	94	94
TRAPPC2B	0	94	94	94
TRIM28	0	94	94	94
UBE2M	0	94	94	94
USP29	0	94	94	94
VN1R1	0	94	94	94
ZBTB45	0	94	94	94
ZIK1	0	94	94	94
ZIM2	0	94	94	94
ZIM2-AS1	0	94	94	94
ZIM3	0	94	94	94
ZNF132	0	94	94	94
ZNF134	0	94	94	94
ZNF135	0	94	94	94
ZNF154	0	94	94	94
ZNF17	0	94	94	94
ZNF211	0	94	94	94
ZNF256	0	94	94	94
ZNF264	0	94	94	94
ZNF274	0	94	94	94
ZNF304	0	94	94	94
ZNF324	0	94	94	94
ZNF324B	0	94	94	94
ZNF329	0	94	94	94
ZNF416	0	94	94	94
ZNF417	0	94	94	94
ZNF418	0	94	94	94
ZNF419	0	94	94	94
ZNF446	0	94	94	94
ZNF460	0	94	94	94
ZNF497	0	94	94	94
ZNF530	0	94	94	94
ZNF543	0	94	94	94
ZNF544	0	94	94	94
ZNF547	0	94	94	94
ZNF548	0	94	94	94
ZNF549	0	94	94	94
ZNF550	0	94	94	94
ZNF551	0	94	94	94
ZNF552	0	94	94	94
ZNF584	0	94	94	94
ZNF586	0	94	94	94
ZNF587	0	94	94	94
ZNF587B	0	94	94	94
ZNF606	0	94	94	94
ZNF671	0	94	94	94
ZNF749	0	94	94	94
ZNF772	0	94	94	94
ZNF773	0	94	94	94
ZNF776	0	94	94	94
ZNF8	0	94	94	94
ZNF805	0	94	94	94
ZNF814	0	94	94	94
ZNF837	0	94	94	94
ZSCAN1	0	94	94	94
ZSCAN18	0	94	94	94
ZSCAN22	0	94	94	94
ZSCAN4	0	94	94	94
hsa-mir-1274b	0	94	94	94
ACP7	90	0	90	90
C9orf163	0	90	90	90
DLL3	90	0	90	90
EID2	90	0	90	90
EID2B	90	0	90	90
FBXO17	90	0	90	90
FBXO27	90	0	90	90
GMFG	90	0	90	90
IFNL1	90	0	90	90
IFNL2	90	0	90	90
IFNL3	90	0	90	90
IFNL4	90	0	90	90
LGALS13	90	0	90	90
LGALS16	90	0	90	90
LGALS17A	90	0	90	90
LOC100129935	90	0	90	90
LRFN1	90	0	90	90
MED29	90	0	90	90
MIR4530	90	0	90	90
MIR4673	0	90	90	90
MIR4674	0	90	90	90
NALT1	0	90	90	90
NCCRP1	90	0	90	90
NOTCH1	0	90	90	90
PAF1	90	0	90	90
PAK4	90	0	90	90
PLEKHG2	90	0	90	90
RPS16	90	0	90	90
SAMD4B	90	0	90	90
SELV	90	0	90	90
SUPT5H	90	0	90	90
SYCN	90	0	90	90
TIMM50	90	0	90	90
ZFP36	90	0	90	90
ANKRD62P1-PARP4P3	0	88	88	88
ATP6V1E1	0	88	88	88
BCL2L13	0	88	88	88
BID	0	88	88	88
CCT8L2	0	88	88	88
CECR1	0	88	88	88
CECR2	0	88	88	88
CECR3	0	88	88	88
CECR5	0	88	88	88
CECR5-AS1	0	88	88	88
CECR6	0	88	88	88
CECR7	0	88	88	88
DUXAP8	0	88	88	88
GAB4	0	88	88	88
HSFY1P1	0	88	88	88
IL17RA	0	88	88	88
LINC00528	0	88	88	88
LINC01297	0	88	88	88
LOC100996342	0	88	88	88
LOC101929350	0	88	88	88
LOC101929372	0	88	88	88
LOC102723769	0	88	88	88
LOC102723780	0	88	88	88
MIR3198-1	0	88	88	88
OR11H1	0	88	88	88
POTEH	0	88	88	88
SLC25A18	0	88	88	88
TPTEP1	0	88	88	88
XKR3	0	88	88	88
ABHD4	0	87	87	87
ACIN1	0	87	87	87
ADCY4	0	87	87	87
AJUBA	0	87	87	87
ANG	0	87	87	87
AP1G2	0	87	87	87
APEX1	0	87	87	87
ARHGEF40	0	87	87	87
BCL2L2	0	87	87	87
BCL2L2-PABPN1	0	87	87	87
C14orf119	0	87	87	87
C14orf93	0	87	87	87
CARMIL3	0	87	87	87
CBLN3	0	87	87	87
CCNB1IP1	0	87	87	87
CDH24	0	87	87	87
CEBPE	0	87	87	87
CHD8	0	87	87	87
CHMP4A	0	87	87	87
CIDEB	0	87	87	87
CMA1	0	87	87	87
CMTM5	0	87	87	87
CPNE6	0	87	87	87
CTSG	0	87	87	87
DAD1	0	87	87	87
DCAF11	0	87	87	87
DHRS1	0	87	87	87
DHRS2	0	87	87	87
DHRS4	0	87	87	87
DHRS4-AS1	0	87	87	87
DHRS4L1	0	87	87	87
DHRS4L2	0	87	87	87
DUXAP10	0	87	87	87
ECRP	0	87	87	87
EDDM3A	0	87	87	87
EDDM3B	0	87	87	87
EFS	0	87	87	87
EMC9	0	87	87	87
FITM1	0	87	87	87
GMPR2	0	87	87	87
GZMB	0	87	87	87
GZMH	0	87	87	87
HAUS4	0	87	87	87
HNRNPC	0	87	87	87
HOMEZ	0	87	87	87
IL25	0	87	87	87
IPO4	0	87	87	87
IRF9	0	87	87	87
JPH4	0	87	87	87
KHNYN	0	87	87	87
KLHL33	0	87	87	87
LINC00641	0	87	87	87
LINC00645	0	87	87	87
LINC01296	0	87	87	87
LOC100508046	0	87	87	87
LOC101926933	0	87	87	87
LOC101927045	0	87	87	87
LOC101927062	0	87	87	87
LOC101929572	0	87	87	87
LOC101929718	0	87	87	87
LOC102724814	0	87	87	87
LOC102724890	0	87	87	87
LOC254028	0	87	87	87
LOC642426	0	87	87	87
LRP10	0	87	87	87
LTB4R	0	87	87	87
LTB4R2	0	87	87	87
MDP1	0	87	87	87
METTL17	0	87	87	87
METTL3	0	87	87	87
MHRT	0	87	87	87
MIR208A	0	87	87	87
MIR208B	0	87	87	87
MIR3171	0	87	87	87
MIR4307	0	87	87	87
MIR4307HG	0	87	87	87
MIR4707	0	87	87	87
MIR6717	0	87	87	87
MIR7703	0	87	87	87
MMP14	0	87	87	87
MRPL52	0	87	87	87
MYH6	0	87	87	87
MYH7	0	87	87	87
NDRG2	0	87	87	87
NEDD8	0	87	87	87
NEDD8-MDP1	0	87	87	87
NFATC4	0	87	87	87
NGDN	0	87	87	87
NOP9	0	87	87	87
NOVA1	0	87	87	87
NRL	0	87	87	87
NYNRIN	0	87	87	87
OR10G2	0	87	87	87
OR10G3	0	87	87	87
OR11G2	0	87	87	87
OR11H12	0	87	87	87
OR11H2	0	87	87	87
OR11H4	0	87	87	87
OR11H6	0	87	87	87
OR4E1	0	87	87	87
OR4E2	0	87	87	87
OR4K1	0	87	87	87
OR4K13	0	87	87	87
OR4K14	0	87	87	87
OR4K15	0	87	87	87
OR4K17	0	87	87	87
OR4K2	0	87	87	87
OR4K5	0	87	87	87
OR4L1	0	87	87	87
OR4M1	0	87	87	87
OR4N2	0	87	87	87
OR4N5	0	87	87	87
OR4Q3	0	87	87	87
OR5AU1	0	87	87	87
OR6S1	0	87	87	87
OSGEP	0	87	87	87
OXA1L	0	87	87	87
PABPN1	0	87	87	87
PARP2	0	87	87	87
PCK2	0	87	87	87
PNP	0	87	87	87
POTEG	0	87	87	87
POTEM	0	87	87	87
PPP1R3E	0	87	87	87
PRMT5	0	87	87	87
PRMT5-AS1	0	87	87	87
PSMB11	0	87	87	87
PSMB5	0	87	87	87
PSME1	0	87	87	87
PSME2	0	87	87	87
RAB2B	0	87	87	87
RABGGTA	0	87	87	87
RBM23	0	87	87	87
REC8	0	87	87	87
REM2	0	87	87	87
RIPK3	0	87	87	87
RNASE1	0	87	87	87
RNASE10	0	87	87	87
RNASE11	0	87	87	87
RNASE12	0	87	87	87
RNASE13	0	87	87	87
RNASE2	0	87	87	87
RNASE3	0	87	87	87
RNASE4	0	87	87	87
RNASE6	0	87	87	87
RNASE7	0	87	87	87
RNASE8	0	87	87	87
RNASE9	0	87	87	87
RNF212B	0	87	87	87
RNF31	0	87	87	87
RPGRIP1	0	87	87	87
RPPH1	0	87	87	87
SALL2	0	87	87	87
SDR39U1	0	87	87	87
SLC22A17	0	87	87	87
SLC39A2	0	87	87	87
SLC7A7	0	87	87	87
SLC7A8	0	87	87	87
SNORD126	0	87	87	87
SNORD8	0	87	87	87
SNORD9	0	87	87	87
STXBP6	0	87	87	87
SUPT16H	0	87	87	87
TEP1	0	87	87	87
TGM1	0	87	87	87
THTPA	0	87	87	87
TINF2	0	87	87	87
TM9SF1	0	87	87	87
TMEM253	0	87	87	87
TMEM55B	0	87	87	87
TOX4	0	87	87	87
TPPP2	0	87	87	87
TSSK4	0	87	87	87
TTC5	0	87	87	87
ZFHX2	0	87	87	87
ZNF219	0	87	87	87
hsa-mir-1201	0	87	87	87
AQP4	85	0	85	85
AQP4-AS1	85	0	85	85
CHST9	85	0	85	85
KCTD1	85	0	85	85
LINC01543	85	0	85	85
MIR8057	85	0	85	85
PCAT18	85	0	85	85
PSMA8	85	0	85	85
SS18	85	0	85	85
TAF4B	85	0	85	85
ACCS	83	0	83	83
ALX4	83	0	83	83
AMBRA1	83	0	83	83
ARHGAP1	83	0	83	83
ATG13	83	0	83	83
C11orf94	83	0	83	83
CD82	83	0	83	83
CHRM4	83	0	83	83
CHST1	83	0	83	83
CKAP5	83	0	83	83
CREB3L1	83	0	83	83
CRY2	83	0	83	83
DGKZ	83	0	83	83
DKFZp779M0652	83	0	83	83
EXT2	83	0	83	83
F2	83	0	83	83
HARBI1	83	0	83	83
LARGE2	83	0	83	83
LOC100507384	83	0	83	83
LOC101928161	0	83	83	83
LOC101928185	0	83	83	83
LOC101928812	83	0	83	83
LOC101928894	83	0	83	83
LOC221122	83	0	83	83
LOC399886	83	0	83	83
MAPK8IP1	83	0	83	83
MDK	83	0	83	83
MIR3160-1	83	0	83	83
MIR3160-2	83	0	83	83
MIR4688	83	0	83	83
MIR5582	83	0	83	83
MIR7154	83	0	83	83
PEX16	83	0	83	83
PHF21A	83	0	83	83
PRDM11	83	0	83	83
SLC35C1	83	0	83	83
SNORD67	83	0	83	83
SYT13	83	0	83	83
TP53I11	83	0	83	83
TSPAN18	83	0	83	83
ZNF408	83	0	83	83
IMMP2L	0	82	82	82
LRRN3	0	82	82	82
ADAMTS3	79	0	79	79
AFM	79	0	79	79
AFP	79	0	79	79
ALB	79	0	79	79
AMBN	79	0	79	79
AMTN	79	0	79	79
ANKRD17	79	0	79	79
AREG	79	0	79	79
ART3	79	0	79	79
BTC	79	0	79	79
C4orf26	79	0	79	79
CABS1	79	0	79	79
CCDC158	79	0	79	79
CDKL2	79	0	79	79
CENPC	79	0	79	79
COX18	79	0	79	79
CSN1S1	79	0	79	79
CSN1S2AP	79	0	79	79
CSN1S2BP	79	0	79	79
CSN2	79	0	79	79
CSN3	79	0	79	79
CXCL1	79	0	79	79
CXCL10	79	0	79	79
CXCL11	79	0	79	79
CXCL2	79	0	79	79
CXCL3	79	0	79	79
CXCL5	79	0	79	79
CXCL6	79	0	79	79
CXCL8	79	0	79	79
CXCL9	79	0	79	79
DCK	79	0	79	79
ENAM	79	0	79	79
EPGN	79	0	79	79
EREG	79	0	79	79
FAM47E	79	0	79	79
FAM47E-STBD1	79	0	79	79
FDCSP	79	0	79	79
FTLP10	79	0	79	79
G3BP2	79	0	79	79
GC	79	0	79	79
GNRHR	79	0	79	79
GRSF1	79	0	79	79
HTN1	79	0	79	79
HTN3	79	0	79	79
JCHAIN	79	0	79	79
LOC100507388	79	0	79	79
LOC101927237	79	0	79	79
LOC101928809	79	0	79	79
LOC105377267	79	0	79	79
LOC441025	79	0	79	79
LOC550113	79	0	79	79
LOC728040	79	0	79	79
MOB1B	79	0	79	79
MTHFD2L	79	0	79	79
MUC7	79	0	79	79
NAAA	79	0	79	79
NPFFR2	79	0	79	79
NUP54	79	0	79	79
ODAM	79	0	79	79
OPRPN	79	0	79	79
PARM1	79	0	79	79
PF4	79	0	79	79
PF4V1	79	0	79	79
PPBP	79	0	79	79
PPBPP2	79	0	79	79
PPEF2	79	0	79	79
PRR27	79	0	79	79
RASSF6	79	0	79	79
RCHY1	79	0	79	79
RUFY3	79	0	79	79
SCARB2	79	0	79	79
SDAD1	79	0	79	79
SHROOM3	79	0	79	79
SLC4A4	79	0	79	79
SMR3A	79	0	79	79
SMR3B	79	0	79	79
STAP1	79	0	79	79
STATH	79	0	79	79
STBD1	79	0	79	79
SULT1B1	79	0	79	79
SULT1E1	79	0	79	79
SYT14P1	79	0	79	79
TBCD	0	79	79	79
THAP6	79	0	79	79
TMPRSS11A	79	0	79	79
TMPRSS11B	79	0	79	79
TMPRSS11BNL	79	0	79	79
TMPRSS11D	79	0	79	79
TMPRSS11E	79	0	79	79
TMPRSS11F	79	0	79	79
TMPRSS11GP	79	0	79	79
UBA6	79	0	79	79
UBA6-AS1	79	0	79	79
UGT2A1	79	0	79	79
UGT2A2	79	0	79	79
UGT2A3	79	0	79	79
UGT2B10	79	0	79	79
UGT2B11	79	0	79	79
UGT2B15	79	0	79	79
UGT2B17	79	0	79	79
UGT2B28	79	0	79	79
UGT2B4	79	0	79	79
UGT2B7	79	0	79	79
USO1	79	0	79	79
UTP3	79	0	79	79
YTHDC1	79	0	79	79
ZNF750	0	79	79	79
TRAF3	0	74	74	74
C10orf142	62	0	62	62
CSGALNACT2	62	0	62	62
CXCL12	62	0	62	62
FXYD4	62	0	62	62
HNRNPA3P1	62	0	62	62
HNRNPF	62	0	62	62
LINC00619	62	0	62	62
LINC00840	62	0	62	62
LINC00841	62	0	62	62
LOC102724264	62	0	62	62
RASGEF1A	62	0	62	62
RET	62	0	62	62
ZNF239	62	0	62	62
ZNF32	62	0	62	62
ZNF32-AS1	62	0	62	62
ZNF32-AS2	62	0	62	62
ZNF32-AS3	62	0	62	62
ZNF485	62	0	62	62
ZNF487	62	0	62	62
AUTS2	0	61	61	61
LOC100507468	0	61	61	61
ALG10	0	59	59	59
ALG10B	0	59	59	59
CPNE8	0	59	59	59
SYT10	0	59	59	59
ACP1	0	57	57	57
ADAM17	0	57	57	57
ADI1	0	57	57	57
ALLC	0	57	57	57
APOB	0	57	57	57
ASAP2	0	57	57	57
ATP6V1C2	0	57	57	57
C2orf48	0	57	57	57
C2orf50	0	57	57	57
CMPK2	0	57	57	57
COLEC11	0	57	57	57
CPSF3	0	57	57	57
CYS1	0	57	57	57
DCDC2C	0	57	57	57
DDX1	0	57	57	57
E2F6	0	57	57	57
FAM110C	0	57	57	57
FAM150B	0	57	57	57
FAM49A	0	57	57	57
FAM84A	0	57	57	57
FLJ33534	0	57	57	57
GACAT3	0	57	57	57
GDF7	0	57	57	57
GEN1	0	57	57	57
GREB1	0	57	57	57
GRHL1	0	57	57	57
HPCAL1	0	57	57	57
HS1BP3	0	57	57	57
HS1BP3-IT1	0	57	57	57
IAH1	0	57	57	57
ID2	0	57	57	57
ID2-AS1	0	57	57	57
ITGB1BP1	0	57	57	57
KCNF1	0	57	57	57
KCNS3	0	57	57	57
KIDINS220	0	57	57	57
KLF11	0	57	57	57
LAPTM4A	0	57	57	57
LDAH	0	57	57	57
LINC00276	0	57	57	57
LINC00298	0	57	57	57
LINC00299	0	57	57	57
LINC00487	0	57	57	57
LINC00570	0	57	57	57
LINC00954	0	57	57	57
LINC01105	0	57	57	57
LINC01115	0	57	57	57
LINC01246	0	57	57	57
LINC01247	0	57	57	57
LINC01248	0	57	57	57
LINC01249	0	57	57	57
LINC01250	0	57	57	57
LINC01304	0	57	57	57
LINC01376	0	57	57	57
LOC100506274	0	57	57	57
LOC100506474	0	57	57	57
LOC101060385	0	57	57	57
LOC101060391	0	57	57	57
LOC101926966	0	57	57	57
LOC101928222	0	57	57	57
LOC101929452	0	57	57	57
LOC101929551	0	57	57	57
LOC101929567	0	57	57	57
LOC101929715	0	57	57	57
LOC101929733	0	57	57	57
LOC101929882	0	57	57	57
LOC102723362	0	57	57	57
LOC105373352	0	57	57	57
LOC105373394	0	57	57	57
LOC400940	0	57	57	57
LOC645949	0	57	57	57
LOC653602	0	57	57	57
LPIN1	0	57	57	57
MATN3	0	57	57	57
MBOAT2	0	57	57	57
MIR3125	0	57	57	57
MIR3681	0	57	57	57
MIR3681HG	0	57	57	57
MIR4261	0	57	57	57
MIR4262	0	57	57	57
MIR4429	0	57	57	57
MIR4757	0	57	57	57
MIR548S	0	57	57	57
MIR7158	0	57	57	57
MIR7515	0	57	57	57
MIR7515HG	0	57	57	57
MSGN1	0	57	57	57
MYCN	0	57	57	57
MYCNOS	0	57	57	57
MYCNUT	0	57	57	57
MYT1L	0	57	57	57
MYT1L-AS1	0	57	57	57
NBAS	0	57	57	57
NOL10	0	57	57	57
NRIR	0	57	57	57
NT5C1B	0	57	57	57
NT5C1B-RDH14	0	57	57	57
NTSR2	0	57	57	57
ODC1	0	57	57	57
OSR1	0	57	57	57
PDIA6	0	57	57	57
PQLC3	0	57	57	57
PUM2	0	57	57	57
PXDN	0	57	57	57
RAD51AP2	0	57	57	57
RDH14	0	57	57	57
RHOB	0	57	57	57
RNASEH1	0	57	57	57
RNASEH1-AS1	0	57	57	57
RNF144A	0	57	57	57
RNF144A-AS1	0	57	57	57
ROCK2	0	57	57	57
RPS7	0	57	57	57
RRM2	0	57	57	57
RSAD2	0	57	57	57
SDC1	0	57	57	57
SH3YL1	0	57	57	57
SMC6	0	57	57	57
SNORA80B	0	57	57	57
SNTG2	0	57	57	57
SOX11	0	57	57	57
TAF1B	0	57	57	57
TDRD15	0	57	57	57
TMEM18	0	57	57	57
TPO	0	57	57	57
TRAPPC12	0	57	57	57
TRIB2	0	57	57	57
TSSC1	0	57	57	57
TTC32	0	57	57	57
VSNL1	0	57	57	57
WDR35	0	57	57	57
YWHAQ	0	57	57	57
CNST	0	54	54	54
KIF26B	0	54	54	54
LINC01341	0	54	54	54
LOC255654	0	54	54	54
SCCPDH	0	54	54	54
SMYD3	0	54	54	54
TFB2M	0	54	54	54
LINC00673	0	44	44	44
LOC101927926	0	41	41	41
LOC101927948	0	41	41	41
LOC101927967	0	41	41	41
SNAR-H	0	41	41	41
