Hugo_Symbol	Amp	Del	total	AlteredSamples
MIR7641-2	162	348	510	277
MIR6859-1	52	356	408	239
MIR6859-2	52	356	408	239
MIR6859-3	52	356	408	239
MIR5096	65	342	407	206
MIR1302-10	52	334	386	245
MIR1302-11	52	334	386	245
MIR1302-2	52	334	386	245
MIR1302-9	52	334	386	245
ABCG2	0	342	342	178
ADAMTS3	0	342	342	178
ADH1A	0	342	342	178
ADH1B	0	342	342	178
ADH1C	0	342	342	178
ADH4	0	342	342	178
ADH5	0	342	342	178
ADH6	0	342	342	178
ADH7	0	342	342	178
AFF1	0	342	342	178
AFM	0	342	342	178
AFP	0	342	342	178
ALB	0	342	342	178
AMBN	0	342	342	178
AMTN	0	342	342	178
ANKRD17	0	342	342	178
ANTXR2	0	342	342	178
ANXA3	0	342	342	178
AREG	0	342	342	178
ARHGAP24	0	342	342	178
ART3	0	342	342	178
ATOH1	0	342	342	178
BMP2K	0	342	342	178
BMP3	0	342	342	178
BMPR1B	0	342	342	178
BMPR1B-AS1	0	342	342	178
BTC	0	342	342	178
C4orf17	0	342	342	178
C4orf22	0	342	342	178
C4orf26	0	342	342	178
C4orf36	0	342	342	178
CABS1	0	342	342	178
CCDC158	0	342	342	178
CCNG2	0	342	342	178
CCNI	0	342	342	178
CCSER1	0	342	342	178
CDKL2	0	342	342	178
CDS1	0	342	342	178
CENPC	0	342	342	178
CNOT6L	0	342	342	178
COPS4	0	342	342	178
COQ2	0	342	342	178
COX18	0	342	342	178
CSN1S1	0	342	342	178
CSN1S2AP	0	342	342	178
CSN1S2BP	0	342	342	178
CSN2	0	342	342	178
CSN3	0	342	342	178
CXCL1	0	342	342	178
CXCL10	0	342	342	178
CXCL11	0	342	342	178
CXCL13	0	342	342	178
CXCL2	0	342	342	178
CXCL3	0	342	342	178
CXCL5	0	342	342	178
CXCL6	0	342	342	178
CXCL8	0	342	342	178
CXCL9	0	342	342	178
DAPP1	0	342	342	178
DCK	0	342	342	178
DDIT4L	0	342	342	178
DMP1	0	342	342	178
DNAJB14	0	342	342	178
DSPP	0	342	342	178
EIF4E	0	342	342	178
ENAM	0	342	342	178
ENOPH1	0	342	342	178
EPGN	0	342	342	178
EPHA5-AS1	0	342	342	178
EREG	0	342	342	178
FAM13A	0	342	342	178
FAM13A-AS1	0	342	342	178
FAM175A	0	342	342	178
FAM47E	0	342	342	178
FAM47E-STBD1	0	342	342	178
FDCSP	0	342	342	178
FGF5	0	342	342	178
FRAS1	0	342	342	178
FTLP10	0	342	342	178
G3BP2	0	342	342	178
GC	0	342	342	178
GK2	0	342	342	178
GNRHR	0	342	342	178
GPAT3	0	342	342	178
GPRIN3	0	342	342	178
GRID2	0	342	342	178
GRSF1	0	342	342	178
H2AFZ	0	342	342	178
HELQ	0	342	342	178
HERC3	0	342	342	178
HERC5	0	342	342	178
HERC6	0	342	342	178
HNRNPD	0	342	342	178
HNRNPDL	0	342	342	178
HPGDS	0	342	342	178
HPSE	0	342	342	178
HSD17B11	0	342	342	178
HSD17B13	0	342	342	178
HTN1	0	342	342	178
HTN3	0	342	342	178
IBSP	0	342	342	178
JCHAIN	0	342	342	178
KLHL8	0	342	342	178
LAMTOR3	0	342	342	178
LIN54	0	342	342	178
LINC00575	0	342	342	178
LINC00989	0	342	342	178
LINC01088	0	342	342	178
LINC01094	0	342	342	178
LOC100506746	0	342	342	178
LOC100507053	0	342	342	178
LOC100507388	0	342	342	178
LOC101927237	0	342	342	178
LOC101928809	0	342	342	178
LOC101928942	0	342	342	178
LOC101928978	0	342	342	178
LOC101929064	0	342	342	178
LOC101929134	0	342	342	178
LOC101929194	0	342	342	178
LOC101929210	0	342	342	178
LOC101929353	0	342	342	178
LOC105369192	0	342	342	178
LOC105377267	0	342	342	178
LOC256880	0	342	342	178
LOC441025	0	342	342	178
LOC550113	0	342	342	178
LOC728040	0	342	342	178
MAPK10	0	342	342	178
MEPE	0	342	342	178
METAP1	0	342	342	178
MIR1269A	0	342	342	178
MIR3684	0	342	342	178
MIR4450	0	342	342	178
MIR4451	0	342	342	178
MIR4452	0	342	342	178
MIR548AH	0	342	342	178
MIR5705	0	342	342	178
MIR575	0	342	342	178
MMRN1	0	342	342	178
MOB1B	0	342	342	178
MRPL1	0	342	342	178
MRPS18C	0	342	342	178
MTHFD2L	0	342	342	178
MTTP	0	342	342	178
MUC7	0	342	342	178
NAA11	0	342	342	178
NAAA	0	342	342	178
NAP1L5	0	342	342	178
NKX6-1	0	342	342	178
NPFFR2	0	342	342	178
NUDT9	0	342	342	178
NUP54	0	342	342	178
ODAM	0	342	342	178
OPRPN	0	342	342	178
PAQR3	0	342	342	178
PARM1	0	342	342	178
PCAT4	0	342	342	178
PCNAP1	0	342	342	178
PDHA2	0	342	342	178
PDLIM5	0	342	342	178
PF4	0	342	342	178
PF4V1	0	342	342	178
PIGY	0	342	342	178
PKD2	0	342	342	178
PLAC8	0	342	342	178
PPBP	0	342	342	178
PPBPP2	0	342	342	178
PPEF2	0	342	342	178
PPM1K	0	342	342	178
PRDM8	0	342	342	178
PRKG2	0	342	342	178
PRR27	0	342	342	178
PTPN13	0	342	342	178
RAP1GDS1	0	342	342	178
RASGEF1B	0	342	342	178
RASSF6	0	342	342	178
RCHY1	0	342	342	178
RUFY3	0	342	342	178
SCARB2	0	342	342	178
SCD5	0	342	342	178
SDAD1	0	342	342	178
SEC31A	0	342	342	178
SEPT11	0	342	342	178
SHROOM3	0	342	342	178
SLC10A6	0	342	342	178
SLC4A4	0	342	342	178
SMARCAD1	0	342	342	178
SMR3A	0	342	342	178
SMR3B	0	342	342	178
SNCA	0	342	342	178
SNCA-AS1	0	342	342	178
SNORA101A	0	342	342	178
SNORD143	0	342	342	178
SNORD144	0	342	342	178
SOWAHB	0	342	342	178
SPARCL1	0	342	342	178
SPP1	0	342	342	178
STAP1	0	342	342	178
STATH	0	342	342	178
STBD1	0	342	342	178
STPG2	0	342	342	178
STPG2-AS1	0	342	342	178
SULT1B1	0	342	342	178
SULT1E1	0	342	342	178
SYT14P1	0	342	342	178
THAP6	0	342	342	178
THAP9	0	342	342	178
THAP9-AS1	0	342	342	178
TIGD2	0	342	342	178
TMEM150C	0	342	342	178
TMPRSS11A	0	342	342	178
TMPRSS11B	0	342	342	178
TMPRSS11BNL	0	342	342	178
TMPRSS11D	0	342	342	178
TMPRSS11E	0	342	342	178
TMPRSS11F	0	342	342	178
TMPRSS11GP	0	342	342	178
TRMT10A	0	342	342	178
TSPAN5	0	342	342	178
UBA6	0	342	342	178
UBA6-AS1	0	342	342	178
UGT2A1	0	342	342	178
UGT2A2	0	342	342	178
UGT2A3	0	342	342	178
UGT2B10	0	342	342	178
UGT2B11	0	342	342	178
UGT2B15	0	342	342	178
UGT2B17	0	342	342	178
UGT2B28	0	342	342	178
UGT2B4	0	342	342	178
UGT2B7	0	342	342	178
UNC5C	0	342	342	178
USO1	0	342	342	178
UTP3	0	342	342	178
WDFY3	0	342	342	178
WDFY3-AS2	0	342	342	178
YTHDC1	0	342	342	178
ADAM15	295	0	295	295
DCST1	295	0	295	295
DCST2	295	0	295	295
EFNA3	295	0	295	295
EFNA4	295	0	295	295
LOC100505666	295	0	295	295
ZBTB7B	295	0	295	295
CTSS	282	0	282	282
FAM138A	0	260	260	216
FAM138C	0	260	260	216
CSMD1	0	253	253	253
LOC101927815	0	253	253	253
EYS	113	122	235	187
LGSN	113	122	235	187
PHF3	113	122	235	187
PTP4A1	113	122	235	187
ANXA13	234	0	234	234
ATAD2	234	0	234	234
C8orf76	234	0	234	234
CASC11	234	0	234	234
CASC19	234	0	234	234
CASC21	234	0	234	234
CASC8	234	0	234	234
CCAT1	234	0	234	234
CCAT2	234	0	234	234
DERL1	234	0	234	234
FAM83A	234	0	234	234
FAM83A-AS1	234	0	234	234
FAM84B	234	0	234	234
FAM91A1	234	0	234	234
FBXO32	234	0	234	234
FER1L6	234	0	234	234
FER1L6-AS1	234	0	234	234
FER1L6-AS2	234	0	234	234
KIAA0196	234	0	234	234
KLHL38	234	0	234	234
LINC00824	234	0	234	234
LINC00861	234	0	234	234
LINC00964	234	0	234	234
LOC101927588	234	0	234	234
LOC101927657	234	0	234	234
LOC105375744	234	0	234	234
MIR1204	234	0	234	234
MIR1205	234	0	234	234
MIR1206	234	0	234	234
MIR1207	234	0	234	234
MIR1208	234	0	234	234
MIR4662A	234	0	234	234
MIR4662B	234	0	234	234
MIR4663	234	0	234	234
MIR548AA1	234	0	234	234
MIR548D1	234	0	234	234
MIR6844	234	0	234	234
MTSS1	234	0	234	234
MYC	234	0	234	234
NDUFB9	234	0	234	234
NSMCE2	234	0	234	234
PCAT1	234	0	234	234
PCAT2	234	0	234	234
POU5F1B	234	0	234	234
PRNCR1	234	0	234	234
PVT1	234	0	234	234
RNF139	234	0	234	234
RNF139-AS1	234	0	234	234
SQLE	234	0	234	234
TATDN1	234	0	234	234
TBC1D31	234	0	234	234
TMEM65	234	0	234	234
TMEM75	234	0	234	234
TRIB1	234	0	234	234
TRMT12	234	0	234	234
WDYHV1	234	0	234	234
ZHX1	234	0	234	234
ZHX1-C8orf76	234	0	234	234
ZHX2	234	0	234	234
ZNF572	234	0	234	234
[MIR4471]	232	0	232	232
SNORD141A	0	226	226	182
ABR	0	215	215	215
BHLHA9	0	215	215	215
C17orf97	0	215	215	215
DBIL5P	0	215	215	215
DOC2B	0	215	215	215
FAM57A	0	215	215	215
GEMIN4	0	215	215	215
GLOD4	0	215	215	215
LOC100506371	0	215	215	215
LOC100506388	0	215	215	215
LOC101927727	0	215	215	215
LOC105371430	0	215	215	215
MIR3183	0	215	215	215
MRM3	0	215	215	215
NXN	0	215	215	215
RFLNB	0	215	215	215
RPH3AL	0	215	215	215
SCGB1C2	0	215	215	215
TIMM22	0	215	215	215
TUSC5	0	215	215	215
VPS53	0	215	215	215
NCOR1	0	197	197	197
MIR1268A	0	196	196	152
LPAR6	0	182	182	182
RB1	0	182	182	182
IRF2	0	173	173	173
LOC102723766	0	173	173	173
LOC728175	0	173	173	173
ADGRL3	0	171	171	171
ADGRL3-AS1	0	171	171	171
AIMP1	0	171	171	171
ALPK1	0	171	171	171
ANK2	0	171	171	171
AP1AR	0	171	171	171
ARHGEF38	0	171	171	171
ARHGEF38-IT1	0	171	171	171
ARSJ	0	171	171	171
BANK1	0	171	171	171
BDH2	0	171	171	171
C4orf32	0	171	171	171
CAMK2D	0	171	171	171
CASP6	0	171	171	171
CENPE	0	171	171	171
CFI	0	171	171	171
CISD2	0	171	171	171
COL25A1	0	171	171	171
CXXC4	0	171	171	171
CYP2U1	0	171	171	171
DKK2	0	171	171	171
EGF	0	171	171	171
ELOVL6	0	171	171	171
EMCN	0	171	171	171
ENPEP	0	171	171	171
EPHA5	0	171	171	171
ETNPPL	0	171	171	171
FLJ20021	0	171	171	171
GAR1	0	171	171	171
GIMD1	0	171	171	171
GSTCD	0	171	171	171
HADH	0	171	171	171
INTS12	0	171	171	171
LARP7	0	171	171	171
LEF1	0	171	171	171
LEF1-AS1	0	171	171	171
LINC01216	0	171	171	171
LOC101928851	0	171	171	171
LOC101929448	0	171	171	171
LOC101929468	0	171	171	171
LOC101929529	0	171	171	171
LOC101929577	0	171	171	171
LOC101929595	0	171	171	171
LOC101929621	0	171	171	171
LOC102723704	0	171	171	171
LOC105377245	0	171	171	171
LOC105377247	0	171	171	171
LOC105377348	0	171	171	171
LOC105377621	0	171	171	171
LOC105377671	0	171	171	171
LOC401134	0	171	171	171
LRIT3	0	171	171	171
MANBA	0	171	171	171
MCUB	0	171	171	171
MIR1243	0	171	171	171
MIR1255A	0	171	171	171
MIR1973	0	171	171	171
MIR297	0	171	171	171
MIR302A	0	171	171	171
MIR302B	0	171	171	171
MIR302C	0	171	171	171
MIR302D	0	171	171	171
MIR367	0	171	171	171
MIR548AG1	0	171	171	171
MIR576	0	171	171	171
MIR577	0	171	171	171
MIR8066	0	171	171	171
MIR8082	0	171	171	171
NDST4	0	171	171	171
NEUROG2	0	171	171	171
NFKB1	0	171	171	171
NPNT	0	171	171	171
OSTC	0	171	171	171
PAPSS1	0	171	171	171
PITX2	0	171	171	171
PLA2G12A	0	171	171	171
PPA2	0	171	171	171
PPP3CA	0	171	171	171
RPL34	0	171	171	171
RPL34-AS1	0	171	171	171
RRH	0	171	171	171
SEC24B	0	171	171	171
SEC24B-AS1	0	171	171	171
SGMS2	0	171	171	171
SLC39A8	0	171	171	171
SLC9B1	0	171	171	171
SLC9B2	0	171	171	171
TACR3	0	171	171	171
TBCK	0	171	171	171
TECRL	0	171	171	171
TET2	0	171	171	171
TET2-AS1	0	171	171	171
TIFA	0	171	171	171
UBE2D3	0	171	171	171
UGT8	0	171	171	171
ZGRF1	0	171	171	171
ACAP3	0	168	168	168
ACOT7	0	168	168	168
ACTRT2	0	168	168	168
AGRN	0	168	168	168
AJAP1	0	168	168	168
ANKRD65	0	168	168	168
ARHGEF16	0	168	168	168
ATAD3A	0	168	168	168
ATAD3B	0	168	168	168
ATAD3C	0	168	168	168
AURKAIP1	0	168	168	168
B3GALT6	0	168	168	168
C1orf159	0	168	168	168
C1orf174	0	168	168	168
CALML6	0	168	168	168
CAMTA1	0	168	168	168
CCDC27	0	168	168	168
CCNL2	0	168	168	168
CDK11A	0	168	168	168
CDK11B	0	168	168	168
CEP104	0	168	168	168
CFAP74	0	168	168	168
CHD5	0	168	168	168
CPSF3L	0	168	168	168
CPTP	0	168	168	168
DDX11L1	0	168	168	168
DFFB	0	168	168	168
DNAJC11	0	168	168	168
DVL1	0	168	168	168
ERRFI1	0	168	168	168
ESPN	0	168	168	168
FAAP20	0	168	168	168
FAM132A	0	168	168	168
FAM138D	0	168	168	168
FAM213B	0	168	168	168
FAM41C	0	168	168	168
FAM87B	0	168	168	168
FNDC10	0	168	168	168
GABRD	0	168	168	168
GNB1	0	168	168	168
GPR153	0	168	168	168
HES2	0	168	168	168
HES3	0	168	168	168
HES4	0	168	168	168
HES5	0	168	168	168
ICMT	0	168	168	168
ISG15	0	168	168	168
KCNAB2	0	168	168	168
KLHL17	0	168	168	168
KLHL21	0	168	168	168
LINC00115	0	168	168	168
LINC00337	0	168	168	168
LINC00982	0	168	168	168
LINC01128	0	168	168	168
LINC01134	0	168	168	168
LINC01342	0	168	168	168
LINC01346	0	168	168	168
LOC100129534	0	168	168	168
LOC100130417	0	168	168	168
LOC100132062	0	168	168	168
LOC100133331	0	168	168	168
LOC100288069	0	168	168	168
LOC100505887	0	168	168	168
LOC100996583	0	168	168	168
LOC101928626	0	168	168	168
LOC102724312	0	168	168	168
LOC102724450	0	168	168	168
LOC102724539	0	168	168	168
LOC105378591	0	168	168	168
LOC115110	0	168	168	168
LOC148413	0	168	168	168
LOC284661	0	168	168	168
LOC729737	0	168	168	168
LRRC47	0	168	168	168
MEGF6	0	168	168	168
MIB2	0	168	168	168
MIR200A	0	168	168	168
MIR200B	0	168	168	168
MIR4251	0	168	168	168
MIR4252	0	168	168	168
MIR429	0	168	168	168
MIR4417	0	168	168	168
MIR4689	0	168	168	168
MIR551A	0	168	168	168
MIR6723	0	168	168	168
MIR6726	0	168	168	168
MIR6727	0	168	168	168
MIR6808	0	168	168	168
MMEL1	0	168	168	168
MMP23A	0	168	168	168
MMP23B	0	168	168	168
MORN1	0	168	168	168
MRPL20	0	168	168	168
MXRA8	0	168	168	168
NADK	0	168	168	168
NOC2L	0	168	168	168
NOL9	0	168	168	168
NPHP4	0	168	168	168
OR4F16	0	168	168	168
OR4F29	0	168	168	168
OR4F5	0	168	168	168
PANK4	0	168	168	168
PARK7	0	168	168	168
PER3	0	168	168	168
PERM1	0	168	168	168
PEX10	0	168	168	168
PHF13	0	168	168	168
PLCH2	0	168	168	168
PLEKHG5	0	168	168	168
PLEKHN1	0	168	168	168
PRDM16	0	168	168	168
PRKCZ	0	168	168	168
PUSL1	0	168	168	168
RER1	0	168	168	168
RNF207	0	168	168	168
RNF223	0	168	168	168
RPL22	0	168	168	168
SAMD11	0	168	168	168
SCNN1D	0	168	168	168
SDF4	0	168	168	168
SKI	0	168	168	168
SLC35E2	0	168	168	168
SLC35E2B	0	168	168	168
SMIM1	0	168	168	168
SSU72	0	168	168	168
TAS1R1	0	168	168	168
TAS1R3	0	168	168	168
THAP3	0	168	168	168
TMEM240	0	168	168	168
TMEM52	0	168	168	168
TMEM88B	0	168	168	168
TNFRSF14	0	168	168	168
TNFRSF18	0	168	168	168
TNFRSF25	0	168	168	168
TNFRSF4	0	168	168	168
TNFRSF9	0	168	168	168
TP73	0	168	168	168
TP73-AS1	0	168	168	168
TPRG1L	0	168	168	168
TTC34	0	168	168	168
TTLL10	0	168	168	168
UBE2J2	0	168	168	168
UTS2	0	168	168	168
VAMP3	0	168	168	168
VWA1	0	168	168	168
WASH7P	0	168	168	168
WRAP73	0	168	168	168
ZBTB48	0	168	168	168
hsa-mir-551a	0	168	168	168
CTD-3080P12.3	167	0	167	167
LOC100506688	167	0	167	167
MIR4635	167	0	167	167
NKD2	167	0	167	167
SLC12A7	167	0	167	167
SLC6A18	167	0	167	167
SLC6A19	167	0	167	167
TERT	167	0	167	167
WWOX	0	165	165	165
[VEGFA]	163	0	163	163
BLOC1S5	162	0	162	162
BLOC1S5-TXNDC5	162	0	162	162
BMP6	162	0	162	162
BPHL	162	0	162	162
C6orf201	162	0	162	162
CAGE1	162	0	162	162
CDYL	162	0	162	162
DSP	162	0	162	162
DUSP22	162	0	162	162
ECI2	162	0	162	162
EEF1E1	162	0	162	162
EEF1E1-BLOC1S5	162	0	162	162
EXOC2	162	0	162	162
F13A1	162	0	162	162
FAM217A	162	0	162	162
FAM50B	162	0	162	162
FARS2	162	0	162	162
FOXC1	162	0	162	162
FOXCUT	162	0	162	162
FOXF2	162	0	162	162
FOXQ1	162	0	162	162
GMDS	162	0	162	162
GMDS-AS1	162	0	162	162
HTATSF1P2	162	0	162	162
HULC	162	0	162	162
HUS1B	162	0	162	162
IRF4	162	0	162	162
KU-MEL-3	162	0	162	162
LINC00266-3	162	0	162	162
LINC01011	162	0	162	162
LINC01600	162	0	162	162
LINC01622	162	0	162	162
LOC100506207	162	0	162	162
LOC100507194	162	0	162	162
LOC100507506	162	0	162	162
LOC101927691	162	0	162	162
LOC101927730	162	0	162	162
LOC101927759	162	0	162	162
LOC101927950	162	0	162	162
LOC101927972	162	0	162	162
LOC102724096	162	0	162	162
LOC285766	162	0	162	162
LY86	162	0	162	162
LY86-AS1	162	0	162	162
LYRM4	162	0	162	162
LYRM4-AS1	162	0	162	162
MIR3691	162	0	162	162
MIR4645	162	0	162	162
MIR5683	162	0	162	162
MIR6720	162	0	162	162
MIR7853	162	0	162	162
MYLK4	162	0	162	162
NQO2	162	0	162	162
NRN1	162	0	162	162
PIP5K1P1	162	0	162	162
PPP1R3G	162	0	162	162
PRPF4B	162	0	162	162
PSMG4	162	0	162	162
PXDC1	162	0	162	162
RIOK1	162	0	162	162
RIPK1	162	0	162	162
RPP40	162	0	162	162
RREB1	162	0	162	162
SCARNA27	162	0	162	162
SERPINB1	162	0	162	162
SERPINB6	162	0	162	162
SERPINB9	162	0	162	162
SERPINB9P1	162	0	162	162
SLC22A23	162	0	162	162
SLC35B3	162	0	162	162
SNRNP48	162	0	162	162
SSR1	162	0	162	162
TUBB2A	162	0	162	162
TUBB2B	162	0	162	162
TXNDC5	162	0	162	162
WRNIP1	162	0	162	162
CEBPD	152	0	152	152
EFCAB1	152	0	152	152
FNTA	152	0	152	152
HGSNAT	152	0	152	152
LINC00293	152	0	152	152
LOC100287846	152	0	152	152
LOC101929217	152	0	152	152
LOC101929268	152	0	152	152
MCM4	152	0	152	152
POMK	152	0	152	152
POTEA	152	0	152	152
PRKDC	152	0	152	152
SPIDR	152	0	152	152
UBE2V2	152	0	152	152
ACTG1P20	0	151	151	151
ADGRB2	0	151	151	151
AHDC1	0	151	151	151
AIM1L	0	151	151	151
AKR7A2	0	151	151	151
AKR7A3	0	151	151	151
AKR7L	0	151	151	151
ALPL	0	151	151	151
ARID1A	0	151	151	151
ASAP3	0	151	151	151
ATPIF1	0	151	151	151
AUNIP	0	151	151	151
C1QA	0	151	151	151
C1QB	0	151	151	151
C1QC	0	151	151	151
C1orf234	0	151	151	151
CAMK2N1	0	151	151	151
CAPZB	0	151	151	151
CATSPER4	0	151	151	151
CCDC28B	0	151	151	151
CD164L2	0	151	151	151
CD52	0	151	151	151
CDA	0	151	151	151
CDC42	0	151	151	151
CELA3A	0	151	151	151
CELA3B	0	151	151	151
CEP85	0	151	151	151
CLIC4	0	151	151	151
CNKSR1	0	151	151	151
CNR2	0	151	151	151
COL16A1	0	151	151	151
DDOST	0	151	151	151
DHDDS	0	151	151	151
DNAJC8	0	151	151	151
E2F2	0	151	151	151
ECE1	0	151	151	151
EIF4G3	0	151	151	151
EMC1	0	151	151	151
EPB41	0	151	151	151
EPHA8	0	151	151	151
EPHB2	0	151	151	151
EXTL1	0	151	151	151
EYA3	0	151	151	151
FABP3	0	151	151	151
FAM110D	0	151	151	151
FAM43B	0	151	151	151
FAM46B	0	151	151	151
FAM76A	0	151	151	151
FCN3	0	151	151	151
FGR	0	151	151	151
FUCA1	0	151	151	151
GALE	0	151	151	151
GMEB1	0	151	151	151
GPATCH3	0	151	151	151
GPN2	0	151	151	151
GPR3	0	151	151	151
GRHL3	0	151	151	151
HCRTR1	0	151	151	151
HMGCL	0	151	151	151
HMGN2	0	151	151	151
HNRNPR	0	151	151	151
HP1BP3	0	151	151	151
HSPG2	0	151	151	151
HTR1D	0	151	151	151
HTR6	0	151	151	151
ID3	0	151	151	151
IFI6	0	151	151	151
IFNLR1	0	151	151	151
IL22RA1	0	151	151	151
IQCC	0	151	151	151
KDF1	0	151	151	151
KDM1A	0	151	151	151
KHDRBS1	0	151	151	151
KIF17	0	151	151	151
KPNA6	0	151	151	151
LACTBL1	0	151	151	151
LAPTM5	0	151	151	151
LDLRAD2	0	151	151	151
LDLRAP1	0	151	151	151
LIN28A	0	151	151	151
LINC00339	0	151	151	151
LINC01141	0	151	151	151
LINC01225	0	151	151	151
LINC01226	0	151	151	151
LINC01355	0	151	151	151
LOC100506730	0	151	151	151
LOC100506801	0	151	151	151
LOC100506985	0	151	151	151
LOC101927895	0	151	151	151
LOC101928043	0	151	151	151
LOC101928163	0	151	151	151
LOC101928303	0	151	151	151
LOC101928324	0	151	151	151
LOC101928460	0	151	151	151
LOC101928728	0	151	151	151
LOC101929406	0	151	151	151
LOC105378614	0	151	151	151
LOC284632	0	151	151	151
LOC646471	0	151	151	151
LUZP1	0	151	151	151
LYPLA2	0	151	151	151
MAN1C1	0	151	151	151
MAP3K6	0	151	151	151
MATN1	0	151	151	151
MATN1-AS1	0	151	151	151
MDS2	0	151	151	151
MECR	0	151	151	151
MED18	0	151	151	151
MINOS1	0	151	151	151
MINOS1-NBL1	0	151	151	151
MIR1256	0	151	151	151
MIR1976	0	151	151	151
MIR3115	0	151	151	151
MIR378F	0	151	151	151
MIR3917	0	151	151	151
MIR4253	0	151	151	151
MIR4254	0	151	151	151
MIR4418	0	151	151	151
MIR4419A	0	151	151	151
MIR4420	0	151	151	151
MIR4425	0	151	151	151
MIR4684	0	151	151	151
MIR5585	0	151	151	151
MIR6084	0	151	151	151
MIR6127	0	151	151	151
MIR6731	0	151	151	151
MRTO4	0	151	151	151
MTFR1L	0	151	151	151
MUL1	0	151	151	151
MYOM3	0	151	151	151
NBL1	0	151	151	151
NBPF3	0	151	151	151
NCMAP	0	151	151	151
NIPAL3	0	151	151	151
NKAIN1	0	151	151	151
NR0B2	0	151	151	151
NUDC	0	151	151	151
OPRD1	0	151	151	151
OTUD3	0	151	151	151
PAFAH2	0	151	151	151
PAQR7	0	151	151	151
PDIK1L	0	151	151	151
PEF1	0	151	151	151
PHACTR4	0	151	151	151
PIGV	0	151	151	151
PINK1	0	151	151	151
PINK1-AS	0	151	151	151
PITHD1	0	151	151	151
PLA2G2A	0	151	151	151
PLA2G2C	0	151	151	151
PLA2G2D	0	151	151	151
PLA2G2E	0	151	151	151
PLA2G2F	0	151	151	151
PLA2G5	0	151	151	151
PNRC2	0	151	151	151
PPP1R8	0	151	151	151
PQLC2	0	151	151	151
PTAFR	0	151	151	151
PTP4A2	0	151	151	151
PTPRU	0	151	151	151
PUM1	0	151	151	151
RAB42	0	151	151	151
RAP1GAP	0	151	151	151
RCAN3	0	151	151	151
RCAN3AS	0	151	151	151
RCC1	0	151	151	151
RHCE	0	151	151	151
RHD	0	151	151	151
RNF186	0	151	151	151
RNU11	0	151	151	151
RPA2	0	151	151	151
RPL11	0	151	151	151
RPS14P3	0	151	151	151
RPS6KA1	0	151	151	151
RSRP1	0	151	151	151
RUNX3	0	151	151	151
SCARNA1	0	151	151	151
SDC3	0	151	151	151
SEPN1	0	151	151	151
SERINC2	0	151	151	151
SESN2	0	151	151	151
SFN	0	151	151	151
SH2D5	0	151	151	151
SH3BGRL3	0	151	151	151
SLC30A2	0	151	151	151
SLC9A1	0	151	151	151
SMPDL3B	0	151	151	151
SNHG12	0	151	151	151
SNHG3	0	151	151	151
SNORA16A	0	151	151	151
SNORA44	0	151	151	151
SNORA61	0	151	151	151
SNORA73A	0	151	151	151
SNORA73B	0	151	151	151
SNORD103A	0	151	151	151
SNORD103C	0	151	151	151
SNORD99	0	151	151	151
SNRNP40	0	151	151	151
SPOCD1	0	151	151	151
SRRM1	0	151	151	151
SRSF10	0	151	151	151
SRSF4	0	151	151	151
STMN1	0	151	151	151
STPG1	0	151	151	151
STX12	0	151	151	151
SYF2	0	151	151	151
SYTL1	0	151	151	151
TAF12	0	151	151	151
TCEA3	0	151	151	151
TCEB3	0	151	151	151
TCEB3-AS1	0	151	151	151
THEMIS2	0	151	151	151
TINAGL1	0	151	151	151
TMCO4	0	151	151	151
TMEM200B	0	151	151	151
TMEM222	0	151	151	151
TMEM39B	0	151	151	151
TMEM50A	0	151	151	151
TMEM57	0	151	151	151
TRIM63	0	151	151	151
TRNAU1AP	0	151	151	151
TRNP1	0	151	151	151
TXLNA	0	151	151	151
UBR4	0	151	151	151
UBXN10	0	151	151	151
UBXN10-AS1	0	151	151	151
UBXN11	0	151	151	151
USP48	0	151	151	151
VWA5B1	0	151	151	151
WASF2	0	151	151	151
WDTC1	0	151	151	151
WNT4	0	151	151	151
XKR8	0	151	151	151
YTHDF2	0	151	151	151
ZBTB40	0	151	151	151
ZCCHC17	0	151	151	151
ZDHHC18	0	151	151	151
ZNF436	0	151	151	151
ZNF436-AS1	0	151	151	151
ZNF593	0	151	151	151
ZNF683	0	151	151	151
BAHCC1	150	0	150	150
LINC00482	150	0	150	150
LOC100130370	150	0	150	150
MIR4740	150	0	150	150
SLC38A10	150	0	150	150
TMEM105	150	0	150	150
CDKN2A	0	145	145	145
CDKN2A-AS1	0	145	145	145
C6orf120	0	138	138	138
ERMARD	0	138	138	138
LINC00242	0	138	138	138
LINC00574	0	138	138	138
LOC100131532	0	138	138	138
LOC102724511	0	138	138	138
LOC154449	0	138	138	138
PHF10	0	138	138	138
TCTE3	0	138	138	138
WDR27	0	138	138	138
ADAMTS2	137	0	137	137
ABHD16B	134	0	134	134
ADRM1	134	0	134	134
ARFGAP1	134	0	134	134
ARFRP1	134	0	134	134
BHLHE23	134	0	134	134
BIRC7	134	0	134	134
C20orf166-AS1	134	0	134	134
CA4	134	0	134	134
CABLES2	134	0	134	134
CDH4	134	0	134	134
CHRNA4	134	0	134	134
COL20A1	134	0	134	134
COL9A3	134	0	134	134
DIDO1	134	0	134	134
DNAJC5	134	0	134	134
DPH3P1	134	0	134	134
EEF1A2	134	0	134	134
FLJ16779	134	0	134	134
FNDC11	134	0	134	134
GATA5	134	0	134	134
GID8	134	0	134	134
GMEB2	134	0	134	134
HAR1A	134	0	134	134
HAR1B	134	0	134	134
HEATR6	134	0	134	134
HELZ2	134	0	134	134
HRH3	134	0	134	134
KCNQ2	134	0	134	134
LAMA5	134	0	134	134
LAMA5-AS1	134	0	134	134
LIME1	134	0	134	134
LINC00029	134	0	134	134
LINC00176	134	0	134	134
LINC00266-1	134	0	134	134
LINC00659	134	0	134	134
LINC01056	134	0	134	134
LKAAEAR1	134	0	134	134
LOC100130587	134	0	134	134
LOC100505771	134	0	134	134
LOC101927755	134	0	134	134
LOC105371849	134	0	134	134
LOC63930	134	0	134	134
LOC653653	134	0	134	134
LSM14B	134	0	134	134
MIR1-1	134	0	134	134
MIR1-1HG	134	0	134	134
MIR124-3	134	0	134	134
MIR1257	134	0	134	134
MIR133A2	134	0	134	134
MIR1914	134	0	134	134
MIR3195	134	0	134	134
MIR3196	134	0	134	134
MIR4326	134	0	134	134
MIR4737	134	0	134	134
MIR4758	134	0	134	134
MIR647	134	0	134	134
MIR6813	134	0	134	134
MIR941-1	134	0	134	134
MIR941-2	134	0	134	134
MIR941-3	134	0	134	134
MIR941-4	134	0	134	134
MRGBP	134	0	134	134
MTG2	134	0	134	134
MYT1	134	0	134	134
NKAIN4	134	0	134	134
NPBWR2	134	0	134	134
NTSR1	134	0	134	134
OGFR	134	0	134	134
OGFR-AS1	134	0	134	134
OPRL1	134	0	134	134
OSBPL2	134	0	134	134
PCMTD2	134	0	134	134
PPDPF	134	0	134	134
PRPF6	134	0	134	134
PSMA7	134	0	134	134
PTK6	134	0	134	134
RBBP8NL	134	0	134	134
RGS19	134	0	134	134
RNFT1	134	0	134	134
RPS21	134	0	134	134
RPS6KB1	134	0	134	134
RTEL1	134	0	134	134
RTEL1-TNFRSF6B	134	0	134	134
SAMD10	134	0	134	134
SLC17A9	134	0	134	134
SLC2A4RG	134	0	134	134
SLCO4A1	134	0	134	134
SLCO4A1-AS1	134	0	134	134
SOX18	134	0	134	134
SRMS	134	0	134	134
SS18L1	134	0	134	134
STMN3	134	0	134	134
TAF4	134	0	134	134
TBC1D3P1-DHX40P1	134	0	134	134
TCEA2	134	0	134	134
TCFL5	134	0	134	134
TNFRSF6B	134	0	134	134
TPD52L2	134	0	134	134
TUBD1	134	0	134	134
UCKL1	134	0	134	134
UCKL1-AS1	134	0	134	134
USP32	134	0	134	134
WFDC21P	134	0	134	134
YTHDF1	134	0	134	134
ZBTB46	134	0	134	134
ZBTB46-AS1	134	0	134	134
ZGPAT	134	0	134	134
ZNF512B	134	0	134	134
hsa-mir-941-3	134	0	134	134
ADAM6	0	133	133	133
ADSSL1	0	133	133	133
AHNAK2	0	133	133	133
AKT1	0	133	133	133
APOPT1	0	133	133	133
ASPG	0	133	133	133
BAG5	0	133	133	133
BRF1	0	133	133	133
BTBD6	0	133	133	133
C14orf180	0	133	133	133
C14orf2	0	133	133	133
C14orf79	0	133	133	133
C14orf80	0	133	133	133
CDCA4	0	133	133	133
CEP170B	0	133	133	133
CKB	0	133	133	133
CRIP1	0	133	133	133
CRIP2	0	133	133	133
EIF5	0	133	133	133
ELK2AP	0	133	133	133
FAM30A	0	133	133	133
GPR132	0	133	133	133
INF2	0	133	133	133
JAG2	0	133	133	133
KIF26A	0	133	133	133
KLC1	0	133	133	133
LINC00221	0	133	133	133
LINC00226	0	133	133	133
LINC00605	0	133	133	133
LINC00637	0	133	133	133
LINC00638	0	133	133	133
LOC100507437	0	133	133	133
LOC101929634	0	133	133	133
LOC102723354	0	133	133	133
LOC105370697	0	133	133	133
LOC105378183	0	133	133	133
MARK3	0	133	133	133
MIR203A	0	133	133	133
MIR203B	0	133	133	133
MIR4507	0	133	133	133
MIR4537	0	133	133	133
MIR4538	0	133	133	133
MIR4539	0	133	133	133
MIR4710	0	133	133	133
MIR5195	0	133	133	133
MIR6765	0	133	133	133
MIR8071-1	0	133	133	133
MTA1	0	133	133	133
NUDT14	0	133	133	133
PACS2	0	133	133	133
PLD4	0	133	133	133
PPP1R13B	0	133	133	133
RD3L	0	133	133	133
SIVA1	0	133	133	133
SNORA28	0	133	133	133
TDRD9	0	133	133	133
TEX22	0	133	133	133
TMEM121	0	133	133	133
TMEM179	0	133	133	133
TRMT61A	0	133	133	133
XRCC3	0	133	133	133
ZBTB42	0	133	133	133
ZFYVE21	0	133	133	133
GPHN	0	129	129	129
RNU6-1	0	128	128	113
RNU6-2	0	128	128	113
RNU6-7	0	128	128	113
[LINC01271]	128	0	128	128
ADAMTS17	52	74	126	125
ALDH1A3	52	74	126	125
ASB7	52	74	126	125
CERS3	52	74	126	125
CERS3-AS1	52	74	126	125
CHSY1	52	74	126	125
DDX11L9	52	74	126	125
DNM1P46	52	74	126	125
FAM138E	52	74	126	125
LINS1	52	74	126	125
LOC100128108	52	74	126	125
LOC100507472	52	74	126	125
LOC101927751	52	74	126	125
LOC102723335	52	74	126	125
LOC400464	52	74	126	125
LRRK1	52	74	126	125
LYSMD4	52	74	126	125
MEF2A	52	74	126	125
OR4F13P	52	74	126	125
OR4F15	52	74	126	125
OR4F4	52	74	126	125
OR4F6	52	74	126	125
PCSK6	52	74	126	125
PCSK6-AS1	52	74	126	125
PRKXP1	52	74	126	125
SNRPA1	52	74	126	125
SPATA41	52	74	126	125
TARSL2	52	74	126	125
TM2D3	52	74	126	125
VIMP	52	74	126	125
WASH3P	52	74	126	125
CAPZA2	124	0	124	124
MET	124	0	124	124
MIR6132	124	0	124	124
ST7	124	0	124	124
ST7-AS1	124	0	124	124
ST7-OT4	124	0	124	124
ADGRB3	0	122	122	122
AIM1	0	122	122	122
AK9	0	122	122	122
AKIRIN2	0	122	122	122
AMD1	0	122	122	122
ANKRD6	0	122	122	122
ARMC2	0	122	122	122
ARMC2-AS1	0	122	122	122
ASCC3	0	122	122	122
ASF1A	0	122	122	122
ATG5	0	122	122	122
B3GAT2	0	122	122	122
BACH2	0	122	122	122
BCKDHB	0	122	122	122
BEND3	0	122	122	122
BRD7P3	0	122	122	122
BVES	0	122	122	122
BVES-AS1	0	122	122	122
C6orf163	0	122	122	122
C6orf203	0	122	122	122
CASC6	0	122	122	122
CASP8AP2	0	122	122	122
CCDC162P	0	122	122	122
CCNC	0	122	122	122
CD109	0	122	122	122
CD164	0	122	122	122
CD24	0	122	122	122
CDC40	0	122	122	122
CDK19	0	122	122	122
CEP162	0	122	122	122
CEP57L1	0	122	122	122
CEP85L	0	122	122	122
CFAP206	0	122	122	122
CGA	0	122	122	122
CNR1	0	122	122	122
COL10A1	0	122	122	122
COL12A1	0	122	122	122
COL19A1	0	122	122	122
COL9A1	0	122	122	122
COQ3	0	122	122	122
COX7A2	0	122	122	122
CYB5R4	0	122	122	122
DCBLD1	0	122	122	122
DDO	0	122	122	122
DDX43	0	122	122	122
DOPEY1	0	122	122	122
DPPA5	0	122	122	122
DSE	0	122	122	122
EEF1A1	0	122	122	122
ELOVL4	0	122	122	122
EPHA7	0	122	122	122
EVADR	0	122	122	122
FAM135A	0	122	122	122
FAM162B	0	122	122	122
FAM184A	0	122	122	122
FAM229B	0	122	122	122
FAM26D	0	122	122	122
FAM26E	0	122	122	122
FAM26F	0	122	122	122
FAM46A	0	122	122	122
FAXC	0	122	122	122
FBXL4	0	122	122	122
FHL5	0	122	122	122
FIG4	0	122	122	122
FILIP1	0	122	122	122
FLJ34503	0	122	122	122
FOXO3	0	122	122	122
FRK	0	122	122	122
FUT9	0	122	122	122
FYN	0	122	122	122
GABRR1	0	122	122	122
GABRR2	0	122	122	122
GJA10	0	122	122	122
GJB7	0	122	122	122
GOPC	0	122	122	122
GPR6	0	122	122	122
GPR63	0	122	122	122
GPRC6A	0	122	122	122
GRIK2	0	122	122	122
GSTM2P1	0	122	122	122
GTF3C6	0	122	122	122
HACE1	0	122	122	122
HDAC2	0	122	122	122
HMGN3	0	122	122	122
HMGN3-AS1	0	122	122	122
HS3ST5	0	122	122	122
HTR1B	0	122	122	122
HTR1E	0	122	122	122
IBTK	0	122	122	122
IMPG1	0	122	122	122
IRAK1BP1	0	122	122	122
KCNQ5	0	122	122	122
KCNQ5-AS1	0	122	122	122
KCNQ5-IT1	0	122	122	122
KHDC1	0	122	122	122
KHDC1L	0	122	122	122
KHDC3L	0	122	122	122
KHDRBS2	0	122	122	122
KLHL32	0	122	122	122
KPNA5	0	122	122	122
LACE1	0	122	122	122
LAMA4	0	122	122	122
LCA5	0	122	122	122
LCAL1	0	122	122	122
LIN28B	0	122	122	122
LIN28B-AS1	0	122	122	122
LINC00222	0	122	122	122
LINC00472	0	122	122	122
LINC01268	0	122	122	122
LINC01526	0	122	122	122
LINC01590	0	122	122	122
LINC01611	0	122	122	122
LINC01621	0	122	122	122
LINC01626	0	122	122	122
LMBRD1	0	122	122	122
LOC100287632	0	122	122	122
LOC100422737	0	122	122	122
LOC100506804	0	122	122	122
LOC100996634	0	122	122	122
LOC101927314	0	122	122	122
LOC101927365	0	122	122	122
LOC101927640	0	122	122	122
LOC101927686	0	122	122	122
LOC101927768	0	122	122	122
LOC101927919	0	122	122	122
LOC101928280	0	122	122	122
LOC101928307	0	122	122	122
LOC101928489	0	122	122	122
LOC101928516	0	122	122	122
LOC101928540	0	122	122	122
LOC101928820	0	122	122	122
LOC101928911	0	122	122	122
LOC101928936	0	122	122	122
LOC101929057	0	122	122	122
LOC102723883	0	122	122	122
LOC105377879	0	122	122	122
LOC105377924	0	122	122	122
LOC105377962	0	122	122	122
LOC105377967	0	122	122	122
LOC105377975	0	122	122	122
LOC285762	0	122	122	122
LOC441155	0	122	122	122
LYRM2	0	122	122	122
MAN1A1	0	122	122	122
MANEA	0	122	122	122
MANEA-AS1	0	122	122	122
MAP3K7	0	122	122	122
MARCKS	0	122	122	122
MB21D1	0	122	122	122
MCHR2	0	122	122	122
MCHR2-AS1	0	122	122	122
MCM9	0	122	122	122
MDN1	0	122	122	122
ME1	0	122	122	122
MEI4	0	122	122	122
METTL24	0	122	122	122
MFSD4B	0	122	122	122
MICAL1	0	122	122	122
MIR2113	0	122	122	122
MIR30A	0	122	122	122
MIR30C2	0	122	122	122
MIR3144	0	122	122	122
MIR4282	0	122	122	122
MIR4463	0	122	122	122
MIR4464	0	122	122	122
MIR4643	0	122	122	122
MIR548AI	0	122	122	122
MIR548B	0	122	122	122
MIR587	0	122	122	122
MMS22L	0	122	122	122
MRAP2	0	122	122	122
MTO1	0	122	122	122
MTRNR2L9	0	122	122	122
MYO6	0	122	122	122
NDUFAF4	0	122	122	122
NR2E1	0	122	122	122
NT5DC1	0	122	122	122
NT5E	0	122	122	122
NUS1	0	122	122	122
OGFRL1	0	122	122	122
OOEP	0	122	122	122
ORC3	0	122	122	122
OSTM1	0	122	122	122
PDSS2	0	122	122	122
PGM3	0	122	122	122
PHIP	0	122	122	122
PLN	0	122	122	122
PM20D2	0	122	122	122
PNISR	0	122	122	122
PNRC1	0	122	122	122
POPDC3	0	122	122	122
POU3F2	0	122	122	122
PPIL6	0	122	122	122
PRDM1	0	122	122	122
PRDM13	0	122	122	122
PREP	0	122	122	122
PRSS35	0	122	122	122
QRSL1	0	122	122	122
RARS2	0	122	122	122
REV3L	0	122	122	122
RFPL4B	0	122	122	122
RFX6	0	122	122	122
RIMS1	0	122	122	122
RIPPLY2	0	122	122	122
RNGTT	0	122	122	122
ROS1	0	122	122	122
RPF2	0	122	122	122
RRAGD	0	122	122	122
RSPH4A	0	122	122	122
RTN4IP1	0	122	122	122
RWDD1	0	122	122	122
RWDD2A	0	122	122	122
SCML4	0	122	122	122
SDHAF4	0	122	122	122
SEC63	0	122	122	122
SENP6	0	122	122	122
SESN1	0	122	122	122
SH3BGRL2	0	122	122	122
SIM1	0	122	122	122
SLC16A10	0	122	122	122
SLC17A5	0	122	122	122
SLC22A16	0	122	122	122
SLC25A51P1	0	122	122	122
SLC35A1	0	122	122	122
SLC35F1	0	122	122	122
SMAP1	0	122	122	122
SMIM8	0	122	122	122
SMPD2	0	122	122	122
SNAP91	0	122	122	122
SNHG5	0	122	122	122
SNORD50A	0	122	122	122
SNORD50B	0	122	122	122
SNX14	0	122	122	122
SNX3	0	122	122	122
SOBP	0	122	122	122
SPACA1	0	122	122	122
SRSF12	0	122	122	122
SYNCRIP	0	122	122	122
TBX18	0	122	122	122
TBX18-AS1	0	122	122	122
TMEM30A	0	122	122	122
TPBG	0	122	122	122
TPI1P3	0	122	122	122
TRAF3IP2	0	122	122	122
TRAF3IP2-AS1	0	122	122	122
TRAPPC3L	0	122	122	122
TSG1	0	122	122	122
TSPYL1	0	122	122	122
TSPYL4	0	122	122	122
TSTD3	0	122	122	122
TTK	0	122	122	122
TUBE1	0	122	122	122
UBE2J1	0	122	122	122
UBE3D	0	122	122	122
UFL1	0	122	122	122
USP45	0	122	122	122
VGLL2	0	122	122	122
WASF1	0	122	122	122
WISP3	0	122	122	122
ZBTB24	0	122	122	122
ZNF292	0	122	122	122
ZUFSP	0	122	122	122
hsa-mir-2113	0	122	122	122
ARHGDIG	0	114	114	114
AXIN1	0	114	114	114
C1QTNF8	0	114	114	114
CACNA1H	0	114	114	114
CAPN15	0	114	114	114
CCDC78	0	114	114	114
CHTF18	0	114	114	114
DDX11L10	0	114	114	114
DECR2	0	114	114	114
FAM173A	0	114	114	114
FAM234A	0	114	114	114
FBXL16	0	114	114	114
GNG13	0	114	114	114
HAGHL	0	114	114	114
HBA1	0	114	114	114
HBA2	0	114	114	114
HBM	0	114	114	114
HBQ1	0	114	114	114
HBZ	0	114	114	114
JMJD8	0	114	114	114
LINC00235	0	114	114	114
LMF1	0	114	114	114
LMF1-AS1	0	114	114	114
LOC100134368	0	114	114	114
LOC105371038	0	114	114	114
LOC105371184	0	114	114	114
LUC7L	0	114	114	114
MCRIP2	0	114	114	114
METRN	0	114	114	114
METTL26	0	114	114	114
MIR3176	0	114	114	114
MIR5587	0	114	114	114
MIR662	0	114	114	114
MPG	0	114	114	114
MRPL28	0	114	114	114
MSLN	0	114	114	114
NARFL	0	114	114	114
NHLRC4	0	114	114	114
NME4	0	114	114	114
NPRL3	0	114	114	114
PDIA2	0	114	114	114
PIGQ	0	114	114	114
POLR3K	0	114	114	114
PRR25	0	114	114	114
PRR35	0	114	114	114
RAB11FIP3	0	114	114	114
RAB40C	0	114	114	114
RGS11	0	114	114	114
RHBDF1	0	114	114	114
RHBDL1	0	114	114	114
RHOT2	0	114	114	114
RPUSD1	0	114	114	114
SNRNP25	0	114	114	114
SOX8	0	114	114	114
SSTR5	0	114	114	114
SSTR5-AS1	0	114	114	114
STUB1	0	114	114	114
TMEM8A	0	114	114	114
TPSB2	0	114	114	114
TPSG1	0	114	114	114
WASIR2	0	114	114	114
WDR24	0	114	114	114
WDR90	0	114	114	114
WFIKKN1	0	114	114	114
ABLIM1	0	106	106	106
ACADSB	0	106	106	106
ACSL5	0	106	106	106
ADAM12	0	106	106	106
ADAM8	0	106	106	106
ADD3	0	106	106	106
ADD3-AS1	0	106	106	106
ADGRA1	0	106	106	106
ADGRA1-AS1	0	106	106	106
ADRA2A	0	106	106	106
ADRB1	0	106	106	106
AFAP1L2	0	106	106	106
ARMS2	0	106	106	106
AS-PTPRE	0	106	106	106
ATE1	0	106	106	106
ATE1-AS1	0	106	106	106
ATRNL1	0	106	106	106
BAG3	0	106	106	106
BBIP1	0	106	106	106
BCCIP	0	106	106	106
BNIP3	0	106	106	106
BTBD16	0	106	106	106
BUB3	0	106	106	106
C10orf120	0	106	106	106
C10orf82	0	106	106	106
C10orf88	0	106	106	106
C10orf90	0	106	106	106
C10orf91	0	106	106	106
CACUL1	0	106	106	106
CALY	0	106	106	106
CASC2	0	106	106	106
CASP7	0	106	106	106
CCDC172	0	106	106	106
CCDC186	0	106	106	106
CFAP46	0	106	106	106
CHST15	0	106	106	106
CLRN3	0	106	106	106
CPXM2	0	106	106	106
CTAGE7P	0	106	106	106
CTBP2	0	106	106	106
CUZD1	0	106	106	106
CYP2E1	0	106	106	106
DCLRE1A	0	106	106	106
DHX32	0	106	106	106
DMBT1	0	106	106	106
DMBT1P1	0	106	106	106
DOCK1	0	106	106	106
DPYSL4	0	106	106	106
DUSP5	0	106	106	106
DUX4	0	106	106	106
EBF3	0	106	106	106
ECHS1	0	106	106	106
EDRF1	0	106	106	106
EDRF1-AS1	0	106	106	106
EIF3A	0	106	106	106
EMX2	0	106	106	106
EMX2OS	0	106	106	106
ENO4	0	106	106	106
FAM160B1	0	106	106	106
FAM175B	0	106	106	106
FAM196A	0	106	106	106
FAM204A	0	106	106	106
FAM24A	0	106	106	106
FAM24B	0	106	106	106
FAM24B-CUZD1	0	106	106	106
FAM45A	0	106	106	106
FAM53B	0	106	106	106
FAM53B-AS1	0	106	106	106
FANK1	0	106	106	106
FANK1-AS1	0	106	106	106
FGFR2	0	106	106	106
FLJ37035	0	106	106	106
FOXI2	0	106	106	106
FRG2B	0	106	106	106
FUOM	0	106	106	106
GFRA1	0	106	106	106
GLRX3	0	106	106	106
GPAM	0	106	106	106
GPR26	0	106	106	106
GRK5	0	106	106	106
GUCY2GP	0	106	106	106
HABP2	0	106	106	106
HMX2	0	106	106	106
HMX3	0	106	106	106
HSPA12A	0	106	106	106
HTRA1	0	106	106	106
IKZF5	0	106	106	106
INPP5A	0	106	106	106
INPP5F	0	106	106	106
JAKMIP3	0	106	106	106
KCNK18	0	106	106	106
KNDC1	0	106	106	106
LHPP	0	106	106	106
LINC00601	0	106	106	106
LINC00867	0	106	106	106
LINC00959	0	106	106	106
LINC01163	0	106	106	106
LINC01164	0	106	106	106
LINC01166	0	106	106	106
LINC01167	0	106	106	106
LINC01168	0	106	106	106
LINC01435	0	106	106	106
LINC01561	0	106	106	106
LOC101927692	0	106	106	106
LOC102724589	0	106	106	106
LOC103344931	0	106	106	106
LOC283038	0	106	106	106
LOC399815	0	106	106	106
LRRC27	0	106	106	106
MCMBP	0	106	106	106
METTL10	0	106	106	106
MGMT	0	106	106	106
MIR202	0	106	106	106
MIR202HG	0	106	106	106
MIR2110	0	106	106	106
MIR3663	0	106	106	106
MIR3663HG	0	106	106	106
MIR378C	0	106	106	106
MIR3941	0	106	106	106
MIR3944	0	106	106	106
MIR4295	0	106	106	106
MIR4296	0	106	106	106
MIR4297	0	106	106	106
MIR4483	0	106	106	106
MIR4484	0	106	106	106
MIR4680	0	106	106	106
MIR4681	0	106	106	106
MIR4682	0	106	106	106
MIR548E	0	106	106	106
MIR6715A	0	106	106	106
MIR6715B	0	106	106	106
MKI67	0	106	106	106
MMP21	0	106	106	106
MTG1	0	106	106	106
MXI1	0	106	106	106
NANOS1	0	106	106	106
NHLRC2	0	106	106	106
NKX1-2	0	106	106	106
NKX6-2	0	106	106	106
NPS	0	106	106	106
NRAP	0	106	106	106
NSMCE4A	0	106	106	106
OAT	0	106	106	106
PAOX	0	106	106	106
PDCD4	0	106	106	106
PDCD4-AS1	0	106	106	106
PDZD8	0	106	106	106
PLEKHA1	0	106	106	106
PLEKHS1	0	106	106	106
PLPP4	0	106	106	106
PNLIP	0	106	106	106
PNLIPRP1	0	106	106	106
PNLIPRP2	0	106	106	106
PNLIPRP3	0	106	106	106
PPP2R2D	0	106	106	106
PRAP1	0	106	106	106
PRDX3	0	106	106	106
PRLHR	0	106	106	106
PSTK	0	106	106	106
PTPRE	0	106	106	106
PWWP2B	0	106	106	106
RAB11FIP2	0	106	106	106
RBM20	0	106	106	106
RGS10	0	106	106	106
RPL13AP6	0	106	106	106
RPL21	0	106	106	106
SCART1	0	106	106	106
SEC23IP	0	106	106	106
SFXN4	0	106	106	106
SHOC2	0	106	106	106
SHTN1	0	106	106	106
SLC18A2	0	106	106	106
SMC3	0	106	106	106
SMNDC1	0	106	106	106
SNORA19	0	106	106	106
SNORA87	0	106	106	106
SPRN	0	106	106	106
SPRNP1	0	106	106	106
STK32C	0	106	106	106
SYCE1	0	106	106	106
TACC2	0	106	106	106
TCERG1L	0	106	106	106
TCERG1L-AS1	0	106	106	106
TCF7L2	0	106	106	106
TDRD1	0	106	106	106
TECTB	0	106	106	106
TEX36	0	106	106	106
TEX36-AS1	0	106	106	106
TIAL1	0	106	106	106
TRUB1	0	106	106	106
TUBGCP2	0	106	106	106
UROS	0	106	106	106
UTF1	0	106	106	106
VAX1	0	106	106	106
VENTX	0	106	106	106
VTI1A	0	106	106	106
VWA2	0	106	106	106
WDR11	0	106	106	106
WDR11-AS1	0	106	106	106
XPNPEP1	0	106	106	106
ZDHHC6	0	106	106	106
ZNF511	0	106	106	106
ZRANB1	0	106	106	106
AAED1	0	104	104	104
ABCA1	0	104	104	104
ABCA2	0	104	104	104
ABL1	0	104	104	104
ABO	0	104	104	104
ACTL7A	0	104	104	104
ACTL7B	0	104	104	104
ADAMTS13	0	104	104	104
ADAMTSL2	0	104	104	104
AGPAT2	0	104	104	104
AIF1L	0	104	104	104
AK1	0	104	104	104
AK8	0	104	104	104
AKAP2	0	104	104	104
AKNA	0	104	104	104
ALAD	0	104	104	104
ALDOB	0	104	104	104
ALG2	0	104	104	104
AMBP	0	104	104	104
ANAPC2	0	104	104	104
ANGPTL2	0	104	104	104
ANKRD18CP	0	104	104	104
ANKRD19P	0	104	104	104
ANKS6	0	104	104	104
ANP32B	0	104	104	104
ARPC5L	0	104	104	104
ARRDC1	0	104	104	104
ARRDC1-AS1	0	104	104	104
ASB6	0	104	104	104
ASPN	0	104	104	104
ASS1	0	104	104	104
ASTN2	0	104	104	104
ASTN2-AS1	0	104	104	104
ATP6V1G1	0	104	104	104
AUH	0	104	104	104
BAAT	0	104	104	104
BARHL1	0	104	104	104
BARX1	0	104	104	104
BICD2	0	104	104	104
BRD3	0	104	104	104
BRINP1	0	104	104	104
BSPRY	0	104	104	104
C5	0	104	104	104
C8G	0	104	104	104
C9orf106	0	104	104	104
C9orf116	0	104	104	104
C9orf129	0	104	104	104
C9orf139	0	104	104	104
C9orf142	0	104	104	104
C9orf152	0	104	104	104
C9orf16	0	104	104	104
C9orf163	0	104	104	104
C9orf172	0	104	104	104
C9orf3	0	104	104	104
C9orf43	0	104	104	104
C9orf50	0	104	104	104
C9orf62	0	104	104	104
C9orf69	0	104	104	104
C9orf78	0	104	104	104
C9orf84	0	104	104	104
CACFD1	0	104	104	104
CACNA1B	0	104	104	104
CAMSAP1	0	104	104	104
CARD19	0	104	104	104
CARD9	0	104	104	104
CCDC180	0	104	104	104
CCDC183	0	104	104	104
CCDC183-AS1	0	104	104	104
CCDC187	0	104	104	104
CDC14B	0	104	104	104
CDC26	0	104	104	104
CDK5RAP2	0	104	104	104
CDK9	0	104	104	104
CEL	0	104	104	104
CELP	0	104	104	104
CENPP	0	104	104	104
CERCAM	0	104	104	104
CFAP157	0	104	104	104
CFAP77	0	104	104	104
CIZ1	0	104	104	104
CLIC3	0	104	104	104
CNTRL	0	104	104	104
COL15A1	0	104	104	104
COL27A1	0	104	104	104
COL5A1	0	104	104	104
COL5A1-AS1	0	104	104	104
COQ4	0	104	104	104
CORO2A	0	104	104	104
CRAT	0	104	104	104
CRB2	0	104	104	104
CTNNAL1	0	104	104	104
CTSV	0	104	104	104
CYLC2	0	104	104	104
CYSRT1	0	104	104	104
DAB2IP	0	104	104	104
DBH	0	104	104	104
DBH-AS1	0	104	104	104
DDX31	0	104	104	104
DEC1	0	104	104	104
DENND1A	0	104	104	104
DKFZP434A062	0	104	104	104
DNAJC25	0	104	104	104
DNAJC25-GNG10	0	104	104	104
DNLZ	0	104	104	104
DNM1	0	104	104	104
DOLK	0	104	104	104
DOLPP1	0	104	104	104
DPH7	0	104	104	104
DPM2	0	104	104	104
DPP7	0	104	104	104
ECM2	0	104	104	104
EDF1	0	104	104	104
EGFL7	0	104	104	104
EHMT1	0	104	104	104
EHMT1-IT1	0	104	104	104
ENDOG	0	104	104	104
ENG	0	104	104	104
ENTPD2	0	104	104	104
ENTPD8	0	104	104	104
EPB41L4B	0	104	104	104
ERCC6L2	0	104	104	104
ERP44	0	104	104	104
EXD3	0	104	104	104
EXOSC2	0	104	104	104
FAM102A	0	104	104	104
FAM120A	0	104	104	104
FAM120AOS	0	104	104	104
FAM129B	0	104	104	104
FAM157B	0	104	104	104
FAM163B	0	104	104	104
FAM166A	0	104	104	104
FAM206A	0	104	104	104
FAM225A	0	104	104	104
FAM225B	0	104	104	104
FAM69B	0	104	104	104
FAM78A	0	104	104	104
FANCC	0	104	104	104
FBP1	0	104	104	104
FBP2	0	104	104	104
FBXW2	0	104	104	104
FBXW5	0	104	104	104
FCN1	0	104	104	104
FCN2	0	104	104	104
FGD3	0	104	104	104
FIBCD1	0	104	104	104
FKBP15	0	104	104	104
FKTN	0	104	104	104
FNBP1	0	104	104	104
FOXE1	0	104	104	104
FPGS	0	104	104	104
FRRS1L	0	104	104	104
FSD1L	0	104	104	104
FUBP3	0	104	104	104
FUT7	0	104	104	104
GABBR2	0	104	104	104
GALNT12	0	104	104	104
GAPVD1	0	104	104	104
GARNL3	0	104	104	104
GAS2L1P2	0	104	104	104
GBGT1	0	104	104	104
GFI1B	0	104	104	104
GGTA1P	0	104	104	104
GLE1	0	104	104	104
GLT6D1	0	104	104	104
GNG10	0	104	104	104
GOLGA1	0	104	104	104
GOLGA2	0	104	104	104
GPR107	0	104	104	104
GPR21	0	104	104	104
GPSM1	0	104	104	104
GRIN1	0	104	104	104
GRIN3A	0	104	104	104
GSN	0	104	104	104
GSN-AS1	0	104	104	104
GTF3C4	0	104	104	104
GTF3C5	0	104	104	104
HABP4	0	104	104	104
HDHD3	0	104	104	104
HEMGN	0	104	104	104
HMCN2	0	104	104	104
HSD17B3	0	104	104	104
HSDL2	0	104	104	104
HSPA5	0	104	104	104
HSPC324	0	104	104	104
IARS	0	104	104	104
IER5L	0	104	104	104
IKBKAP	0	104	104	104
INIP	0	104	104	104
INPP5E	0	104	104	104
INVS	0	104	104	104
IPPK	0	104	104	104
KCNT1	0	104	104	104
KIAA0368	0	104	104	104
KIAA1958	0	104	104	104
KIF12	0	104	104	104
KLF4	0	104	104	104
KYAT1	0	104	104	104
LAMC3	0	104	104	104
LCN1	0	104	104	104
LCN10	0	104	104	104
LCN12	0	104	104	104
LCN15	0	104	104	104
LCN2	0	104	104	104
LCN6	0	104	104	104
LCN8	0	104	104	104
LCN9	0	104	104	104
LCNL1	0	104	104	104
LHX2	0	104	104	104
LHX3	0	104	104	104
LHX6	0	104	104	104
LINC00092	0	104	104	104
LINC00094	0	104	104	104
LINC00474	0	104	104	104
LINC00475	0	104	104	104
LINC00476	0	104	104	104
LINC00484	0	104	104	104
LINC00587	0	104	104	104
LINC00963	0	104	104	104
LINC01451	0	104	104	104
LINC01492	0	104	104	104
LINC01502	0	104	104	104
LINC01503	0	104	104	104
LINC01505	0	104	104	104
LINC01509	0	104	104	104
LINC01613	0	104	104	104
LMX1B	0	104	104	104
LOC100128076	0	104	104	104
LOC100128361	0	104	104	104
LOC100128593	0	104	104	104
LOC100129034	0	104	104	104
LOC100129316	0	104	104	104
LOC100130548	0	104	104	104
LOC100132077	0	104	104	104
LOC100132781	0	104	104	104
LOC100133077	0	104	104	104
LOC100272217	0	104	104	104
LOC100288842	0	104	104	104
LOC100499484	0	104	104	104
LOC100499484-C9ORF174	0	104	104	104
LOC100505478	0	104	104	104
LOC100505588	0	104	104	104
LOC100506100	0	104	104	104
LOC100507346	0	104	104	104
LOC101448202	0	104	104	104
LOC101927954	0	104	104	104
LOC101928438	0	104	104	104
LOC101928523	0	104	104	104
LOC101928525	0	104	104	104
LOC101928748	0	104	104	104
LOC101928775	0	104	104	104
LOC101928786	0	104	104	104
LOC101928797	0	104	104	104
LOC101928932	0	104	104	104
LOC101929116	0	104	104	104
LOC101929331	0	104	104	104
LOC101929748	0	104	104	104
LOC102723566	0	104	104	104
LOC105376194	0	104	104	104
LOC105376271	0	104	104	104
LOC105376306	0	104	104	104
LOC105376331	0	104	104	104
LOC158434	0	104	104	104
LOC158435	0	104	104	104
LOC286359	0	104	104	104
LOC340512	0	104	104	104
LOC401554	0	104	104	104
LOC401557	0	104	104	104
LOC441454	0	104	104	104
LOC441455	0	104	104	104
LOC51145	0	104	104	104
LOC642943	0	104	104	104
LPAR1	0	104	104	104
LRRC26	0	104	104	104
LRRC37A5P	0	104	104	104
LRRC8A	0	104	104	104
LRSAM1	0	104	104	104
MAMDC4	0	104	104	104
MAN1B1	0	104	104	104
MAN1B1-AS1	0	104	104	104
MAPKAP1	0	104	104	104
MED22	0	104	104	104
MED27	0	104	104	104
MEGF9	0	104	104	104
MFSD14B	0	104	104	104
MFSD14C	0	104	104	104
MIGA2	0	104	104	104
MIR126	0	104	104	104
MIR1302-8	0	104	104	104
MIR147A	0	104	104	104
MIR181A2	0	104	104	104
MIR181A2HG	0	104	104	104
MIR181B2	0	104	104	104
MIR199B	0	104	104	104
MIR219A2	0	104	104	104
MIR219B	0	104	104	104
MIR2278	0	104	104	104
MIR23B	0	104	104	104
MIR24-1	0	104	104	104
MIR27B	0	104	104	104
MIR2861	0	104	104	104
MIR3074	0	104	104	104
MIR3154	0	104	104	104
MIR32	0	104	104	104
MIR3621	0	104	104	104
MIR3651	0	104	104	104
MIR3689A	0	104	104	104
MIR3689B	0	104	104	104
MIR3689C	0	104	104	104
MIR3689D1	0	104	104	104
MIR3689D2	0	104	104	104
MIR3689E	0	104	104	104
MIR3689F	0	104	104	104
MIR3910-1	0	104	104	104
MIR3910-2	0	104	104	104
MIR3911	0	104	104	104
MIR3927	0	104	104	104
MIR3960	0	104	104	104
MIR4291	0	104	104	104
MIR4292	0	104	104	104
MIR4478	0	104	104	104
MIR4479	0	104	104	104
MIR455	0	104	104	104
MIR4668	0	104	104	104
MIR4669	0	104	104	104
MIR4670	0	104	104	104
MIR4672	0	104	104	104
MIR4673	0	104	104	104
MIR4674	0	104	104	104
MIR548AU	0	104	104	104
MIR548AW	0	104	104	104
MIR600	0	104	104	104
MIR600HG	0	104	104	104
MIR601	0	104	104	104
MIR602	0	104	104	104
MIR6081	0	104	104	104
MIR6722	0	104	104	104
MIR6854	0	104	104	104
MIR6855	0	104	104	104
MIR6856	0	104	104	104
MIR6877	0	104	104	104
MIR7114	0	104	104	104
MIR7150	0	104	104	104
MIR7702	0	104	104	104
MIR8081	0	104	104	104
MIRLET7A1	0	104	104	104
MIRLET7D	0	104	104	104
MIRLET7DHG	0	104	104	104
MIRLET7F1	0	104	104	104
MORN5	0	104	104	104
MRPL41	0	104	104	104
MRPL50	0	104	104	104
MRPS2	0	104	104	104
MRRF	0	104	104	104
MSANTD3	0	104	104	104
MSANTD3-TMEFF1	0	104	104	104
MURC	0	104	104	104
MUSK	0	104	104	104
MVB12B	0	104	104	104
NACC2	0	104	104	104
NAIF1	0	104	104	104
NALT1	0	104	104	104
NAMA	0	104	104	104
NANS	0	104	104	104
NCBP1	0	104	104	104
NCS1	0	104	104	104
NDOR1	0	104	104	104
NDUFA8	0	104	104	104
NEK6	0	104	104	104
NELFB	0	104	104	104
NFIL3	0	104	104	104
NINJ1	0	104	104	104
NIPSNAP3A	0	104	104	104
NIPSNAP3B	0	104	104	104
NOL8	0	104	104	104
NOTCH1	0	104	104	104
NOXA1	0	104	104	104
NPDC1	0	104	104	104
NR4A3	0	104	104	104
NR5A1	0	104	104	104
NR6A1	0	104	104	104
NRARP	0	104	104	104
NRON	0	104	104	104
NSMF	0	104	104	104
NTMT1	0	104	104	104
NTNG2	0	104	104	104
NUP188	0	104	104	104
NUP214	0	104	104	104
NUTM2F	0	104	104	104
NUTM2G	0	104	104	104
OBP2A	0	104	104	104
OBP2B	0	104	104	104
ODF2	0	104	104	104
OGN	0	104	104	104
OLFM1	0	104	104	104
OLFML2A	0	104	104	104
OMD	0	104	104	104
OR13C2	0	104	104	104
OR13C3	0	104	104	104
OR13C4	0	104	104	104
OR13C5	0	104	104	104
OR13C8	0	104	104	104
OR13C9	0	104	104	104
OR13D1	0	104	104	104
OR13F1	0	104	104	104
OR1B1	0	104	104	104
OR1J1	0	104	104	104
OR1J2	0	104	104	104
OR1J4	0	104	104	104
OR1K1	0	104	104	104
OR1L1	0	104	104	104
OR1L3	0	104	104	104
OR1L4	0	104	104	104
OR1L6	0	104	104	104
OR1L8	0	104	104	104
OR1N1	0	104	104	104
OR1N2	0	104	104	104
OR1Q1	0	104	104	104
OR2K2	0	104	104	104
OR5C1	0	104	104	104
ORM1	0	104	104	104
ORM2	0	104	104	104
PAEP	0	104	104	104
PALM2	0	104	104	104
PALM2-AKAP2	0	104	104	104
PAPPA	0	104	104	104
PAPPA-AS1	0	104	104	104
PBX3	0	104	104	104
PCAT7	0	104	104	104
PDCL	0	104	104	104
PHF19	0	104	104	104
PHF2	0	104	104	104
PHPT1	0	104	104	104
PHYHD1	0	104	104	104
PIP5KL1	0	104	104	104
PKN3	0	104	104	104
PLPP7	0	104	104	104
PLPPR1	0	104	104	104
PMPCA	0	104	104	104
PNPLA7	0	104	104	104
POLE3	0	104	104	104
POMT1	0	104	104	104
PPP1R26	0	104	104	104
PPP1R26-AS1	0	104	104	104
PPP3R2	0	104	104	104
PPP6C	0	104	104	104
PRDM12	0	104	104	104
PRPF4	0	104	104	104
PRRC2B	0	104	104	104
PRRX2	0	104	104	104
PRRX2-AS1	0	104	104	104
PSMB7	0	104	104	104
PSMD5	0	104	104	104
PSMD5-AS1	0	104	104	104
PTBP3	0	104	104	104
PTCH1	0	104	104	104
PTGDS	0	104	104	104
PTGES	0	104	104	104
PTGES2	0	104	104	104
PTGES2-AS1	0	104	104	104
PTGR1	0	104	104	104
PTGS1	0	104	104	104
PTPA	0	104	104	104
PTPDC1	0	104	104	104
PTPN3	0	104	104	104
PTRH1	0	104	104	104
QRFP	0	104	104	104
QSOX2	0	104	104	104
RAB14	0	104	104	104
RABEPK	0	104	104	104
RABGAP1	0	104	104	104
RABL6	0	104	104	104
RAD23B	0	104	104	104
RALGAPA1P1	0	104	104	104
RALGDS	0	104	104	104
RALGPS1	0	104	104	104
RAPGEF1	0	104	104	104
RBM18	0	104	104	104
RC3H2	0	104	104	104
REXO4	0	104	104	104
RGS3	0	104	104	104
RNF183	0	104	104	104
RNF20	0	104	104	104
RNF208	0	104	104	104
RNF224	0	104	104	104
RNU6ATAC	0	104	104	104
ROR2	0	104	104	104
RPL12	0	104	104	104
RPL35	0	104	104	104
RPL7A	0	104	104	104
RXRA	0	104	104	104
SAPCD2	0	104	104	104
SARDH	0	104	104	104
SCAI	0	104	104	104
SDCCAG3	0	104	104	104
SEC16A	0	104	104	104
SEC61B	0	104	104	104
SET	0	104	104	104
SETX	0	104	104	104
SH2D3C	0	104	104	104
SH3GLB2	0	104	104	104
SLC25A25	0	104	104	104
SLC25A25-AS1	0	104	104	104
SLC27A4	0	104	104	104
SLC2A6	0	104	104	104
SLC2A8	0	104	104	104
SLC31A1	0	104	104	104
SLC31A2	0	104	104	104
SLC34A3	0	104	104	104
SLC35D2	0	104	104	104
SLC44A1	0	104	104	104
SLC46A2	0	104	104	104
SMC2	0	104	104	104
SMC2-AS1	0	104	104	104
SNAPC4	0	104	104	104
SNHG7	0	104	104	104
SNORA17A	0	104	104	104
SNORA17B	0	104	104	104
SNORA65	0	104	104	104
SNORA70C	0	104	104	104
SNORA84	0	104	104	104
SNORD24	0	104	104	104
SNORD36A	0	104	104	104
SNORD36B	0	104	104	104
SNORD36C	0	104	104	104
SNORD62A	0	104	104	104
SNORD90	0	104	104	104
SNX30	0	104	104	104
SOHLH1	0	104	104	104
SPACA9	0	104	104	104
SPOUT1	0	104	104	104
SPTAN1	0	104	104	104
SPTLC1	0	104	104	104
SSNA1	0	104	104	104
ST6GALNAC4	0	104	104	104
ST6GALNAC6	0	104	104	104
STKLD1	0	104	104	104
STOM	0	104	104	104
STPG3	0	104	104	104
STPG3-AS1	0	104	104	104
STRBP	0	104	104	104
STX17	0	104	104	104
STX17-AS1	0	104	104	104
STXBP1	0	104	104	104
SURF1	0	104	104	104
SURF2	0	104	104	104
SURF4	0	104	104	104
SURF6	0	104	104	104
SUSD1	0	104	104	104
SUSD3	0	104	104	104
SVEP1	0	104	104	104
SWI5	0	104	104	104
SYK	0	104	104	104
TAL2	0	104	104	104
TBC1D13	0	104	104	104
TBC1D2	0	104	104	104
TDRD7	0	104	104	104
TEX10	0	104	104	104
TGFBR1	0	104	104	104
TLR4	0	104	104	104
TMEFF1	0	104	104	104
TMEM141	0	104	104	104
TMEM203	0	104	104	104
TMEM210	0	104	104	104
TMEM245	0	104	104	104
TMEM246	0	104	104	104
TMEM246-AS1	0	104	104	104
TMEM268	0	104	104	104
TMEM38B	0	104	104	104
TMEM8C	0	104	104	104
TMOD1	0	104	104	104
TNC	0	104	104	104
TNFSF15	0	104	104	104
TNFSF8	0	104	104	104
TOR1A	0	104	104	104
TOR1B	0	104	104	104
TOR2A	0	104	104	104
TOR4A	0	104	104	104
TPRN	0	104	104	104
TRAF1	0	104	104	104
TRAF2	0	104	104	104
TRIM14	0	104	104	104
TRIM32	0	104	104	104
TRMO	0	104	104	104
TRUB2	0	104	104	104
TSC1	0	104	104	104
TSTD2	0	104	104	104
TTC16	0	104	104	104
TTF1	0	104	104	104
TTLL11	0	104	104	104
TUBB4B	0	104	104	104
TUBBP5	0	104	104	104
TXN	0	104	104	104
TXNDC8	0	104	104	104
UAP1L1	0	104	104	104
UBAC1	0	104	104	104
UCK1	0	104	104	104
UGCG	0	104	104	104
URM1	0	104	104	104
USP20	0	104	104	104
VAV2	0	104	104	104
WDR31	0	104	104	104
WDR34	0	104	104	104
WDR38	0	104	104	104
WDR5	0	104	104	104
WHRN	0	104	104	104
WNK2	0	104	104	104
XPA	0	104	104	104
ZBTB26	0	104	104	104
ZBTB34	0	104	104	104
ZBTB43	0	104	104	104
ZBTB6	0	104	104	104
ZDHHC12	0	104	104	104
ZER1	0	104	104	104
ZFP37	0	104	104	104
ZMYND19	0	104	104	104
ZNF169	0	104	104	104
ZNF189	0	104	104	104
ZNF367	0	104	104	104
ZNF462	0	104	104	104
ZNF483	0	104	104	104
ZNF484	0	104	104	104
ZNF510	0	104	104	104
ZNF618	0	104	104	104
ZNF782	0	104	104	104
ZNF79	0	104	104	104
ZNF883	0	104	104	104
CEBPA	100	0	100	100
CEBPA-AS1	100	0	100	100
KLLN	0	99	99	99
PTEN	0	99	99	99
CFAP53	0	97	97	97
CXXC1	0	97	97	97
DCC	0	97	97	97
ELAC1	0	97	97	97
LINC01630	0	97	97	97
LOC101928167	0	97	97	97
LOC102724651	0	97	97	97
MAPK4	0	97	97	97
MBD1	0	97	97	97
ME2	0	97	97	97
MEX3C	0	97	97	97
MIR4320	0	97	97	97
MIR4528	0	97	97	97
MRO	0	97	97	97
SKA1	0	97	97	97
SMAD4	0	97	97	97
ATL1	0	96	96	96
SAV1	0	96	96	96
AASDHPPT	0	93	93	93
ABCG4	0	93	93	93
ACAD8	0	93	93	93
ACAT1	0	93	93	93
ACRV1	0	93	93	93
ADAMTS15	0	93	93	93
ADAMTS8	0	93	93	93
ALG9	0	93	93	93
ALKBH8	0	93	93	93
ANKK1	0	93	93	93
APLP2	0	93	93	93
APOA1	0	93	93	93
APOA1-AS	0	93	93	93
APOA4	0	93	93	93
APOA5	0	93	93	93
APOC3	0	93	93	93
ARCN1	0	93	93	93
ARHGAP20	0	93	93	93
ARHGAP32	0	93	93	93
ARHGEF12	0	93	93	93
ATM	0	93	93	93
ATP5L	0	93	93	93
B3GAT1	0	93	93	93
BACE1	0	93	93	93
BACE1-AS	0	93	93	93
BARX2	0	93	93	93
BCL9L	0	93	93	93
BCO2	0	93	93	93
BLID	0	93	93	93
BSX	0	93	93	93
BTG4	0	93	93	93
BUD13	0	93	93	93
C11orf1	0	93	93	93
C11orf44	0	93	93	93
C11orf45	0	93	93	93
C11orf52	0	93	93	93
C11orf53	0	93	93	93
C11orf57	0	93	93	93
C11orf63	0	93	93	93
C11orf65	0	93	93	93
C11orf71	0	93	93	93
C11orf87	0	93	93	93
C11orf88	0	93	93	93
C1QTNF5	0	93	93	93
C2CD2L	0	93	93	93
CADM1	0	93	93	93
CBL	0	93	93	93
CCDC15	0	93	93	93
CCDC153	0	93	93	93
CCDC84	0	93	93	93
CD3D	0	93	93	93
CD3E	0	93	93	93
CD3G	0	93	93	93
CDON	0	93	93	93
CEP164	0	93	93	93
CHEK1	0	93	93	93
CLDN25	0	93	93	93
CLMP	0	93	93	93
COLCA1	0	93	93	93
COLCA2	0	93	93	93
CRTAM	0	93	93	93
CRYAB	0	93	93	93
CUL5	0	93	93	93
CWF19L2	0	93	93	93
CXCR5	0	93	93	93
DCPS	0	93	93	93
DDX10	0	93	93	93
DDX25	0	93	93	93
DDX6	0	93	93	93
DIXDC1	0	93	93	93
DLAT	0	93	93	93
DPAGT1	0	93	93	93
DRD2	0	93	93	93
DSCAML1	0	93	93	93
EI24	0	93	93	93
ELMOD1	0	93	93	93
ESAM	0	93	93	93
ETS1	0	93	93	93
EXPH5	0	93	93	93
FAM118B	0	93	93	93
FDX1	0	93	93	93
FDXACB1	0	93	93	93
FEZ1	0	93	93	93
FLI1	0	93	93	93
FOXR1	0	93	93	93
FOXRED1	0	93	93	93
FXYD2	0	93	93	93
FXYD6	0	93	93	93
FXYD6-FXYD2	0	93	93	93
GLB1L2	0	93	93	93
GLB1L3	0	93	93	93
GRAMD1B	0	93	93	93
GRIK4	0	93	93	93
GUCY1A2	0	93	93	93
H2AFX	0	93	93	93
HEPACAM	0	93	93	93
HEPN1	0	93	93	93
HINFP	0	93	93	93
HMBS	0	93	93	93
HSPA8	0	93	93	93
HSPB2	0	93	93	93
HSPB2-C11orf52	0	93	93	93
HTR3A	0	93	93	93
HTR3B	0	93	93	93
HYLS1	0	93	93	93
HYOU1	0	93	93	93
IFT46	0	93	93	93
IGSF9B	0	93	93	93
IL10RA	0	93	93	93
IL18	0	93	93	93
JAM3	0	93	93	93
JAML	0	93	93	93
KCNJ1	0	93	93	93
KCNJ5	0	93	93	93
KDELC2	0	93	93	93
KIRREL3	0	93	93	93
KIRREL3-AS2	0	93	93	93
KIRREL3-AS3	0	93	93	93
KMT2A	0	93	93	93
LAYN	0	93	93	93
LINC00167	0	93	93	93
LINC00900	0	93	93	93
LINC01395	0	93	93	93
LOC100128239	0	93	93	93
LOC100131626	0	93	93	93
LOC100132078	0	93	93	93
LOC100132686	0	93	93	93
LOC100507283	0	93	93	93
LOC100507431	0	93	93	93
LOC100507548	0	93	93	93
LOC100652768	0	93	93	93
LOC101928535	0	93	93	93
LOC101928823	0	93	93	93
LOC101928847	0	93	93	93
LOC101928940	0	93	93	93
LOC101928985	0	93	93	93
LOC101929011	0	93	93	93
LOC101929089	0	93	93	93
LOC101929208	0	93	93	93
LOC101929227	0	93	93	93
LOC101929340	0	93	93	93
LOC101929427	0	93	93	93
LOC101929473	0	93	93	93
LOC101929497	0	93	93	93
LOC101929517	0	93	93	93
LOC101929538	0	93	93	93
LOC101929653	0	93	93	93
LOC102724301	0	93	93	93
LOC103611081	0	93	93	93
LOC105369473	0	93	93	93
LOC105369486	0	93	93	93
LOC105369507	0	93	93	93
LOC105369509	0	93	93	93
LOC105369532	0	93	93	93
LOC283140	0	93	93	93
LOC283177	0	93	93	93
LOC341056	0	93	93	93
LOC387810	0	93	93	93
LOC403312	0	93	93	93
LOC643923	0	93	93	93
LOC646522	0	93	93	93
LOC649133	0	93	93	93
MCAM	0	93	93	93
MIR100	0	93	93	93
MIR100HG	0	93	93	93
MIR125B1	0	93	93	93
MIR3167	0	93	93	93
MIR34B	0	93	93	93
MIR34C	0	93	93	93
MIR3656	0	93	93	93
MIR4301	0	93	93	93
MIR4491	0	93	93	93
MIR4492	0	93	93	93
MIR4493	0	93	93	93
MIR4697	0	93	93	93
MIR4697HG	0	93	93	93
MIR6090	0	93	93	93
MIR6716	0	93	93	93
MIR6756	0	93	93	93
MIR8052	0	93	93	93
MIRLET7A2	0	93	93	93
MPZL2	0	93	93	93
MPZL3	0	93	93	93
MSANTD2	0	93	93	93
NCAM1	0	93	93	93
NCAM1-AS1	0	93	93	93
NCAPD3	0	93	93	93
NECTIN1	0	93	93	93
NFRKB	0	93	93	93
NLRX1	0	93	93	93
NNMT	0	93	93	93
NPAT	0	93	93	93
NRGN	0	93	93	93
NTM	0	93	93	93
NTM-AS1	0	93	93	93
NTM-IT	0	93	93	93
NXPE1	0	93	93	93
NXPE2	0	93	93	93
NXPE4	0	93	93	93
OAF	0	93	93	93
OPCML	0	93	93	93
OR10G4	0	93	93	93
OR10G7	0	93	93	93
OR10G8	0	93	93	93
OR10G9	0	93	93	93
OR10S1	0	93	93	93
OR4D5	0	93	93	93
OR6M1	0	93	93	93
OR6T1	0	93	93	93
OR6X1	0	93	93	93
OR8A1	0	93	93	93
OR8B12	0	93	93	93
OR8B2	0	93	93	93
OR8B3	0	93	93	93
OR8B4	0	93	93	93
OR8B8	0	93	93	93
OR8D1	0	93	93	93
OR8D2	0	93	93	93
OR8D4	0	93	93	93
OR8G1	0	93	93	93
OR8G2	0	93	93	93
OR8G5	0	93	93	93
PAFAH1B2	0	93	93	93
PANX3	0	93	93	93
PATE1	0	93	93	93
PATE2	0	93	93	93
PATE3	0	93	93	93
PATE4	0	93	93	93
PCSK7	0	93	93	93
PDZD3	0	93	93	93
PHLDB1	0	93	93	93
PIH1D2	0	93	93	93
PKNOX2	0	93	93	93
PKNOX2-AS1	0	93	93	93
PLET1	0	93	93	93
POU2AF1	0	93	93	93
POU2F3	0	93	93	93
PPP2R1B	0	93	93	93
PRDM10	0	93	93	93
PTS	0	93	93	93
PUS3	0	93	93	93
RAB39A	0	93	93	93
RBM7	0	93	93	93
RDX	0	93	93	93
REXO2	0	93	93	93
RNF214	0	93	93	93
RNF26	0	93	93	93
ROBO3	0	93	93	93
ROBO4	0	93	93	93
RPL23AP64	0	93	93	93
RPS25	0	93	93	93
RPUSD4	0	93	93	93
SC5D	0	93	93	93
SCN2B	0	93	93	93
SCN3B	0	93	93	93
SCN4B	0	93	93	93
SDHD	0	93	93	93
SENCR	0	93	93	93
SIAE	0	93	93	93
SIDT2	0	93	93	93
SIK2	0	93	93	93
SIK3	0	93	93	93
SLC35F2	0	93	93	93
SLC37A2	0	93	93	93
SLC37A4	0	93	93	93
SLN	0	93	93	93
SNORD14C	0	93	93	93
SNORD14D	0	93	93	93
SNORD14E	0	93	93	93
SNX19	0	93	93	93
SORL1	0	93	93	93
SPA17	0	93	93	93
SPATA19	0	93	93	93
SRPRA	0	93	93	93
ST14	0	93	93	93
ST3GAL4	0	93	93	93
ST3GAL4-AS1	0	93	93	93
STT3A	0	93	93	93
STT3A-AS1	0	93	93	93
TAGLN	0	93	93	93
TBCEL	0	93	93	93
TBRG1	0	93	93	93
TECTA	0	93	93	93
TEX12	0	93	93	93
THY1	0	93	93	93
THYN1	0	93	93	93
TIMM8B	0	93	93	93
TIRAP	0	93	93	93
TMEM136	0	93	93	93
TMEM218	0	93	93	93
TMEM225	0	93	93	93
TMEM25	0	93	93	93
TMEM45B	0	93	93	93
TMPRSS13	0	93	93	93
TMPRSS4	0	93	93	93
TMPRSS4-AS1	0	93	93	93
TMPRSS5	0	93	93	93
TP53AIP1	0	93	93	93
TRAPPC4	0	93	93	93
TREH	0	93	93	93
TRIM29	0	93	93	93
TTC12	0	93	93	93
TTC36	0	93	93	93
UBASH3B	0	93	93	93
UBE4A	0	93	93	93
UPK2	0	93	93	93
USP2	0	93	93	93
USP2-AS1	0	93	93	93
USP28	0	93	93	93
VPS11	0	93	93	93
VPS26B	0	93	93	93
VSIG2	0	93	93	93
VWA5A	0	93	93	93
ZBTB16	0	93	93	93
ZBTB44	0	93	93	93
ZC3H12C	0	93	93	93
ZNF202	0	93	93	93
ZPR1	0	93	93	93
ZW10	0	93	93	93
ABCA7	0	92	92	92
ABHD17A	0	92	92	92
ADAMTSL5	0	92	92	92
ADAT3	0	92	92	92
AES	0	92	92	92
AMH	0	92	92	92
ANKRD24	0	92	92	92
AP3D1	0	92	92	92
APBA3	0	92	92	92
APC2	0	92	92	92
ARHGAP45	0	92	92	92
ARID3A	0	92	92	92
ATCAY	0	92	92	92
ATP5D	0	92	92	92
ATP8B3	0	92	92	92
AZU1	0	92	92	92
BSG	0	92	92	92
BTBD2	0	92	92	92
C19orf24	0	92	92	92
C19orf25	0	92	92	92
C19orf35	0	92	92	92
C19orf71	0	92	92	92
C2CD4C	0	92	92	92
CACTIN	0	92	92	92
CACTIN-AS1	0	92	92	92
CBARP	0	92	92	92
CCDC94	0	92	92	92
CDC34	0	92	92	92
CELF5	0	92	92	92
CFD	0	92	92	92
CHAF1A	0	92	92	92
CIRBP	0	92	92	92
CIRBP-AS1	0	92	92	92
CNN2	0	92	92	92
CREB3L3	0	92	92	92
CSNK1G2	0	92	92	92
CSNK1G2-AS1	0	92	92	92
DAPK3	0	92	92	92
DAZAP1	0	92	92	92
DIRAS1	0	92	92	92
DOHH	0	92	92	92
DOT1L	0	92	92	92
DPP9	0	92	92	92
DPP9-AS1	0	92	92	92
EBI3	0	92	92	92
EEF2	0	92	92	92
EFNA2	0	92	92	92
ELANE	0	92	92	92
FEM1A	0	92	92	92
FGF22	0	92	92	92
FSD1	0	92	92	92
FSTL3	0	92	92	92
FZR1	0	92	92	92
GADD45B	0	92	92	92
GAMT	0	92	92	92
GIPC3	0	92	92	92
GNA11	0	92	92	92
GNA15	0	92	92	92
GNG7	0	92	92	92
GPX4	0	92	92	92
GRIN3B	0	92	92	92
GZMM	0	92	92	92
HCN2	0	92	92	92
HDGFRP2	0	92	92	92
HMG20B	0	92	92	92
IZUMO4	0	92	92	92
JSRP1	0	92	92	92
KISS1R	0	92	92	92
KLF16	0	92	92	92
LINC01002	0	92	92	92
LINGO3	0	92	92	92
LMNB2	0	92	92	92
LOC100288123	0	92	92	92
LOC100996351	0	92	92	92
LOC101928602	0	92	92	92
LRG1	0	92	92	92
LSM7	0	92	92	92
MADCAM1	0	92	92	92
MAP2K2	0	92	92	92
MATK	0	92	92	92
MBD3	0	92	92	92
MED16	0	92	92	92
MEX3D	0	92	92	92
MFSD12	0	92	92	92
MIDN	0	92	92	92
MIER2	0	92	92	92
MIR1227	0	92	92	92
MIR1909	0	92	92	92
MIR3187	0	92	92	92
MIR4321	0	92	92	92
MIR4745	0	92	92	92
MIR4746	0	92	92	92
MIR637	0	92	92	92
MIR6789	0	92	92	92
MIR7-3	0	92	92	92
MIR7-3HG	0	92	92	92
MIR7108	0	92	92	92
MIR7850	0	92	92	92
MISP	0	92	92	92
MKNK2	0	92	92	92
MOB3A	0	92	92	92
MPND	0	92	92	92
MRPL54	0	92	92	92
MUM1	0	92	92	92
MYDGF	0	92	92	92
NCLN	0	92	92	92
NDUFS7	0	92	92	92
NFIC	0	92	92	92
NMRK2	0	92	92	92
OAZ1	0	92	92	92
ODF3L2	0	92	92	92
ONECUT3	0	92	92	92
OR4F17	0	92	92	92
PALM	0	92	92	92
PCSK4	0	92	92	92
PIAS4	0	92	92	92
PIP5K1C	0	92	92	92
PLEKHJ1	0	92	92	92
PLIN4	0	92	92	92
PLIN5	0	92	92	92
PLK5	0	92	92	92
PLPP2	0	92	92	92
PLPPR3	0	92	92	92
POLR2E	0	92	92	92
POLRMT	0	92	92	92
PRSS57	0	92	92	92
PRTN3	0	92	92	92
PTBP1	0	92	92	92
R3HDM4	0	92	92	92
RAX2	0	92	92	92
REEP6	0	92	92	92
REXO1	0	92	92	92
RNF126	0	92	92	92
RPS15	0	92	92	92
S1PR4	0	92	92	92
SBNO2	0	92	92	92
SCAMP4	0	92	92	92
SEMA6B	0	92	92	92
SF3A2	0	92	92	92
SGTA	0	92	92	92
SH3GL1	0	92	92	92
SHC2	0	92	92	92
SHD	0	92	92	92
SIRT6	0	92	92	92
SLC39A3	0	92	92	92
SMIM24	0	92	92	92
SNORD37	0	92	92	92
SPPL2B	0	92	92	92
STAP2	0	92	92	92
STK11	0	92	92	92
TBXA2R	0	92	92	92
TCF3	0	92	92	92
THEG	0	92	92	92
THOP1	0	92	92	92
TIMM13	0	92	92	92
TJP3	0	92	92	92
TLE2	0	92	92	92
TLE6	0	92	92	92
TMEM259	0	92	92	92
TMIGD2	0	92	92	92
TMPRSS9	0	92	92	92
TNFAIP8L1	0	92	92	92
TPGS1	0	92	92	92
UBXN6	0	92	92	92
UQCR11	0	92	92	92
WASH5P	0	92	92	92
WDR18	0	92	92	92
ZBTB7A	0	92	92	92
ZFR2	0	92	92	92
ZNF554	0	92	92	92
ZNF555	0	92	92	92
ZNF556	0	92	92	92
ZNF57	0	92	92	92
ZNF77	0	92	92	92
ABCA11P	0	91	91	91
ADD1	0	91	91	91
ATP5I	0	91	91	91
C4orf48	0	91	91	91
CCNE1	91	0	91	91
CFAP99	0	91	91	91
CPLX1	0	91	91	91
CRIPAK	0	91	91	91
CTBP1	0	91	91	91
CTBP1-AS	0	91	91	91
CTBP1-AS2	0	91	91	91
DGKQ	0	91	91	91
DOK7	0	91	91	91
FAM193A	0	91	91	91
FAM53A	0	91	91	91
FGFR3	0	91	91	91
FGFRL1	0	91	91	91
GAK	0	91	91	91
GRK4	0	91	91	91
HAUS3	0	91	91	91
HGFAC	0	91	91	91
HTT	0	91	91	91
HTT-AS	0	91	91	91
IDUA	0	91	91	91
LETM1	0	91	91	91
LINC00955	0	91	91	91
LOC100129917	0	91	91	91
LOC100130872	0	91	91	91
LOC105374344	0	91	91	91
LRPAP1	0	91	91	91
MAEA	0	91	91	91
MFSD10	0	91	91	91
MFSD7	0	91	91	91
MIR4800	0	91	91	91
MIR571	0	91	91	91
MIR943	0	91	91	91
MSANTD1	0	91	91	91
MXD4	0	91	91	91
MYL5	0	91	91	91
NAT8L	0	91	91	91
NELFA	0	91	91	91
NKX1-1	0	91	91	91
NOP14	0	91	91	91
NOP14-AS1	0	91	91	91
PCGF3	0	91	91	91
PDE6B	0	91	91	91
PIGG	0	91	91	91
POLN	0	91	91	91
RGS12	0	91	91	91
RNF212	0	91	91	91
RNF4	0	91	91	91
SCARNA22	0	91	91	91
SH3BP2	0	91	91	91
SLBP	0	91	91	91
SLC26A1	0	91	91	91
SPON2	0	91	91	91
TACC3	0	91	91	91
TMED11P	0	91	91	91
TMEM129	0	91	91	91
TMEM175	0	91	91	91
TNIP2	0	91	91	91
UVSSA	0	91	91	91
WHSC1	0	91	91	91
ZFYVE28	0	91	91	91
ZNF141	0	91	91	91
ZNF595	0	91	91	91
ZNF718	0	91	91	91
ZNF721	0	91	91	91
ZNF732	0	91	91	91
ZNF876P	0	91	91	91
[SLC25A51P1]	85	0	85	85
C10orf11	0	84	84	84
LOC105378367	0	84	84	84
MIR606	0	84	84	84
ACR	0	82	82	82
ADM2	0	82	82	82
ALG12	0	82	82	82
ARHGAP8	0	82	82	82
ARSA	0	82	82	82
ATXN10	0	82	82	82
BRD1	0	82	82	82
C22orf34	0	82	82	82
CDPF1	0	82	82	82
CELSR1	0	82	82	82
CERK	0	82	82	82
CHKB	0	82	82	82
CHKB-AS1	0	82	82	82
CHKB-CPT1B	0	82	82	82
CPT1B	0	82	82	82
CRELD2	0	82	82	82
DENND6B	0	82	82	82
FAM118A	0	82	82	82
FAM19A5	0	82	82	82
FBLN1	0	82	82	82
GRAMD4	0	82	82	82
GTSE1	0	82	82	82
GTSE1-AS1	0	82	82	82
HDAC10	0	82	82	82
IL17REL	0	82	82	82
KIAA0930	0	82	82	82
KIAA1644	0	82	82	82
KLHDC7B	0	82	82	82
LDOC1L	0	82	82	82
LINC00207	0	82	82	82
LINC00229	0	82	82	82
LINC00898	0	82	82	82
LINC00899	0	82	82	82
LINC01310	0	82	82	82
LINC01589	0	82	82	82
LL22NC03-75H12.2	0	82	82	82
LMF2	0	82	82	82
LOC101927526	0	82	82	82
LOC105373100	0	82	82	82
LOC284930	0	82	82	82
LOC284933	0	82	82	82
LOC730668	0	82	82	82
MAPK11	0	82	82	82
MAPK12	0	82	82	82
MAPK8IP2	0	82	82	82
MIOX	0	82	82	82
MIR1249	0	82	82	82
MIR3201	0	82	82	82
MIR3619	0	82	82	82
MIR3667	0	82	82	82
MIR4535	0	82	82	82
MIR4762	0	82	82	82
MIR4763	0	82	82	82
MIR6821	0	82	82	82
MIRLET7A3	0	82	82	82
MIRLET7B	0	82	82	82
MIRLET7BHG	0	82	82	82
MLC1	0	82	82	82
MOV10L1	0	82	82	82
NCAPH2	0	82	82	82
NUP50	0	82	82	82
NUP50-AS1	0	82	82	82
ODF3B	0	82	82	82
PANX2	0	82	82	82
PARVB	0	82	82	82
PARVG	0	82	82	82
PHF21B	0	82	82	82
PIM3	0	82	82	82
PKDREJ	0	82	82	82
PLXNB2	0	82	82	82
PPARA	0	82	82	82
PPP6R2	0	82	82	82
PRR34	0	82	82	82
PRR34-AS1	0	82	82	82
PRR5	0	82	82	82
PRR5-ARHGAP8	0	82	82	82
RABL2B	0	82	82	82
RIBC2	0	82	82	82
RPL23AP82	0	82	82	82
SBF1	0	82	82	82
SCO2	0	82	82	82
SELO	0	82	82	82
SHANK3	0	82	82	82
SMC1B	0	82	82	82
SYCE3	0	82	82	82
TBC1D22A	0	82	82	82
TBC1D22A-AS1	0	82	82	82
TRABD	0	82	82	82
TRMU	0	82	82	82
TTC38	0	82	82	82
TUBGCP6	0	82	82	82
TYMP	0	82	82	82
UPK3A	0	82	82	82
WNT7B	0	82	82	82
ZBED4	0	82	82	82
MIR3199-1	0	80	80	80
MIR3199-2	0	80	80	80
MIR5739	0	80	80	80
PITPNB	0	80	80	80
TTC28	0	80	80	80
TTC28-AS1	0	80	80	80
[TNFSF10]	79	0	79	79
ELL	77	0	77	77
GDF15	77	0	77	77
IFI30	77	0	77	77
ISYNA1	77	0	77	77
JUND	77	0	77	77
KIAA1683	77	0	77	77
LOC102725254	77	0	77	77
LOC729966	77	0	77	77
LRRC25	77	0	77	77
LSM4	77	0	77	77
MIR3188	77	0	77	77
MIR3189	77	0	77	77
MPV17L2	77	0	77	77
PDE4C	77	0	77	77
PGPEP1	77	0	77	77
RAB3A	77	0	77	77
SSBP4	77	0	77	77
ADPRHL1	76	0	76	76
ANKRD10	76	0	76	76
ARHGEF7	76	0	76	76
ARHGEF7-AS1	76	0	76	76
ARHGEF7-AS2	76	0	76	76
ATP11A	76	0	76	76
ATP11A-AS1	76	0	76	76
ATP11AUN	76	0	76	76
ATP4B	76	0	76	76
CARS2	76	0	76	76
CDC16	76	0	76	76
CHAMP1	76	0	76	76
COL4A1	76	0	76	76
COL4A2	76	0	76	76
COL4A2-AS1	76	0	76	76
COL4A2-AS2	76	0	76	76
CUL4A	76	0	76	76
DCUN1D2	76	0	76	76
F10	76	0	76	76
F10-AS1	76	0	76	76
F7	76	0	76	76
GAS6	76	0	76	76
GAS6-AS1	76	0	76	76
GAS6-AS2	76	0	76	76
GRK1	76	0	76	76
GRTP1	76	0	76	76
GRTP1-AS1	76	0	76	76
ING1	76	0	76	76
IRS2	76	0	76	76
LAMP1	76	0	76	76
LINC00346	76	0	76	76
LINC00354	76	0	76	76
LINC00368	76	0	76	76
LINC00396	76	0	76	76
LINC00399	76	0	76	76
LINC00403	76	0	76	76
LINC00431	76	0	76	76
LINC00452	76	0	76	76
LINC00454	76	0	76	76
LINC00552	76	0	76	76
LINC00565	76	0	76	76
LINC00567	76	0	76	76
LINC00676	76	0	76	76
LINC01043	76	0	76	76
LINC01044	76	0	76	76
LINC01054	76	0	76	76
LINC01070	76	0	76	76
LOC100506016	76	0	76	76
LOC101060553	76	0	76	76
LOC101928730	76	0	76	76
LOC101928841	76	0	76	76
LOC105370369	76	0	76	76
MCF2L	76	0	76	76
MCF2L-AS1	76	0	76	76
MIR4502	76	0	76	76
MIR548AR	76	0	76	76
MIR8073	76	0	76	76
MIR8075	76	0	76	76
MIR920	0	76	76	76
MYO16	76	0	76	76
MYO16-AS1	76	0	76	76
NAXD	76	0	76	76
PCID2	76	0	76	76
PROZ	76	0	76	76
RAB20	76	0	76	76
RASA3	76	0	76	76
SOX1	76	0	76	76
SOX5	0	76	76	76
SPACA7	76	0	76	76
TEX29	76	0	76	76
TFDP1	76	0	76	76
TMCO3	76	0	76	76
TMEM255B	76	0	76	76
TUBGCP3	76	0	76	76
UPF3A	76	0	76	76
AKAP8	75	0	75	75
AKAP8L	75	0	75	75
BRD4	75	0	75	75
CCND1	75	0	75	75
EPHX3	75	0	75	75
MIR1470	75	0	75	75
ORAOV1	75	0	75	75
PGLYRP2	75	0	75	75
RASAL3	75	0	75	75
WIZ	75	0	75	75
ABHD2	0	74	74	74
ACAN	0	74	74	74
AEN	0	74	74	74
ANPEP	0	74	74	74
AP3S2	0	74	74	74
ARPIN	0	74	74	74
ARRDC4	0	74	74	74
ASB9P1	0	74	74	74
BLM	0	74	74	74
C15orf32	0	74	74	74
C15orf38-AP3S2	0	74	74	74
CHD2	0	74	74	74
CIB1	0	74	74	74
CRAT37	0	74	74	74
CRTC3	0	74	74	74
CRTC3-AS1	0	74	74	74
DET1	0	74	74	74
FAM169B	0	74	74	74
FAM174B	0	74	74	74
FANCI	0	74	74	74
FES	0	74	74	74
FURIN	0	74	74	74
GABARAPL3	0	74	74	74
GDPGP1	0	74	74	74
HAPLN3	0	74	74	74
HDDC3	0	74	74	74
HSP90B2P	0	74	74	74
IDH2	0	74	74	74
IGF1R	0	74	74	74
IQGAP1	0	74	74	74
IRAIN	0	74	74	74
ISG20	0	74	74	74
KIF7	0	74	74	74
LINC00923	0	74	74	74
LINC00924	0	74	74	74
LINC00928	0	74	74	74
LINC00930	0	74	74	74
LINC01197	0	74	74	74
LINC01578	0	74	74	74
LINC01579	0	74	74	74
LINC01580	0	74	74	74
LINC01581	0	74	74	74
LINC01582	0	74	74	74
LINC01585	0	74	74	74
LINC01586	0	74	74	74
LOC101926911	0	74	74	74
LOC101927153	0	74	74	74
LOC101927286	0	74	74	74
LOC101927310	0	74	74	74
LOC104613533	0	74	74	74
LOC440311	0	74	74	74
LRRC28	0	74	74	74
LUNAR1	0	74	74	74
MAN2A2	0	74	74	74
MCTP2	0	74	74	74
MESP1	0	74	74	74
MESP2	0	74	74	74
MFGE8	0	74	74	74
MIR1179	0	74	74	74
MIR1469	0	74	74	74
MIR3174	0	74	74	74
MIR3175	0	74	74	74
MIR3529	0	74	74	74
MIR4714	0	74	74	74
MIR5009	0	74	74	74
MIR5094	0	74	74	74
MIR6766	0	74	74	74
MIR7-2	0	74	74	74
MIR9-3	0	74	74	74
MIR9-3HG	0	74	74	74
MRPL46	0	74	74	74
MRPS11	0	74	74	74
NGRN	0	74	74	74
NR2F2	0	74	74	74
NR2F2-AS1	0	74	74	74
NTRK3-AS1	0	74	74	74
PEX11A	0	74	74	74
PGPEP1L	0	74	74	74
PLIN1	0	74	74	74
POLG	0	74	74	74
PRC1	0	74	74	74
PRC1-AS1	0	74	74	74
RCCD1	0	74	74	74
RGMA	0	74	74	74
RHCG	0	74	74	74
RLBP1	0	74	74	74
SEMA4B	0	74	74	74
SLCO3A1	0	74	74	74
SPATA8	0	74	74	74
SPATA8-AS1	0	74	74	74
ST8SIA2	0	74	74	74
SV2B	0	74	74	74
SYNM	0	74	74	74
TICRR	0	74	74	74
TTC23	0	74	74	74
TTLL13P	0	74	74	74
UNC45A	0	74	74	74
VPS33B	0	74	74	74
WDR93	0	74	74	74
ZNF710	0	74	74	74
ZNF774	0	74	74	74
AOX3P-AOX2P	72	0	72	72
DLG2	0	72	72	72
TMEM126B	0	72	72	72
FOXP1	0	71	71	71
FOXP1-AS1	0	71	71	71
MIR1284	0	71	71	71
SAMMSON	0	71	71	71
AGXT	0	70	70	70
ANKMY1	0	70	70	70
ANO7	0	70	70	70
AQP12A	0	70	70	70
AQP12B	0	70	70	70
ASB1	0	70	70	70
ATG4B	0	70	70	70
BOK	0	70	70	70
BOK-AS1	0	70	70	70
C2orf54	0	70	70	70
CAPN10	0	70	70	70
CAPN10-AS1	0	70	70	70
COL6A3	0	70	70	70
COPS8	0	70	70	70
COPS9	0	70	70	70
D2HGDH	0	70	70	70
DTYMK	0	70	70	70
DUSP28	0	70	70	70
ERFE	0	70	70	70
ESPNL	0	70	70	70
FARP2	0	70	70	70
FLJ43879	0	70	70	70
GAL3ST2	0	70	70	70
GPC1	0	70	70	70
GPR35	0	70	70	70
HDAC4	0	70	70	70
HDLBP	0	70	70	70
HES6	0	70	70	70
ILKAP	0	70	70	70
ING5	0	70	70	70
KIF1A	0	70	70	70
KLHL30	0	70	70	70
LINC01107	0	70	70	70
LINC01237	0	70	70	70
LOC101928111	0	70	70	70
LOC102723927	0	70	70	70
LOC150935	0	70	70	70
LOC151174	0	70	70	70
LOC200772	0	70	70	70
LOC285095	0	70	70	70
LOC643387	0	70	70	70
LOC728323	0	70	70	70
LOC93463	0	70	70	70
LRRFIP1	0	70	70	70
MGC16025	0	70	70	70
MIR149	0	70	70	70
MIR2467	0	70	70	70
MIR3133	0	70	70	70
MIR4269	0	70	70	70
MIR4440	0	70	70	70
MIR4441	0	70	70	70
MIR4786	0	70	70	70
MIR6811	0	70	70	70
MLPH	0	70	70	70
MTERF4	0	70	70	70
NDUFA10	0	70	70	70
NEU4	0	70	70	70
OR6B2	0	70	70	70
OR6B3	0	70	70	70
OTOS	0	70	70	70
PASK	0	70	70	70
PDCD1	0	70	70	70
PER2	0	70	70	70
PP14571	0	70	70	70
PPP1R7	0	70	70	70
PRLH	0	70	70	70
RAB17	0	70	70	70
RAMP1	0	70	70	70
RBM44	0	70	70	70
RNPEPL1	0	70	70	70
RTP5	0	70	70	70
SCLY	0	70	70	70
SEPT2	0	70	70	70
SNED1	0	70	70	70
STK25	0	70	70	70
THAP4	0	70	70	70
TRAF3IP1	0	70	70	70
TWIST2	0	70	70	70
UBE2F	0	70	70	70
UBE2F-SCLY	0	70	70	70
[SDC1]	67	0	67	67
ACVR2A	0	66	66	66
MBD5	0	66	66	66
ORC4	0	66	66	66
GGA1	65	0	65	65
LGALS1	65	0	65	65
LOC101927051	65	0	65	65
NOL12	65	0	65	65
PDXP	65	0	65	65
SH3BP1	65	0	65	65
TRIOBP	65	0	65	65
AACS	0	59	59	59
ABCB9	0	59	59	59
ADGRD1	0	59	59	59
ANHX	0	59	59	59
ANKLE2	0	59	59	59
ARL6IP4	0	59	59	59
ATP6V0A2	0	59	59	59
BRI3BP	0	59	59	59
C12orf65	0	59	59	59
CCDC62	0	59	59	59
CCDC92	0	59	59	59
CDK2AP1	0	59	59	59
CHFR	0	59	59	59
CLIP1	0	59	59	59
CLIP1-AS1	0	59	59	59
CRAT8	0	59	59	59
DDX51	0	59	59	59
DDX55	0	59	59	59
DENR	0	59	59	59
DHX37	0	59	59	59
DNAH10	0	59	59	59
EIF2B1	0	59	59	59
EP400	0	59	59	59
EP400NL	0	59	59	59
FBRSL1	0	59	59	59
FLJ37505	0	59	59	59
FZD10	0	59	59	59
FZD10-AS1	0	59	59	59
GALNT9	0	59	59	59
GLT1D1	0	59	59	59
GOLGA3	0	59	59	59
GTF2H3	0	59	59	59
HCAR1	0	59	59	59
HCAR2	0	59	59	59
HCAR3	0	59	59	59
HIP1R	0	59	59	59
KMT5A	0	59	59	59
KNTC1	0	59	59	59
LACAT8	0	59	59	59
LINC00507	0	59	59	59
LINC00508	0	59	59	59
LINC00939	0	59	59	59
LINC00943	0	59	59	59
LINC00944	0	59	59	59
LINC01257	0	59	59	59
LOC100128554	0	59	59	59
LOC100130238	0	59	59	59
LOC100190940	0	59	59	59
LOC100507091	0	59	59	59
LOC100996671	0	59	59	59
LOC100996679	0	59	59	59
LOC101927415	0	59	59	59
LOC101927464	0	59	59	59
LOC101927592	0	59	59	59
LOC101927616	0	59	59	59
LOC101927637	0	59	59	59
LOC101927694	0	59	59	59
LOC101927735	0	59	59	59
LOC101928416	0	59	59	59
LOC101928530	0	59	59	59
LOC101928597	0	59	59	59
LOC105370068	0	59	59	59
LOC107161159	0	59	59	59
LOC283352	0	59	59	59
LOC338797	0	59	59	59
LOC440117	0	59	59	59
LRCOL1	0	59	59	59
MIR3612	0	59	59	59
MIR3908	0	59	59	59
MIR4304	0	59	59	59
MIR4419B	0	59	59	59
MIR5188	0	59	59	59
MIR6763	0	59	59	59
MIR6880	0	59	59	59
MIR8072	0	59	59	59
MMP17	0	59	59	59
MPHOSPH9	0	59	59	59
NCOR2	0	59	59	59
NOC4L	0	59	59	59
OGFOD2	0	59	59	59
P2RX2	0	59	59	59
PGAM5	0	59	59	59
PITPNM2	0	59	59	59
PIWIL1	0	59	59	59
POLE	0	59	59	59
PUS1	0	59	59	59
PXMP2	0	59	59	59
RAN	0	59	59	59
RFLNA	0	59	59	59
RILPL1	0	59	59	59
RILPL2	0	59	59	59
RIMBP2	0	59	59	59
RSRC2	0	59	59	59
SBNO1	0	59	59	59
SCARB1	0	59	59	59
SFSWAP	0	59	59	59
SLC15A4	0	59	59	59
SNORA49	0	59	59	59
SNRNP35	0	59	59	59
STX2	0	59	59	59
TCTN2	0	59	59	59
THRIL	0	59	59	59
TMED2	0	59	59	59
TMEM132B	0	59	59	59
TMEM132C	0	59	59	59
TMEM132D	0	59	59	59
UBC	0	59	59	59
ULK1	0	59	59	59
VPS37B	0	59	59	59
ZCCHC8	0	59	59	59
ZNF10	0	59	59	59
ZNF140	0	59	59	59
ZNF26	0	59	59	59
ZNF268	0	59	59	59
ZNF605	0	59	59	59
ZNF664	0	59	59	59
ZNF664-FAM101A	0	59	59	59
ZNF84	0	59	59	59
ZNF891	0	59	59	59
AGAP2	58	0	58	58
AGAP2-AS1	58	0	58	58
AVIL	58	0	58	58
CDK4	58	0	58	58
CTDSP2	58	0	58	58
CYP27B1	58	0	58	58
MARCH9	58	0	58	58
METTL1	58	0	58	58
METTL21B	58	0	58	58
MIR26A2	58	0	58	58
MIR6759	58	0	58	58
MIR7157	0	58	58	58
OS9	58	0	58	58
TSFM	58	0	58	58
TSPAN31	58	0	58	58
[SERBP1]	57	0	57	57
KLB	55	0	55	55
LIAS	55	0	55	55
LOC401127	55	0	55	55
RPL9	55	0	55	55
UGDH	55	0	55	55
UGDH-AS1	55	0	55	55
[RNU6ATAC]	54	0	54	54
ACAP2	0	49	49	49
APOD	0	49	49	49
ATP13A3	0	49	49	49
ATP13A4	0	49	49	49
ATP13A4-AS1	0	49	49	49
ATP13A5	0	49	49	49
ATP13A5-AS1	0	49	49	49
CCDC50	0	49	49	49
CEP19	0	49	49	49
CLDN1	0	49	49	49
CLDN16	0	49	49	49
CPN2	0	49	49	49
DLG1	0	49	49	49
DLG1-AS1	0	49	49	49
DPPA2P3	0	49	49	49
FAM43A	0	49	49	49
FBXO45	0	49	49	49
FGF12	0	49	49	49
FGF12-AS1	0	49	49	49
FGF12-AS3	0	49	49	49
FLJ42393	0	49	49	49
GMNC	0	49	49	49
GP5	0	49	49	49
HES1	0	49	49	49
HRASLS	0	49	49	49
IL1RAP	0	49	49	49
LINC00884	0	49	49	49
LINC00885	0	49	49	49
LINC00887	0	49	49	49
LINC00969	0	49	49	49
LINC01063	0	49	49	49
LINCR-0002	0	49	49	49
LOC100505920	0	49	49	49
LOC100507391	0	49	49	49
LOC101929337	0	49	49	49
LOC101929697	0	49	49	49
LOC105374297	0	49	49	49
LOC285389	0	49	49	49
LOC647323	0	49	49	49
LPP	0	49	49	49
LPP-AS1	0	49	49	49
LPP-AS2	0	49	49	49
LRRC15	0	49	49	49
LSG1	0	49	49	49
MB21D2	0	49	49	49
MELTF	0	49	49	49
MFI2-AS1	0	49	49	49
MGC2889	0	49	49	49
MIR28	0	49	49	49
MIR3137	0	49	49	49
MIR4797	0	49	49	49
MIR570	0	49	49	49
MIR6829	0	49	49	49
MIR944	0	49	49	49
MUC20	0	49	49	49
MUC4	0	49	49	49
NCBP2	0	49	49	49
NCBP2-AS2	0	49	49	49
NRROS	0	49	49	49
OPA1	0	49	49	49
OPA1-AS1	0	49	49	49
OSTN	0	49	49	49
OSTN-AS1	0	49	49	49
P3H2	0	49	49	49
P3H2-AS1	0	49	49	49
PAK2	0	49	49	49
PCYT1A	0	49	49	49
PIGX	0	49	49	49
PIGZ	0	49	49	49
PPP1R2	0	49	49	49
PYDC2	0	49	49	49
RNF168	0	49	49	49
SDHAP1	0	49	49	49
SDHAP2	0	49	49	49
SENP5	0	49	49	49
SLC51A	0	49	49	49
SMCO1	0	49	49	49
SNAR-I	0	49	49	49
TCTEX1D2	0	49	49	49
TFRC	0	49	49	49
TM4SF19	0	49	49	49
TM4SF19-AS1	0	49	49	49
TM4SF19-TCTEX1D2	0	49	49	49
TMEM207	0	49	49	49
TMEM44	0	49	49	49
TMEM44-AS1	0	49	49	49
TNK2	0	49	49	49
TP63	0	49	49	49
TPRG1	0	49	49	49
TPRG1-AS1	0	49	49	49
TPRG1-AS2	0	49	49	49
UBXN7	0	49	49	49
UBXN7-AS1	0	49	49	49
UTS2B	0	49	49	49
WDR53	0	49	49	49
XXYLT1	0	49	49	49
XXYLT1-AS1	0	49	49	49
XXYLT1-AS2	0	49	49	49
ZDHHC19	0	49	49	49
ADAM32	47	0	47	47
ADAM3A	47	0	47	47
ADAM5	47	0	47	47
ADAM9	47	0	47	47
HTRA4	47	0	47	47
PLEKHA2	47	0	47	47
TACC1	47	0	47	47
TM2D2	47	0	47	47
AKAP10	44	0	44	44
ALDH3A1	44	0	44	44
ALDH3A2	44	0	44	44
B9D1	44	0	44	44
CCDC144CP	44	0	44	44
EPN2	44	0	44	44
EPN2-AS1	44	0	44	44
EPN2-IT1	44	0	44	44
FAM106B	44	0	44	44
FAM83G	44	0	44	44
GRAP	44	0	44	44
GRAPL	44	0	44	44
LOC388436	44	0	44	44
MAPK7	44	0	44	44
MFAP4	44	0	44	44
MIR1180	44	0	44	44
RNF112	44	0	44	44
SLC47A1	44	0	44	44
SLC47A2	44	0	44	44
SLC5A10	44	0	44	44
SNORA59A	44	0	44	44
SNORD3A	44	0	44	44
SNORD3B-1	44	0	44	44
SNORD3C	44	0	44	44
SNORD3D	44	0	44	44
SPECC1	44	0	44	44
ULK2	44	0	44	44
CARMIL3	43	0	43	43
CPNE6	43	0	43	43
DCAF11	43	0	43	43
DHRS4L1	43	0	43	43
FITM1	43	0	43	43
MIR4789	0	43	43	43
NAALADL2	0	43	43	43
NAALADL2-AS1	0	43	43	43
NAALADL2-AS2	0	43	43	43
NAALADL2-AS3	0	43	43	43
NRL	43	0	43	43
PCK2	43	0	43	43
AASS	0	36	36	36
ABCB8	0	36	36	36
ABCF2	0	36	36	36
ACTR3B	0	36	36	36
ACTR3C	0	36	36	36
ADCK2	0	36	36	36
AGAP3	0	36	36	36
AGBL3	0	36	36	36
AGK	0	36	36	36
AHCYL2	0	36	36	36
AKR1B1	0	36	36	36
AKR1B10	0	36	36	36
AKR1B15	0	36	36	36
AKR1D1	0	36	36	36
AOC1	0	36	36	36
ARF5	0	36	36	36
ARHGEF34P	0	36	36	36
ARHGEF35	0	36	36	36
ARHGEF5	0	36	36	36
ASB10	0	36	36	36
ASB15	0	36	36	36
ASIC3	0	36	36	36
ATG9B	0	36	36	36
ATP6V0A4	0	36	36	36
ATP6V0E2	0	36	36	36
ATP6V0E2-AS1	0	36	36	36
ATP6V1F	0	36	36	36
BLACE	0	36	36	36
BPGM	0	36	36	36
BRAF	0	36	36	36
C7orf13	0	36	36	36
C7orf33	0	36	36	36
C7orf34	0	36	36	36
C7orf49	0	36	36	36
C7orf55-LUC7L2	0	36	36	36
C7orf73	0	36	36	36
C7orf77	0	36	36	36
CADPS2	0	36	36	36
CALD1	0	36	36	36
CALU	0	36	36	36
CASP2	0	36	36	36
CCDC136	0	36	36	36
CDK5	0	36	36	36
CEP41	0	36	36	36
CHCHD3	0	36	36	36
CHPF2	0	36	36	36
CHRM2	0	36	36	36
CLCN1	0	36	36	36
CLEC2L	0	36	36	36
CLEC5A	0	36	36	36
CNOT4	0	36	36	36
CNPY1	0	36	36	36
CNTNAP2	0	36	36	36
COPG2	0	36	36	36
COPG2IT1	0	36	36	36
CPA1	0	36	36	36
CPA2	0	36	36	36
CPA4	0	36	36	36
CPA5	0	36	36	36
CPED1	0	36	36	36
CREB3L2	0	36	36	36
CRYGN	0	36	36	36
CTAGE15	0	36	36	36
CTAGE4	0	36	36	36
CTAGE6	0	36	36	36
CTAGE8	0	36	36	36
CUL1	0	36	36	36
DENND2A	0	36	36	36
DGKI	0	36	36	36
DNAJB6	0	36	36	36
DPP6	0	36	36	36
EN2	0	36	36	36
EPHA1	0	36	36	36
EPHA1-AS1	0	36	36	36
EPHB6	0	36	36	36
ESYT2	0	36	36	36
EXOC4	0	36	36	36
EZH2	0	36	36	36
FABP5P3	0	36	36	36
FAM131B	0	36	36	36
FAM180A	0	36	36	36
FAM3C	0	36	36	36
FAM71F1	0	36	36	36
FAM71F2	0	36	36	36
FASTK	0	36	36	36
FEZF1	0	36	36	36
FEZF1-AS1	0	36	36	36
FLJ40288	0	36	36	36
FLNC	0	36	36	36
FMC1	0	36	36	36
FSCN3	0	36	36	36
GALNT11	0	36	36	36
GALNTL5	0	36	36	36
GBX1	0	36	36	36
GCC1	0	36	36	36
GHET1	0	36	36	36
GIMAP1	0	36	36	36
GIMAP1-GIMAP5	0	36	36	36
GIMAP2	0	36	36	36
GIMAP4	0	36	36	36
GIMAP5	0	36	36	36
GIMAP6	0	36	36	36
GIMAP7	0	36	36	36
GIMAP8	0	36	36	36
GPR37	0	36	36	36
GRM8	0	36	36	36
GSTK1	0	36	36	36
HILPDA	0	36	36	36
HIPK2	0	36	36	36
HTR5A	0	36	36	36
HTR5A-AS1	0	36	36	36
HYAL4	0	36	36	36
HYALP1	0	36	36	36
IMPDH1	0	36	36	36
ING3	0	36	36	36
INSIG1	0	36	36	36
IQCA1L	0	36	36	36
IQUB	0	36	36	36
IRF5	0	36	36	36
JHDM1D-AS1	0	36	36	36
KCND2	0	36	36	36
KCNH2	0	36	36	36
KCP	0	36	36	36
KDM7A	0	36	36	36
KEL	0	36	36	36
KIAA1147	0	36	36	36
KIAA1549	0	36	36	36
KLF14	0	36	36	36
KLHDC10	0	36	36	36
KLRG2	0	36	36	36
KMT2C	0	36	36	36
KRBA1	0	36	36	36
LEP	0	36	36	36
LINC-PINT	0	36	36	36
LINC00244	0	36	36	36
LINC00689	0	36	36	36
LINC00996	0	36	36	36
LINC01000	0	36	36	36
LINC01003	0	36	36	36
LINC01006	0	36	36	36
LINC01022	0	36	36	36
LINC01287	0	36	36	36
LMBR1	0	36	36	36
LMOD2	0	36	36	36
LOC100129148	0	36	36	36
LOC100130705	0	36	36	36
LOC100130880	0	36	36	36
LOC100506302	0	36	36	36
LOC100506585	0	36	36	36
LOC100506682	0	36	36	36
LOC100506860	0	36	36	36
LOC100506937	0	36	36	36
LOC100507507	0	36	36	36
LOC101927914	0	36	36	36
LOC101928211	0	36	36	36
LOC101928254	0	36	36	36
LOC101928283	0	36	36	36
LOC101928333	0	36	36	36
LOC101928605	0	36	36	36
LOC101928700	0	36	36	36
LOC101928782	0	36	36	36
LOC101928807	0	36	36	36
LOC101928861	0	36	36	36
LOC101929998	0	36	36	36
LOC102724555	0	36	36	36
LOC105375483	0	36	36	36
LOC105375504	0	36	36	36
LOC105375512	0	36	36	36
LOC105375545	0	36	36	36
LOC105375556	0	36	36	36
LOC154761	0	36	36	36
LOC155060	0	36	36	36
LOC285889	0	36	36	36
LOC349160	0	36	36	36
LOC389602	0	36	36	36
LOC407835	0	36	36	36
LOC728743	0	36	36	36
LRGUK	0	36	36	36
LRRC4	0	36	36	36
LRRC61	0	36	36	36
LUC7L2	0	36	36	36
LUZP6	0	36	36	36
LVCAT5	0	36	36	36
MEST	0	36	36	36
MESTIT1	0	36	36	36
METTL2B	0	36	36	36
MGAM	0	36	36	36
MGAM2	0	36	36	36
MGC27345	0	36	36	36
MIR129-1	0	36	36	36
MIR153-2	0	36	36	36
MIR182	0	36	36	36
MIR183	0	36	36	36
MIR29A	0	36	36	36
MIR29B1	0	36	36	36
MIR335	0	36	36	36
MIR3654	0	36	36	36
MIR3907	0	36	36	36
MIR4468	0	36	36	36
MIR490	0	36	36	36
MIR548F4	0	36	36	36
MIR5707	0	36	36	36
MIR592	0	36	36	36
MIR593	0	36	36	36
MIR595	0	36	36	36
MIR6133	0	36	36	36
MIR6509	0	36	36	36
MIR671	0	36	36	36
MIR6892	0	36	36	36
MIR96	0	36	36	36
MKLN1	0	36	36	36
MKLN1-AS	0	36	36	36
MKRN1	0	36	36	36
MNX1	0	36	36	36
MNX1-AS1	0	36	36	36
MOXD2P	0	36	36	36
MRPS33	0	36	36	36
MTRNR2L6	0	36	36	36
NCAPG2	0	36	36	36
NDUFA5	0	36	36	36
NDUFB2	0	36	36	36
NDUFB2-AS1	0	36	36	36
NOBOX	0	36	36	36
NOM1	0	36	36	36
NOS3	0	36	36	36
NRF1	0	36	36	36
NUB1	0	36	36	36
NUP205	0	36	36	36
OPN1SW	0	36	36	36
OR2A1	0	36	36	36
OR2A1-AS1	0	36	36	36
OR2A12	0	36	36	36
OR2A14	0	36	36	36
OR2A2	0	36	36	36
OR2A20P	0	36	36	36
OR2A25	0	36	36	36
OR2A5	0	36	36	36
OR2A7	0	36	36	36
OR2A9P	0	36	36	36
OR2F1	0	36	36	36
OR2F2	0	36	36	36
OR6B1	0	36	36	36
OR6V1	0	36	36	36
OR6W1P	0	36	36	36
OR9A2	0	36	36	36
OR9A4	0	36	36	36
PARP12	0	36	36	36
PAX4	0	36	36	36
PAXIP1	0	36	36	36
PAXIP1-AS1	0	36	36	36
PAXIP1-AS2	0	36	36	36
PDIA4	0	36	36	36
PIP	0	36	36	36
PLXNA4	0	36	36	36
PODXL	0	36	36	36
POT1	0	36	36	36
POT1-AS1	0	36	36	36
PRKAG2	0	36	36	36
PRKAG2-AS1	0	36	36	36
PRRT4	0	36	36	36
PRSS1	0	36	36	36
PRSS2	0	36	36	36
PRSS37	0	36	36	36
PRSS58	0	36	36	36
PTN	0	36	36	36
PTPRN2	0	36	36	36
PTPRZ1	0	36	36	36
RAB19	0	36	36	36
RARRES2	0	36	36	36
RBM28	0	36	36	36
RBM33	0	36	36	36
REPIN1	0	36	36	36
RHEB	0	36	36	36
RNF133	0	36	36	36
RNF148	0	36	36	36
RNF32	0	36	36	36
RNU6-8	0	36	36	36
RNY1	0	36	36	36
RNY3	0	36	36	36
RNY4	0	36	36	36
RNY5	0	36	36	36
SHH	0	36	36	36
SLC13A1	0	36	36	36
SLC13A4	0	36	36	36
SLC35B4	0	36	36	36
SLC37A3	0	36	36	36
SLC4A2	0	36	36	36
SMARCD3	0	36	36	36
SMKR1	0	36	36	36
SMO	0	36	36	36
SND1	0	36	36	36
SND1-IT1	0	36	36	36
SPAM1	0	36	36	36
SSBP1	0	36	36	36
SSMEM1	0	36	36	36
SSPO	0	36	36	36
STRA8	0	36	36	36
STRIP2	0	36	36	36
SVOPL	0	36	36	36
TAS2R16	0	36	36	36
TAS2R3	0	36	36	36
TAS2R38	0	36	36	36
TAS2R39	0	36	36	36
TAS2R4	0	36	36	36
TAS2R40	0	36	36	36
TAS2R41	0	36	36	36
TAS2R5	0	36	36	36
TAS2R60	0	36	36	36
TBXAS1	0	36	36	36
TCAF1	0	36	36	36
TCAF2	0	36	36	36
TCAF2P1	0	36	36	36
TMEM139	0	36	36	36
TMEM140	0	36	36	36
TMEM176A	0	36	36	36
TMEM176B	0	36	36	36
TMEM178B	0	36	36	36
TMEM209	0	36	36	36
TMEM213	0	36	36	36
TMEM229A	0	36	36	36
TMUB1	0	36	36	36
TNPO3	0	36	36	36
TPI1P2	0	36	36	36
TPK1	0	36	36	36
TRIM24	0	36	36	36
TRPV5	0	36	36	36
TRPV6	0	36	36	36
TRY2P	0	36	36	36
TSGA13	0	36	36	36
TSPAN12	0	36	36	36
TSPAN33	0	36	36	36
TTC26	0	36	36	36
UBE2H	0	36	36	36
UBE3C	0	36	36	36
UBN2	0	36	36	36
VIPR2	0	36	36	36
WASL	0	36	36	36
WDR60	0	36	36	36
WDR86	0	36	36	36
WDR86-AS1	0	36	36	36
WDR91	0	36	36	36
WEE2	0	36	36	36
WEE2-AS1	0	36	36	36
WNT16	0	36	36	36
XRCC2	0	36	36	36
ZBED6CL	0	36	36	36
ZC3HAV1	0	36	36	36
ZC3HAV1L	0	36	36	36
ZC3HC1	0	36	36	36
ZNF212	0	36	36	36
ZNF282	0	36	36	36
ZNF398	0	36	36	36
ZNF425	0	36	36	36
ZNF467	0	36	36	36
ZNF746	0	36	36	36
ZNF767P	0	36	36	36
ZNF775	0	36	36	36
ZNF777	0	36	36	36
ZNF783	0	36	36	36
ZNF786	0	36	36	36
ZNF800	0	36	36	36
ZNF862	0	36	36	36
ZYX	0	36	36	36
hsa-mir-1975	0	36	36	36
hsa-mir-96	0	36	36	36
ANKRD26P1	35	0	35	35
C16orf87	35	0	35	35
DNAJA2	35	0	35	35
ENPP7P13	35	0	35	35
FLJ26245	35	0	35	35
FRG2DP	35	0	35	35
GPT2	35	0	35	35
HERC2P4	35	0	35	35
LINC00273	35	0	35	35
LINC01566	35	0	35	35
LOC102723753	35	0	35	35
LOC390705	35	0	35	35
MYLK3	35	0	35	35
NETO2	35	0	35	35
ORC6	35	0	35	35
SHCBP1	35	0	35	35
SLC6A10P	35	0	35	35
TP53TG3	35	0	35	35
TP53TG3B	35	0	35	35
TP53TG3C	35	0	35	35
TP53TG3D	35	0	35	35
TP53TG3E	35	0	35	35
TP53TG3F	35	0	35	35
TP53TG3HP	35	0	35	35
UBE2MP1	35	0	35	35
VPS35	35	0	35	35
ZNF267	35	0	35	35
hsa-mir-1826	35	0	35	35
FLRT3	0	29	29	29
LOC613266	0	29	29	29
MACROD2-AS1	0	29	29	29
MACROD2-IT1	0	29	29	29
