Hugo_Symbol	Amp	Del	total	AlteredSamples
ADAM28	0	314	314	314
ADAM7	0	314	314	314
ADAMDEC1	0	314	314	314
BIN3	0	314	314	314
BIN3-IT1	0	314	314	314
BMP1	0	314	314	314
C8orf58	0	314	314	314
CCAR2	0	314	314	314
CHMP7	0	314	314	314
DMTN	0	314	314	314
DOK2	0	314	314	314
EGR3	0	314	314	314
ENTPD4	0	314	314	314
FAM160B2	0	314	314	314
FGF17	0	314	314	314
GFRA2	0	314	314	314
HR	0	314	314	314
LGI3	0	314	314	314
LOC100507071	0	314	314	314
LOC100507156	0	314	314	314
LOC101929172	0	314	314	314
LOC101929237	0	314	314	314
LOC101929294	0	314	314	314
LOC101929315	0	314	314	314
LOC102467222	0	314	314	314
LOC254896	0	314	314	314
LOC286059	0	314	314	314
LOC286114	0	314	314	314
LOC389641	0	314	314	314
LOXL2	0	314	314	314
MIR320A	0	314	314	314
MIR6841	0	314	314	314
NEFL	0	314	314	314
NEFM	0	314	314	314
NKX2-6	0	314	314	314
NKX3-1	0	314	314	314
NPM2	0	314	314	314
NUDT18	0	314	314	314
PDLIM2	0	314	314	314
PEBP4	0	314	314	314
PHYHIP	0	314	314	314
PIWIL2	0	314	314	314
POLR3D	0	314	314	314
PPP3CC	0	314	314	314
R3HCC1	0	314	314	314
REEP4	0	314	314	314
RHOBTB2	0	314	314	314
SFTPC	0	314	314	314
SLC25A37	0	314	314	314
SLC39A14	0	314	314	314
SORBS3	0	314	314	314
STC1	0	314	314	314
TNFRSF10A	0	314	314	314
TNFRSF10B	0	314	314	314
TNFRSF10C	0	314	314	314
TNFRSF10D	0	314	314	314
XPO7	0	314	314	314
COG3	0	239	239	239
CPB2	0	239	239	239
CPB2-AS1	0	239	239	239
ERICH6B	0	239	239	239
ESD	0	239	239	239
GPALPP1	0	239	239	239
GTF2F2	0	239	239	239
HTR2A	0	239	239	239
HTR2A-AS1	0	239	239	239
KCTD4	0	239	239	239
LACC1	0	239	239	239
LCP1	0	239	239	239
LINC00284	0	239	239	239
LINC00330	0	239	239	239
LINC00390	0	239	239	239
LINC00562	0	239	239	239
LINC00563	0	239	239	239
LINC01055	0	239	239	239
LINC01198	0	239	239	239
LOC101929259	0	239	239	239
LRCH1	0	239	239	239
LRRC63	0	239	239	239
MIR8079	0	239	239	239
NUFIP1	0	239	239	239
RUBCNL	0	239	239	239
SERP2	0	239	239	239
SIAH3	0	239	239	239
SLC25A30	0	239	239	239
SLC25A30-AS1	0	239	239	239
SMIM2	0	239	239	239
SMIM2-AS1	0	239	239	239
SMIM2-IT1	0	239	239	239
SNORA31	0	239	239	239
SPERT	0	239	239	239
TPT1	0	239	239	239
TPT1-AS1	0	239	239	239
TSC22D1	0	239	239	239
TSC22D1-AS1	0	239	239	239
TUSC8	0	239	239	239
ZC3H13	0	239	239	239
CSMD1	0	232	232	232
LOC101927815	0	232	232	232
ADAD2	0	225	225	225
ATP2C2	0	225	225	225
BANP	0	225	225	225
C16orf74	0	225	225	225
C16orf95	0	225	225	225
CA5A	0	225	225	225
COTL1	0	225	225	225
COX4I1	0	225	225	225
CRISPLD2	0	225	225	225
DNAAF1	0	225	225	225
EMC8	0	225	225	225
FAM92B	0	225	225	225
FBXO31	0	225	225	225
FENDRR	0	225	225	225
FLJ30679	0	225	225	225
FOXC2	0	225	225	225
FOXC2-AS1	0	225	225	225
FOXF1	0	225	225	225
FOXL1	0	225	225	225
GINS2	0	225	225	225
GSE1	0	225	225	225
IRF8	0	225	225	225
JPH3	0	225	225	225
KCNG4	0	225	225	225
KIAA0513	0	225	225	225
KLHDC4	0	225	225	225
KLHL36	0	225	225	225
LINC00311	0	225	225	225
LINC00917	0	225	225	225
LINC01081	0	225	225	225
LINC01082	0	225	225	225
LOC101928557	0	225	225	225
LOC101928614	0	225	225	225
LOC101928659	0	225	225	225
LOC101928682	0	225	225	225
LOC101928708	0	225	225	225
LOC101928737	0	225	225	225
LOC102724344	0	225	225	225
LOC102724467	0	225	225	225
LOC146513	0	225	225	225
LOC400548	0	225	225	225
LOC400553	0	225	225	225
LOC440390	0	225	225	225
MAP1LC3B	0	225	225	225
MIR1910	0	225	225	225
MIR5093	0	225	225	225
MIR6774	0	225	225	225
MIR6775	0	225	225	225
MTHFSD	0	225	225	225
SLC7A5	0	225	225	225
TAF1C	0	225	225	225
TLDC1	0	225	225	225
USP10	0	225	225	225
WFDC1	0	225	225	225
ZCCHC14	0	225	225	225
ZDHHC7	0	225	225	225
ZNF292	0	210	210	210
LINC01572	0	203	203	203
ZFHX3	0	203	203	203
ACOD1	0	184	184	184
ATXN8OS	0	184	184	184
BORA	0	184	184	184
BTF3P11	0	184	184	184
CLN5	0	184	184	184
COMMD6	0	184	184	184
CTAGE11P	0	184	184	184
DACH1	0	184	184	184
DIS3	0	184	184	184
EDNRB	0	184	184	184
EDNRB-AS1	0	184	184	184
FBXL3	0	184	184	184
KCTD12	0	184	184	184
KLF12	0	184	184	184
KLF5	0	184	184	184
KLHL1	0	184	184	184
LINC00331	0	184	184	184
LINC00347	0	184	184	184
LINC00348	0	184	184	184
LINC00358	0	184	184	184
LINC00364	0	184	184	184
LINC00376	0	184	184	184
LINC00377	0	184	184	184
LINC00378	0	184	184	184
LINC00381	0	184	184	184
LINC00382	0	184	184	184
LINC00383	0	184	184	184
LINC00392	0	184	184	184
LINC00395	0	184	184	184
LINC00434	0	184	184	184
LINC00446	0	184	184	184
LINC00448	0	184	184	184
LINC00550	0	184	184	184
LINC01038	0	184	184	184
LINC01052	0	184	184	184
LINC01068	0	184	184	184
LINC01069	0	184	184	184
LINC01075	0	184	184	184
LINC01078	0	184	184	184
LINC01080	0	184	184	184
LMO7	0	184	184	184
LMO7-AS1	0	184	184	184
LMO7DN	0	184	184	184
LMO7DN-IT1	0	184	184	184
LOC100129307	0	184	184	184
LOC101926951	0	184	184	184
LOC102723968	0	184	184	184
MIR3169	0	184	184	184
MIR3665	0	184	184	184
MIR4704	0	184	184	184
MIR548X2	0	184	184	184
MYCBP2	0	184	184	184
MYCBP2-AS1	0	184	184	184
MZT1	0	184	184	184
NDFIP2	0	184	184	184
NDFIP2-AS1	0	184	184	184
OR7E156P	0	184	184	184
PCDH20	0	184	184	184
PCDH9	0	184	184	184
PCDH9-AS2	0	184	184	184
PCDH9-AS3	0	184	184	184
PCDH9-AS4	0	184	184	184
PIBF1	0	184	184	184
POU4F1	0	184	184	184
RBM26	0	184	184	184
RBM26-AS1	0	184	184	184
RNF219	0	184	184	184
RNF219-AS1	0	184	184	184
SCEL	0	184	184	184
SCEL-AS1	0	184	184	184
SLAIN1	0	184	184	184
SPRY2	0	184	184	184
TBC1D4	0	184	184	184
TDRD3	0	184	184	184
UCHL3	0	184	184	184
ATP1B2	0	179	179	179
TP53	0	179	179	179
ANK1	0	178	178	178
AP3M2	0	178	178	178
DKK4	0	178	178	178
IKBKB	0	178	178	178
KAT6A	0	178	178	178
LOC101929897	0	178	178	178
LOC105379393	0	178	178	178
MIR486-1	0	178	178	178
MIR486-2	0	178	178	178
NKX6-3	0	178	178	178
PLAT	0	178	178	178
POLB	0	178	178	178
SLC20A2	0	178	178	178
SMIM19	0	178	178	178
VDAC3	0	178	178	178
KLLN	0	172	172	172
MIR548N	103	69	172	148
PTEN	0	172	172	172
CASC11	158	0	158	158
CASC19	158	0	158	158
CASC21	158	0	158	158
CASC8	158	0	158	158
CCAT1	158	0	158	158
CCAT2	158	0	158	158
MIR1204	158	0	158	158
MYC	158	0	158	158
PCAT1	158	0	158	158
PCAT2	158	0	158	158
POU5F1B	158	0	158	158
PRNCR1	158	0	158	158
PVT1	158	0	158	158
ALPK2	13	142	155	151
LOC101927322	13	142	155	151
MALT1	13	142	155	151
MIR122	13	142	155	151
MIR3591	13	142	155	151
NEDD4L	13	142	155	151
SNORA108	13	142	155	151
TMPRSS2	0	155	155	155
APOLD1	0	145	145	145
CDKN1B	0	145	145	145
MIR613	0	145	145	145
ADNP2	0	142	142	142
ATP8B1	0	142	142	142
ATP9B	0	142	142	142
BCL2	0	142	142	142
BOD1L2	0	142	142	142
C18orf63	0	142	142	142
C18orf65	0	142	142	142
CBLN2	0	142	142	142
CCBE1	0	142	142	142
CCDC102B	0	142	142	142
CD226	0	142	142	142
CDH19	0	142	142	142
CDH20	0	142	142	142
CDH7	0	142	142	142
CNDP1	0	142	142	142
CNDP2	0	142	142	142
CPLX4	0	142	142	142
CTDP1	0	142	142	142
CYB5A	0	142	142	142
DOK6	0	142	142	142
DSEL	0	142	142	142
FAM69C	0	142	142	142
FBXO15	0	142	142	142
FECH	0	142	142	142
GALR1	0	142	142	142
GRP	0	142	142	142
GTSCR1	0	142	142	142
HMSD	0	142	142	142
HSBP1L1	0	142	142	142
KCNG2	0	142	142	142
KDSR	0	142	142	142
KIAA1468	0	142	142	142
LINC-ROR	0	142	142	142
LINC00305	0	142	142	142
LINC00683	0	142	142	142
LINC00908	0	142	142	142
LINC00909	0	142	142	142
LINC01029	0	142	142	142
LINC01416	0	142	142	142
LINC01538	0	142	142	142
LINC01539	0	142	142	142
LINC01541	0	142	142	142
LINC01544	0	142	142	142
LMAN1	0	142	142	142
LOC100131655	0	142	142	142
LOC100505549	0	142	142	142
LOC100505797	0	142	142	142
LOC100505817	0	142	142	142
LOC100505853	0	142	142	142
LOC101060542	0	142	142	142
LOC101927229	0	142	142	142
LOC101927481	0	142	142	142
LOC101927606	0	142	142	142
LOC101927651	0	142	142	142
LOC101927989	0	142	142	142
LOC102724913	0	142	142	142
LOC105372179	0	142	142	142
LOC284241	0	142	142	142
LOC284294	0	142	142	142
LOC339298	0	142	142	142
LOC400655	0	142	142	142
LOC400661	0	142	142	142
LOC643542	0	142	142	142
MBP	0	142	142	142
MC4R	0	142	142	142
MIR4529	0	142	142	142
MIR5011	0	142	142	142
MIR548AV	0	142	142	142
NARS	0	142	142	142
NETO1	0	142	142	142
NFATC1	0	142	142	142
OACYLP	0	142	142	142
ONECUT2	0	142	142	142
PARD6G	0	142	142	142
PARD6G-AS1	0	142	142	142
PHLPP1	0	142	142	142
PIGN	0	142	142	142
PMAIP1	0	142	142	142
PQLC1	0	142	142	142
RAX	0	142	142	142
RBFA	0	142	142	142
RBFADN	0	142	142	142
RNF152	0	142	142	142
RTTN	0	142	142	142
SALL3	0	142	142	142
SEC11C	0	142	142	142
SERPINB10	0	142	142	142
SERPINB11	0	142	142	142
SERPINB12	0	142	142	142
SERPINB13	0	142	142	142
SERPINB2	0	142	142	142
SERPINB3	0	142	142	142
SERPINB4	0	142	142	142
SERPINB5	0	142	142	142
SERPINB7	0	142	142	142
SERPINB8	0	142	142	142
SMIM21	0	142	142	142
SOCS6	0	142	142	142
ST8SIA3	0	142	142	142
TCF4	0	142	142	142
TCF4-AS1	0	142	142	142
TIMM21	0	142	142	142
TMX3	0	142	142	142
TNFRSF11A	0	142	142	142
TSHZ1	0	142	142	142
TXNL1	0	142	142	142
TXNL4A	0	142	142	142
VPS4B	0	142	142	142
WDR7	0	142	142	142
ZADH2	0	142	142	142
ZCCHC2	0	142	142	142
ZNF236	0	142	142	142
ZNF407	0	142	142	142
ZNF516	0	142	142	142
ZNF532	0	142	142	142
MIR7641-2	37	102	139	122
H3F3AP4	0	125	125	115
CHD1	0	122	122	122
LOC100289230	0	122	122	122
ERG	0	121	121	121
LINC00114	0	121	121	121
ANKRD55	0	113	113	113
ASB16	0	113	113	113
ASB16-AS1	0	113	113	113
ATXN7L3	0	113	113	113
C17orf53	0	113	113	113
C5orf67	0	113	113	113
DDX4	0	113	113	113
FAM171A2	0	113	113	113
FLJ31104	0	113	113	113
FZD2	0	113	113	113
G6PC3	0	113	113	113
GPATCH8	0	113	113	113
GPBP1	0	113	113	113
GRN	0	113	113	113
HDAC5	0	113	113	113
IL31RA	0	113	113	113
IL6ST	0	113	113	113
ITGA2B	0	113	113	113
LOC102467147	0	113	113	113
LOC105371789	0	113	113	113
LSM12	0	113	113	113
MAP3K1	0	113	113	113
MIER3	0	113	113	113
MIR5687	0	113	113	113
MIR6782	0	113	113	113
PLPP1	0	113	113	113
RNF138P1	0	113	113	113
RUNDC3A	0	113	113	113
RUNDC3A-AS1	0	113	113	113
SETD9	0	113	113	113
SLC25A39	0	113	113	113
SLC38A9	0	113	113	113
SLC4A1	0	113	113	113
TMUB2	0	113	113	113
UBTF	0	113	113	113
AK6	0	112	112	112
ANKRA2	0	112	112	112
BDP1	0	112	112	112
BTF3	0	112	112	112
CARTPT	0	112	112	112
CCDC125	0	112	112	112
CCNB1	0	112	112	112
CDK7	0	112	112	112
CENPH	0	112	112	112
FCHO2	0	112	112	112
FOXD1	0	112	112	112
GTF2H2	0	112	112	112
GTF2H2B	0	112	112	112
GTF2H2C	0	112	112	112
GTF2H2C_2	0	112	112	112
GUSBP3	0	112	112	112
GUSBP9	0	112	112	112
LINC01386	0	112	112	112
LOC101928858	0	112	112	112
LOC101928885	0	112	112	112
LOC101928924	0	112	112	112
LOC102467655	0	112	112	112
LOC102477328	0	112	112	112
LOC102503427	0	112	112	112
LOC102724392	0	112	112	112
LOC105379030	0	112	112	112
LOC340090	0	112	112	112
LOC441081	0	112	112	112
LOC647859	0	112	112	112
MAP1B	0	112	112	112
MARVELD2	0	112	112	112
MCCC2	0	112	112	112
MIR4803	0	112	112	112
MIR4804	0	112	112	112
MRPS27	0	112	112	112
MRPS36	0	112	112	112
NAIP	0	112	112	112
OCLN	0	112	112	112
PIK3R1	0	112	112	112
PMCHL2	0	112	112	112
PTCD2	0	112	112	112
RAD17	0	112	112	112
SERF1A	0	112	112	112
SERF1B	0	112	112	112
SLC30A5	0	112	112	112
SMA4	0	112	112	112
SMA5	0	112	112	112
SMN1	0	112	112	112
SMN2	0	112	112	112
TAF9	0	112	112	112
TMEM171	0	112	112	112
TMEM174	0	112	112	112
TNPO1	0	112	112	112
UTP15	0	112	112	112
ZNF366	0	112	112	112
HNMT	0	109	109	109
LOC101928273	0	109	109	109
LOC105373635	0	109	109	109
NXPH2	0	109	109	109
SPOPL	0	109	109	109
THSD7B	0	109	109	109
YY1P2	0	109	109	109
ADCYAP1R1	103	0	103	103
AMPH	103	0	103	103
ANLN	103	0	103	103
AOAH	103	0	103	103
AOAH-IT1	103	0	103	103
AQP1	103	0	103	103
AVL9	103	0	103	103
BBS9	103	0	103	103
BMPER	103	0	103	103
C7orf31	103	0	103	103
C7orf71	103	0	103	103
CBX3	103	0	103	103
CCDC126	103	0	103	103
CCDC129	103	0	103	103
CDCA7L	103	0	103	103
CHN2	103	0	103	103
CLK2P1	103	0	103	103
CPVL	103	0	103	103
CREB5	103	0	103	103
CRHR2	103	0	103	103
CYCS	103	0	103	103
DFNA5	103	0	103	103
DKFZP586I1420	103	0	103	103
DNAH11	103	0	103	103
DPY19L1	103	0	103	103
DPY19L1P1	103	0	103	103
DPY19L1P2	103	0	103	103
DPY19L2P1	103	0	103	103
DPY19L2P3	103	0	103	103
EEPD1	103	0	103	103
ELMO1	103	0	103	103
ELMO1-AS1	103	0	103	103
EPDR1	103	0	103	103
EVX1	103	0	103	103
EVX1-AS	103	0	103	103
FAM126A	103	0	103	103
FAM188B	103	0	103	103
FAM221A	103	0	103	103
FKBP14	103	0	103	103
FKBP9	103	0	103	103
GARS	103	0	103	103
GGCT	103	0	103	103
GHRHR	103	0	103	103
GPNMB	103	0	103	103
GPR141	103	0	103	103
HERPUD2	103	0	103	103
HIBADH	103	0	103	103
HNRNPA2B1	103	0	103	103
HOTAIRM1	103	0	103	103
HOTTIP	103	0	103	103
HOXA-AS2	103	0	103	103
HOXA-AS3	103	0	103	103
HOXA1	103	0	103	103
HOXA10	103	0	103	103
HOXA10-AS	103	0	103	103
HOXA10-HOXA9	103	0	103	103
HOXA11	103	0	103	103
HOXA11-AS	103	0	103	103
HOXA13	103	0	103	103
HOXA2	103	0	103	103
HOXA3	103	0	103	103
HOXA4	103	0	103	103
HOXA5	103	0	103	103
HOXA6	103	0	103	103
HOXA7	103	0	103	103
HOXA9	103	0	103	103
IGF2BP3	103	0	103	103
IL6	103	0	103	103
INMT	103	0	103	103
INMT-FAM188B	103	0	103	103
JAZF1	103	0	103	103
JAZF1-AS1	103	0	103	103
KBTBD2	103	0	103	103
KIAA0087	103	0	103	103
KIAA0895	103	0	103	103
KLHL7	103	0	103	103
KLHL7-AS1	103	0	103	103
LINC00997	103	0	103	103
LINC01176	103	0	103	103
LOC100130673	103	0	103	103
LOC100506178	103	0	103	103
LOC100506497	103	0	103	103
LOC100506725	103	0	103	103
LOC101928168	103	0	103	103
LOC101928618	103	0	103	103
LOC101930085	103	0	103	103
LOC102724484	103	0	103	103
LOC105375218	103	0	103	103
LOC105375304	103	0	103	103
LOC401312	103	0	103	103
LOC401320	103	0	103	103
LOC401324	103	0	103	103
LOC441204	103	0	103	103
LOC541472	103	0	103	103
LOC646762	103	0	103	103
LSM5	103	0	103	103
MALSU1	103	0	103	103
MIR1200	103	0	103	103
MIR148A	103	0	103	103
MIR196B	103	0	103	103
MIR550A1	103	0	103	103
MIR550A2	103	0	103	103
MIR550A3	103	0	103	103
MIR550B1	103	0	103	103
MIR550B2	103	0	103	103
MPP6	103	0	103	103
MTURN	103	0	103	103
NEUROD6	103	0	103	103
NFE2L3	103	0	103	103
NME8	103	0	103	103
NOD1	103	0	103	103
NPSR1	103	0	103	103
NPSR1-AS1	103	0	103	103
NPVF	103	0	103	103
NPY	103	0	103	103
NT5C3A	103	0	103	103
NUPL2	103	0	103	103
OSBPL3	103	0	103	103
PDE1C	103	0	103	103
PLEKHA8	103	0	103	103
PPP1R17	103	0	103	103
PRR15	103	0	103	103
RAPGEF5	103	0	103	103
RP9	103	0	103	103
RP9P	103	0	103	103
RPS2P32	103	0	103	103
SCRN1	103	0	103	103
SEPT7	103	0	103	103
SEPT7-AS1	103	0	103	103
SFRP4	103	0	103	103
SKAP2	103	0	103	103
SNORD93	103	0	103	103
SNX10	103	0	103	103
STARD3NL	103	0	103	103
STEAP1B	103	0	103	103
STK31	103	0	103	103
TARP	103	0	103	103
TAX1BP1	103	0	103	103
TBX20	103	0	103	103
TOMM7	103	0	103	103
TRA2A	103	0	103	103
TRG-AS1	103	0	103	103
TRIL	103	0	103	103
TSL	103	0	103	103
WIPF3	103	0	103	103
ZNRF2	103	0	103	103
ZNRF2P1	103	0	103	103
ZNRF2P2	103	0	103	103
MTRNR2L6	102	0	102	102
PRSS1	102	0	102	102
LINC00870	0	97	97	97
LOC105377162	0	97	97	97
RYBP	0	97	97	97
ACTRT3	89	0	89	89
GPR160	89	0	89	89
LOC100128164	89	0	89	89
LRRC31	89	0	89	89
LRRC34	89	0	89	89
LRRIQ4	89	0	89	89
MYNN	89	0	89	89
PHC3	89	0	89	89
SAMD7	89	0	89	89
SEC62	89	0	89	89
TERC	89	0	89	89
DNAJB8	80	0	80	80
DNAJB8-AS1	80	0	80	80
EEFSEC	80	0	80	80
GATA2	80	0	80	80
GATA2-AS1	80	0	80	80
KBTBD12	80	0	80	80
LINC01565	80	0	80	80
LOC90246	80	0	80	80
RPN1	80	0	80	80
RUVBL1	80	0	80	80
RUVBL1-AS1	80	0	80	80
SEC61A1	80	0	80	80
hsa-mir-1280	80	0	80	80
MIR4454	27	51	78	75
ABCB11	0	74	74	74
AGPS	0	74	74	74
ATF2	0	74	74	74
ATP5G3	0	74	74	74
B3GALT1	0	74	74	74
BBS5	0	74	74	74
CCDC141	0	74	74	74
CCDC173	0	74	74	74
CDCA7	0	74	74	74
CERKL	0	74	74	74
CERS6	0	74	74	74
CERS6-AS1	0	74	74	74
CHN1	0	74	74	74
CHRNA1	0	74	74	74
CIR1	0	74	74	74
CWC22	0	74	74	74
CYBRD1	0	74	74	74
DCAF17	0	74	74	74
DFNB59	0	74	74	74
DHRS9	0	74	74	74
DLX1	0	74	74	74
DLX2	0	74	74	74
DLX2-AS1	0	74	74	74
DNAJC10	0	74	74	74
DUSP19	0	74	74	74
DYNC1I2	0	74	74	74
ERICH2	0	74	74	74
EVX2	0	74	74	74
FASTKD1	0	74	74	74
FKBP7	0	74	74	74
FRZB	0	74	74	74
FSIP2	0	74	74	74
G6PC2	0	74	74	74
GAD1	0	74	74	74
GORASP2	0	74	74	74
GPR155	0	74	74	74
HAGLR	0	74	74	74
HAGLROS	0	74	74	74
HAT1	0	74	74	74
HNRNPA3	0	74	74	74
HOXD-AS2	0	74	74	74
HOXD1	0	74	74	74
HOXD10	0	74	74	74
HOXD11	0	74	74	74
HOXD12	0	74	74	74
HOXD13	0	74	74	74
HOXD3	0	74	74	74
HOXD4	0	74	74	74
HOXD8	0	74	74	74
HOXD9	0	74	74	74
ITGA4	0	74	74	74
ITGA6	0	74	74	74
KLHL23	0	74	74	74
KLHL41	0	74	74	74
LINC01116	0	74	74	74
LINC01117	0	74	74	74
LINC01124	0	74	74	74
LINC01305	0	74	74	74
LINC01473	0	74	74	74
LNPK	0	74	74	74
LOC100128905	0	74	74	74
LOC100130691	0	74	74	74
LOC101926913	0	74	74	74
LOC101927027	0	74	74	74
LOC101927055	0	74	74	74
LOC101927156	0	74	74	74
LOC101927196	0	74	74	74
LOC101929680	0	74	74	74
LOC101929753	0	74	74	74
LOC105373764	0	74	74	74
LOC105373782	0	74	74	74
LOC105616981	0	74	74	74
LRP2	0	74	74	74
METAP1D	0	74	74	74
METTL5	0	74	74	74
METTL8	0	74	74	74
MIR10B	0	74	74	74
MIR1246	0	74	74	74
MIR1258	0	74	74	74
MIR3128	0	74	74	74
MIR4437	0	74	74	74
MIR4444-1	0	74	74	74
MIR4774	0	74	74	74
MIR548AE1	0	74	74	74
MIR6512	0	74	74	74
MIR7704	0	74	74	74
MIR933	0	74	74	74
MLK7-AS1	0	74	74	74
MTX2	0	74	74	74
MYO3B	0	74	74	74
NCKAP1	0	74	74	74
NEUROD1	0	74	74	74
NFE2L2	0	74	74	74
NOSTRIN	0	74	74	74
NUP35	0	74	74	74
OLA1	0	74	74	74
OSBPL6	0	74	74	74
PDE11A	0	74	74	74
PDE1A	0	74	74	74
PDK1	0	74	74	74
PHOSPHO2	0	74	74	74
PHOSPHO2-KLHL23	0	74	74	74
PLEKHA3	0	74	74	74
PPIG	0	74	74	74
PPP1R1C	0	74	74	74
PRKRA	0	74	74	74
RAPGEF4	0	74	74	74
RAPGEF4-AS1	0	74	74	74
RBM45	0	74	74	74
RNU6-1	0	74	74	74
RNU6-2	0	74	74	74
RNU6-7	0	74	74	74
SCHLAP1	0	74	74	74
SCN7A	0	74	74	74
SCN9A	0	74	74	74
SCRN3	0	74	74	74
SESTD1	0	74	74	74
SLC25A12	0	74	74	74
SP3	0	74	74	74
SP5	0	74	74	74
SP9	0	74	74	74
SPC25	0	74	74	74
SSB	0	74	74	74
SSFA2	0	74	74	74
STK39	0	74	74	74
TLK1	0	74	74	74
TTC30A	0	74	74	74
TTC30B	0	74	74	74
TTN	0	74	74	74
TTN-AS1	0	74	74	74
UBE2E3	0	74	74	74
UBR3	0	74	74	74
WIPF1	0	74	74	74
XIRP2	0	74	74	74
XIRP2-AS1	0	74	74	74
ZAK	0	74	74	74
ZC3H15	0	74	74	74
ZNF385B	0	74	74	74
ZNF804A	0	74	74	74
AK4	0	73	73	73
CACHD1	0	73	73	73
DLEU2L	0	73	73	73
DNAJC6	0	73	73	73
EFCAB7	0	73	73	73
JAK1	0	73	73	73
LEPR	0	73	73	73
LEPROT	0	73	73	73
LINC01359	0	73	73	73
MIR101-1	0	73	73	73
MIR3671	0	73	73	73
MIR4794	0	73	73	73
PGM1	0	73	73	73
RAVER2	0	73	73	73
ROR1	0	73	73	73
ROR1-AS1	0	73	73	73
UBE2U	0	73	73	73
CGNL1	0	72	72	72
LINC00926	0	72	72	72
LINC01413	0	72	72	72
LOC145783	0	72	72	72
MYZAP	0	72	72	72
TCF12	0	72	72	72
ZNF280D	0	72	72	72
LINC00899	0	70	70	70
LOC730668	0	70	70	70
MIR3619	0	70	70	70
MIR4763	0	70	70	70
MIRLET7A3	0	70	70	70
MIRLET7B	0	70	70	70
MIRLET7BHG	0	70	70	70
PRR34	0	70	70	70
PRR34-AS1	0	70	70	70
ABCA4	0	69	69	69
ABCD3	0	69	69	69
ACADM	0	69	69	69
ACTG1P4	0	69	69	69
ADGRL2	0	69	69	69
ADGRL4	0	69	69	69
AGL	0	69	69	69
AK5	0	69	69	69
ALG14	0	69	69	69
AMY1A	0	69	69	69
AMY1B	0	69	69	69
AMY1C	0	69	69	69
AMY2A	0	69	69	69
AMY2B	0	69	69	69
ARHGAP29	0	69	69	69
ASB17	0	69	69	69
BARHL2	0	69	69	69
BCAR3	0	69	69	69
BCL10	0	69	69	69
BRDT	0	69	69	69
BTBD8	0	69	69	69
C1orf146	0	69	69	69
C1orf52	0	69	69	69
CCDC18	0	69	69	69
CCDC18-AS1	0	69	69	69
CDC14A	0	69	69	69
CDC7	0	69	69	69
CLCA1	0	69	69	69
CLCA2	0	69	69	69
CLCA3P	0	69	69	69
CLCA4	0	69	69	69
CNN3	0	69	69	69
COL11A1	0	69	69	69
COL24A1	0	69	69	69
CTBS	0	69	69	69
CYR61	0	69	69	69
DBT	0	69	69	69
DDAH1	0	69	69	69
DLSTP1	0	69	69	69
DNAJA1P5	0	69	69	69
DNAJB4	0	69	69	69
DNASE2B	0	69	69	69
DNTTIP2	0	69	69	69
DPH5	0	69	69	69
DPYD	0	69	69	69
DPYD-AS1	0	69	69	69
DPYD-AS2	0	69	69	69
DR1	0	69	69	69
EPHX4	0	69	69	69
EVI5	0	69	69	69
EXTL2	0	69	69	69
F3	0	69	69	69
FAM69A	0	69	69	69
FLJ27354	0	69	69	69
FLJ31662	0	69	69	69
FNBP1L	0	69	69	69
FRRS1	0	69	69	69
FUBP1	0	69	69	69
GBP1	0	69	69	69
GBP1P1	0	69	69	69
GBP2	0	69	69	69
GBP3	0	69	69	69
GBP4	0	69	69	69
GBP5	0	69	69	69
GBP6	0	69	69	69
GBP7	0	69	69	69
GCLM	0	69	69	69
GEMIN8P4	0	69	69	69
GFI1	0	69	69	69
GIPC2	0	69	69	69
GLMN	0	69	69	69
GNG5	0	69	69	69
GPR88	0	69	69	69
GTF2B	0	69	69	69
HFM1	0	69	69	69
HS2ST1	0	69	69	69
IFI44	0	69	69	69
IFI44L	0	69	69	69
KIAA1107	0	69	69	69
KYAT3	0	69	69	69
LHX8	0	69	69	69
LINC01057	0	69	69	69
LINC01140	0	69	69	69
LINC01307	0	69	69	69
LINC01349	0	69	69	69
LINC01361	0	69	69	69
LINC01364	0	69	69	69
LINC01461	0	69	69	69
LINC01555	0	69	69	69
LMO4	0	69	69	69
LOC100129046	0	69	69	69
LOC100129138	0	69	69	69
LOC100129620	0	69	69	69
LOC100996630	0	69	69	69
LOC100996635	0	69	69	69
LOC101927342	0	69	69	69
LOC101927412	0	69	69	69
LOC101927434	0	69	69	69
LOC101927560	0	69	69	69
LOC101927587	0	69	69	69
LOC101927844	0	69	69	69
LOC101928098	0	69	69	69
LOC101928118	0	69	69	69
LOC101928241	0	69	69	69
LOC101928270	0	69	69	69
LOC101928370	0	69	69	69
LOC101928436	0	69	69	69
LOC101928476	0	69	69	69
LOC102606465	0	69	69	69
LOC102723661	0	69	69	69
LOC105378828	0	69	69	69
LOC105378853	0	69	69	69
LOC646626	0	69	69	69
LOC729930	0	69	69	69
LOC729970	0	69	69	69
LOC729987	0	69	69	69
LPAR3	0	69	69	69
LRRC39	0	69	69	69
LRRC8B	0	69	69	69
LRRC8C	0	69	69	69
LRRC8D	0	69	69	69
MCOLN2	0	69	69	69
MCOLN3	0	69	69	69
MFSD14A	0	69	69	69
MGC27382	0	69	69	69
MIGA1	0	69	69	69
MIR137	0	69	69	69
MIR137HG	0	69	69	69
MIR2682	0	69	69	69
MIR378G	0	69	69	69
MIR4423	0	69	69	69
MIR553	0	69	69	69
MIR7156	0	69	69	69
MIR760	0	69	69	69
MIR7856	0	69	69	69
MSH4	0	69	69	69
MTF2	0	69	69	69
NEXN	0	69	69	69
NEXN-AS1	0	69	69	69
ODF2L	0	69	69	69
OLFM3	0	69	69	69
PALMD	0	69	69	69
PIGK	0	69	69	69
PKN2	0	69	69	69
PKN2-AS1	0	69	69	69
PLPPR4	0	69	69	69
PLPPR5	0	69	69	69
PRKACB	0	69	69	69
PRMT6	0	69	69	69
PTBP2	0	69	69	69
PTGFR	0	69	69	69
RABGGTB	0	69	69	69
RBMXL1	0	69	69	69
RNPC3	0	69	69	69
RPAP2	0	69	69	69
RPF1	0	69	69	69
RPL5	0	69	69	69
RTCA	0	69	69	69
RTCA-AS1	0	69	69	69
RWDD3	0	69	69	69
S1PR1	0	69	69	69
SAMD13	0	69	69	69
SASS6	0	69	69	69
SEP15	0	69	69	69
SETSIP	0	69	69	69
SH3GLB1	0	69	69	69
SLC30A7	0	69	69	69
SLC35A3	0	69	69	69
SLC44A3	0	69	69	69
SLC44A5	0	69	69	69
SNORA66	0	69	69	69
SNORD21	0	69	69	69
SNORD45A	0	69	69	69
SNORD45B	0	69	69	69
SNORD45C	0	69	69	69
SNX7	0	69	69	69
SPATA1	0	69	69	69
SSX2IP	0	69	69	69
ST6GALNAC3	0	69	69	69
ST6GALNAC5	0	69	69	69
SYDE2	0	69	69	69
TGFBR3	0	69	69	69
TMED5	0	69	69	69
TMEM56	0	69	69	69
TMEM56-RWDD3	0	69	69	69
TRMT13	0	69	69	69
TTLL7	0	69	69	69
TYW3	0	69	69	69
UOX	0	69	69	69
USP33	0	69	69	69
VCAM1	0	69	69	69
WDR63	0	69	69	69
ZNF326	0	69	69	69
ZNF644	0	69	69	69
ZNHIT6	0	69	69	69
ZZZ3	0	69	69	69
PLEKHA2	65	0	65	65
TACC1	65	0	65	65
C11orf71	0	62	62	62
CLDN25	0	62	62	62
HTR3A	0	62	62	62
HTR3B	0	62	62	62
LOC101928940	0	62	62	62
NNMT	0	62	62	62
NXPE1	0	62	62	62
NXPE2	0	62	62	62
NXPE4	0	62	62	62
RBM7	0	62	62	62
REXO2	0	62	62	62
USP28	0	62	62	62
ZBTB16	0	62	62	62
ABCG5	0	60	60	60
ABCG8	0	60	60	60
ARHGEF33	0	60	60	60
ATL2	0	60	60	60
ATP6V1E2	0	60	60	60
BCYRN1	0	60	60	60
BIRC6	0	60	60	60
BIRC6-AS2	0	60	60	60
C1GALT1C1L	0	60	60	60
C2orf61	0	60	60	60
C2orf91	0	60	60	60
CALM2	0	60	60	60
CAMKMT	0	60	60	60
CAPN13	0	60	60	60
CAPN14	0	60	60	60
CDC42EP3	0	60	60	60
CDKL4	0	60	60	60
CEBPZ	0	60	60	60
CEBPZOS	0	60	60	60
COX7A2L	0	60	60	60
CRIM1	0	60	60	60
CRIPT	0	60	60	60
CYP1B1	0	60	60	60
CYP1B1-AS1	0	60	60	60
DHX57	0	60	60	60
DPY30	0	60	60	60
DYNC2LI1	0	60	60	60
EHD3	0	60	60	60
EIF2AK2	0	60	60	60
EML4	0	60	60	60
EPAS1	0	60	60	60
FAM98A	0	60	60	60
FEZ2	0	60	60	60
GALM	0	60	60	60
GALNT14	0	60	60	60
GEMIN6	0	60	60	60
GPATCH11	0	60	60	60
HAAO	0	60	60	60
HEATR5B	0	60	60	60
HNRNPLL	0	60	60	60
KCNG3	0	60	60	60
LINC00211	0	60	60	60
LINC00486	0	60	60	60
LINC01118	0	60	60	60
LINC01119	0	60	60	60
LINC01121	0	60	60	60
LINC01126	0	60	60	60
LINC01317	0	60	60	60
LINC01318	0	60	60	60
LINC01320	0	60	60	60
LOC100271832	0	60	60	60
LOC100288911	0	60	60	60
LOC100506142	0	60	60	60
LOC101805491	0	60	60	60
LOC101929596	0	60	60	60
LOC101929723	0	60	60	60
LOC102723824	0	60	60	60
LOC102723854	0	60	60	60
LOC375196	0	60	60	60
LOC388942	0	60	60	60
LOC728730	0	60	60	60
LRPPRC	0	60	60	60
LTBP1	0	60	60	60
MAP4K3	0	60	60	60
MCFD2	0	60	60	60
MEMO1	0	60	60	60
MIR4430	0	60	60	60
MIR4765	0	60	60	60
MIR548AD	0	60	60	60
MIR558	0	60	60	60
MORN2	0	60	60	60
MTA3	0	60	60	60
MYADML	0	60	60	60
NDUFAF7	0	60	60	60
NLRC4	0	60	60	60
OXER1	0	60	60	60
PIGF	0	60	60	60
PKDCC	0	60	60	60
PLEKHH2	0	60	60	60
PPM1B	0	60	60	60
PREPL	0	60	60	60
PRKCE	0	60	60	60
PRKD3	0	60	60	60
QPCT	0	60	60	60
RASGRP3	0	60	60	60
RHOQ	0	60	60	60
RMDN2	0	60	60	60
RMDN2-AS1	0	60	60	60
SIX2	0	60	60	60
SIX3	0	60	60	60
SIX3-AS1	0	60	60	60
SLC30A6	0	60	60	60
SLC3A1	0	60	60	60
SLC8A1	0	60	60	60
SLC8A1-AS1	0	60	60	60
SOCS5	0	60	60	60
SOS1	0	60	60	60
SPAST	0	60	60	60
SRBD1	0	60	60	60
SRD5A2	0	60	60	60
SRSF7	0	60	60	60
STRN	0	60	60	60
SULT6B1	0	60	60	60
THADA	0	60	60	60
THUMPD2	0	60	60	60
TMEM178A	0	60	60	60
TMEM247	0	60	60	60
TTC27	0	60	60	60
TTC7A	0	60	60	60
VIT	0	60	60	60
XDH	0	60	60	60
YIPF4	0	60	60	60
ZFP36L2	0	60	60	60
AK1	59	0	59	59
ANGPTL2	59	0	59	59
ARPC5L	59	0	59	59
C9orf16	59	0	59	59
CDK9	59	0	59	59
CERCAM	59	0	59	59
CFAP157	59	0	59	59
CIZ1	59	0	59	59
COQ4	59	0	59	59
CRAT	59	0	59	59
DNM1	59	0	59	59
DOLK	59	0	59	59
DOLPP1	59	0	59	59
DPM2	59	0	59	59
ENDOG	59	0	59	59
ENG	59	0	59	59
FAM102A	59	0	59	59
FAM129B	59	0	59	59
FPGS	59	0	59	59
GAPVD1	59	0	59	59
GARNL3	59	0	59	59
GLE1	59	0	59	59
GOLGA1	59	0	59	59
GOLGA2	59	0	59	59
HSPA5	59	0	59	59
IER5L	59	0	59	59
KYAT1	59	0	59	59
LCN2	59	0	59	59
LMX1B	59	0	59	59
LOC100506100	59	0	59	59
LOC101929116	59	0	59	59
LOC102723566	59	0	59	59
LOC105376271	59	0	59	59
LOC51145	59	0	59	59
LRRC8A	59	0	59	59
LRSAM1	59	0	59	59
MAPKAP1	59	0	59	59
MIGA2	59	0	59	59
MIR1268A	59	0	59	59
MIR199B	59	0	59	59
MIR219A2	59	0	59	59
MIR219B	59	0	59	59
MIR2861	59	0	59	59
MIR3154	59	0	59	59
MIR3911	59	0	59	59
MIR3960	59	0	59	59
MIR4672	59	0	59	59
MVB12B	59	0	59	59
NAIF1	59	0	59	59
NRON	59	0	59	59
NUP188	59	0	59	59
ODF2	59	0	59	59
OLFML2A	59	0	59	59
PBX3	59	0	59	59
PHYHD1	59	0	59	59
PIP5KL1	59	0	59	59
PKN3	59	0	59	59
PPP6C	59	0	59	59
PTGES2	59	0	59	59
PTGES2-AS1	59	0	59	59
PTPA	59	0	59	59
PTRH1	59	0	59	59
RABEPK	59	0	59	59
RALGPS1	59	0	59	59
RPL12	59	0	59	59
RPL35	59	0	59	59
SCAI	59	0	59	59
SET	59	0	59	59
SH2D3C	59	0	59	59
SH3GLB2	59	0	59	59
SLC25A25	59	0	59	59
SLC25A25-AS1	59	0	59	59
SLC27A4	59	0	59	59
SLC2A8	59	0	59	59
SNORA65	59	0	59	59
SPOUT1	59	0	59	59
SPTAN1	59	0	59	59
ST6GALNAC4	59	0	59	59
ST6GALNAC6	59	0	59	59
STXBP1	59	0	59	59
SWI5	59	0	59	59
TBC1D13	59	0	59	59
TOR2A	59	0	59	59
TRUB2	59	0	59	59
TTC16	59	0	59	59
URM1	59	0	59	59
WDR34	59	0	59	59
WDR38	59	0	59	59
ZBTB34	59	0	59	59
ZBTB43	59	0	59	59
ZDHHC12	59	0	59	59
ZER1	59	0	59	59
ZNF79	59	0	59	59
ABHD18	0	58	58	58
ADAD1	0	58	58	58
ANKRD50	0	58	58	58
ANXA5	0	58	58	58
BBS12	0	58	58	58
BBS7	0	58	58	58
C4orf3	0	58	58	58
C4orf33	0	58	58	58
CCNA2	0	58	58	58
CEP170P1	0	58	58	58
CETN4P	0	58	58	58
EXOSC9	0	58	58	58
FABP2	0	58	58	58
FAT4	0	58	58	58
FGF2	0	58	58	58
GTF2IP12	0	58	58	58
HSPA4L	0	58	58	58
IL2	0	58	58	58
IL21	0	58	58	58
IL21-AS1	0	58	58	58
INTU	0	58	58	58
JADE1	0	58	58	58
KIAA1109	0	58	58	58
LARP1B	0	58	58	58
LINC01061	0	58	58	58
LINC01091	0	58	58	58
LINC01256	0	58	58	58
LINC01365	0	58	58	58
LINC01378	0	58	58	58
LOC100507487	0	58	58	58
LOC100996694	0	58	58	58
LOC101927087	0	58	58	58
LOC101927282	0	58	58	58
LOC101927305	0	58	58	58
LOC101929741	0	58	58	58
LOC101929762	0	58	58	58
LOC645513	0	58	58	58
LOC729218	0	58	58	58
MAD2L1	0	58	58	58
METTL14	0	58	58	58
MFSD8	0	58	58	58
MIR1973	0	58	58	58
MIR2054	0	58	58	58
MYOZ2	0	58	58	58
NDNF	0	58	58	58
NDST3	0	58	58	58
NDST4	0	58	58	58
NUDT6	0	58	58	58
PDE5A	0	58	58	58
PGRMC2	0	58	58	58
PLK4	0	58	58	58
PP12613	0	58	58	58
PRDM5	0	58	58	58
PRSS12	0	58	58	58
QRFPR	0	58	58	58
SCLT1	0	58	58	58
SEC24D	0	58	58	58
SLC25A31	0	58	58	58
SNHG8	0	58	58	58
SNORA24	0	58	58	58
SPATA5	0	58	58	58
SPRY1	0	58	58	58
SYNPO2	0	58	58	58
TMEM155	0	58	58	58
TNIP3	0	58	58	58
TRAM1L1	0	58	58	58
TRPC3	0	58	58	58
USP53	0	58	58	58
CIC	0	54	54	54
ERF	0	54	54	54
GSK3A	0	54	54	54
MEGF8	0	54	54	54
MIR8077	0	54	54	54
PAFAH1B3	0	54	54	54
PRR19	0	54	54	54
TMEM145	0	54	54	54
ZNF526	0	54	54	54
AACS	0	51	51	51
ABCB10	0	51	51	51
ACBD3	0	51	51	51
ACTA1	0	51	51	51
ACTN2	0	51	51	51
ADGRD1	0	51	51	51
AGT	0	51	51	51
ANHX	0	51	51	51
ANKLE2	0	51	51	51
ARF1	0	51	51	51
ARID4B	0	51	51	51
ARV1	0	51	51	51
B3GALNT2	0	51	51	51
BLOC1S5	0	51	51	51
BLOC1S5-TXNDC5	0	51	51	51
BMP6	0	51	51	51
BRI3BP	0	51	51	51
BTNL10	0	51	51	51
C1orf131	0	51	51	51
C1orf145	0	51	51	51
C1orf198	0	51	51	51
C1orf35	0	51	51	51
C6orf201	0	51	51	51
CAGE1	0	51	51	51
CAPN9	0	51	51	51
CCDC92	0	51	51	51
CCSAP	0	51	51	51
CDC42BPA	0	51	51	51
CDYL	0	51	51	51
CHFR	0	51	51	51
CLK2	51	0	51	51
COA6	0	51	51	51
COG2	0	51	51	51
COQ8A	0	51	51	51
CRAT8	0	51	51	51
DDX51	0	51	51	51
DHX37	0	51	51	51
DISC1	0	51	51	51
DISC1-IT1	0	51	51	51
DISC2	0	51	51	51
DNAH14	0	51	51	51
DSP	0	51	51	51
DUSP5P1	0	51	51	51
ECI2	0	51	51	51
EDARADD	0	51	51	51
EEF1E1	0	51	51	51
EEF1E1-BLOC1S5	0	51	51	51
EGLN1	0	51	51	51
ENAH	0	51	51	51
EP400	0	51	51	51
EP400NL	0	51	51	51
EPHX1	0	51	51	51
ERO1B	0	51	51	51
EXOC8	0	51	51	51
F13A1	0	51	51	51
FAM189B	51	0	51	51
FAM217A	0	51	51	51
FAM50B	0	51	51	51
FAM89A	0	51	51	51
FARS2	0	51	51	51
FBRSL1	0	51	51	51
FDPS	51	0	51	51
FLJ37505	0	51	51	51
FZD10	0	51	51	51
FZD10-AS1	0	51	51	51
GALNT2	0	51	51	51
GALNT9	0	51	51	51
GBA	51	0	51	51
GBAP1	51	0	51	51
GGPS1	0	51	51	51
GJC2	0	51	51	51
GLT1D1	0	51	51	51
GNG4	0	51	51	51
GNPAT	0	51	51	51
GOLGA3	0	51	51	51
GPR137B	0	51	51	51
GUK1	0	51	51	51
H3F3A	0	51	51	51
HCN3	51	0	51	51
HEATR1	0	51	51	51
HIST3H2A	0	51	51	51
HIST3H2BB	0	51	51	51
HIST3H3	0	51	51	51
HULC	0	51	51	51
IBA57	0	51	51	51
IBA57-AS1	0	51	51	51
IRF2BP2	0	51	51	51
ITPKB	0	51	51	51
ITPKB-IT1	0	51	51	51
JMJD4	0	51	51	51
KCNK1	0	51	51	51
KRTCAP2	51	0	51	51
KU-MEL-3	0	51	51	51
LACAT8	0	51	51	51
LBR	0	51	51	51
LEFTY1	0	51	51	51
LEFTY2	0	51	51	51
LGALS8	0	51	51	51
LGALS8-AS1	0	51	51	51
LIN9	0	51	51	51
LINC00184	0	51	51	51
LINC00507	0	51	51	51
LINC00508	0	51	51	51
LINC00582	0	51	51	51
LINC00939	0	51	51	51
LINC00943	0	51	51	51
LINC00944	0	51	51	51
LINC01132	0	51	51	51
LINC01257	0	51	51	51
LINC01348	0	51	51	51
LINC01354	0	51	51	51
LOC100128554	0	51	51	51
LOC100130238	0	51	51	51
LOC100190940	0	51	51	51
LOC100506207	0	51	51	51
LOC100507506	0	51	51	51
LOC100996671	0	51	51	51
LOC100996679	0	51	51	51
LOC101927464	0	51	51	51
LOC101927478	0	51	51	51
LOC101927532	0	51	51	51
LOC101927592	0	51	51	51
LOC101927604	0	51	51	51
LOC101927616	0	51	51	51
LOC101927637	0	51	51	51
LOC101927683	0	51	51	51
LOC101927694	0	51	51	51
LOC101927735	0	51	51	51
LOC101927765	0	51	51	51
LOC101927787	0	51	51	51
LOC101927851	0	51	51	51
LOC101927950	0	51	51	51
LOC101927972	0	51	51	51
LOC101928416	0	51	51	51
LOC101928530	0	51	51	51
LOC101928597	0	51	51	51
LOC102724096	0	51	51	51
LOC105370068	0	51	51	51
LOC107161159	0	51	51	51
LOC149373	0	51	51	51
LOC283352	0	51	51	51
LOC338797	0	51	51	51
LOC440117	0	51	51	51
LRCOL1	0	51	51	51
LY86	0	51	51	51
LY86-AS1	0	51	51	51
LYRM4	0	51	51	51
LYRM4-AS1	0	51	51	51
LYST	0	51	51	51
MAP10	0	51	51	51
MIR1182	0	51	51	51
MIR1537	0	51	51	51
MIR3612	0	51	51	51
MIR3620	0	51	51	51
MIR3691	0	51	51	51
MIR4419B	0	51	51	51
MIR4427	0	51	51	51
MIR4666A	0	51	51	51
MIR4671	0	51	51	51
MIR4753	0	51	51	51
MIR5008	0	51	51	51
MIR5096	0	51	51	51
MIR5188	0	51	51	51
MIR5683	0	51	51	51
MIR6741	0	51	51	51
MIR6742	0	51	51	51
MIR6763	0	51	51	51
MIR6880	0	51	51	51
MIR7853	0	51	51	51
MIR92B	51	0	51	51
MIXL1	0	51	51	51
MLK4	0	51	51	51
MMP17	0	51	51	51
MRPL55	0	51	51	51
MT1HL1	0	51	51	51
MTR	0	51	51	51
MTX1	51	0	51	51
MUC1	51	0	51	51
NCOR2	0	51	51	51
NID1	0	51	51	51
NOC4L	0	51	51	51
NRN1	0	51	51	51
NTPCR	0	51	51	51
NUP133	0	51	51	51
OBSCN	0	51	51	51
P2RX2	0	51	51	51
PARP1	0	51	51	51
PCNX2	0	51	51	51
PGAM5	0	51	51	51
PGBD5	0	51	51	51
PIP5K1P1	0	51	51	51
PIWIL1	0	51	51	51
PKLR	51	0	51	51
POLE	0	51	51	51
PPP1R3G	0	51	51	51
PRPF4B	0	51	51	51
PRSS38	0	51	51	51
PSEN2	0	51	51	51
PUS1	0	51	51	51
PXDC1	0	51	51	51
PXMP2	0	51	51	51
PYCR2	0	51	51	51
RAB4A	0	51	51	51
RAN	0	51	51	51
RBM34	0	51	51	51
RFLNA	0	51	51	51
RHOU	0	51	51	51
RIMBP2	0	51	51	51
RIOK1	0	51	51	51
RNA5S1	0	51	51	51
RNA5S10	0	51	51	51
RNA5S11	0	51	51	51
RNA5S12	0	51	51	51
RNA5S13	0	51	51	51
RNA5S14	0	51	51	51
RNA5S15	0	51	51	51
RNA5S16	0	51	51	51
RNA5S17	0	51	51	51
RNA5S2	0	51	51	51
RNA5S3	0	51	51	51
RNA5S4	0	51	51	51
RNA5S5	0	51	51	51
RNA5S6	0	51	51	51
RNA5S7	0	51	51	51
RNA5S9	0	51	51	51
RNF187	0	51	51	51
RPP40	0	51	51	51
RREB1	0	51	51	51
SCAMP3	51	0	51	51
SCARB1	0	51	51	51
SCARNA27	0	51	51	51
SDE2	0	51	51	51
SFSWAP	0	51	51	51
SIPA1L2	0	51	51	51
SLC15A4	0	51	51	51
SLC35B3	0	51	51	51
SLC35F3	0	51	51	51
SNAP47	0	51	51	51
SNORA14B	0	51	51	51
SNORA49	0	51	51	51
SNRNP48	0	51	51	51
SNRPD2P2	0	51	51	51
SPHAR	0	51	51	51
SPRTN	0	51	51	51
SRP9	0	51	51	51
SSR1	0	51	51	51
STUM	0	51	51	51
STX2	0	51	51	51
TAF5L	0	51	51	51
TARBP1	0	51	51	51
TBCE	0	51	51	51
TFAP2A	0	51	51	51
TFAP2A-AS1	0	51	51	51
THBS3	51	0	51	51
THRIL	0	51	51	51
TMEM132B	0	51	51	51
TMEM132C	0	51	51	51
TMEM132D	0	51	51	51
TMEM63A	0	51	51	51
TOMM20	0	51	51	51
TRIM11	0	51	51	51
TRIM17	0	51	51	51
TRIM46	51	0	51	51
TRIM67	0	51	51	51
TSNAX	0	51	51	51
TSNAX-DISC1	0	51	51	51
TTC13	0	51	51	51
TXNDC5	0	51	51	51
UBC	0	51	51	51
ULK1	0	51	51	51
URB2	0	51	51	51
WNT3A	0	51	51	51
WNT9A	0	51	51	51
ZNF10	0	51	51	51
ZNF140	0	51	51	51
ZNF26	0	51	51	51
ZNF268	0	51	51	51
ZNF605	0	51	51	51
ZNF664	0	51	51	51
ZNF664-FAM101A	0	51	51	51
ZNF678	0	51	51	51
ZNF84	0	51	51	51
ZNF847P	0	51	51	51
ZNF891	0	51	51	51
LOC105375972	0	50	50	50
PTPRD	0	50	50	50
PTPRD-AS1	0	50	50	50
ACY3	48	0	48	48
AIP	48	0	48	48
ALDH3B1	48	0	48	48
ALDH3B2	48	0	48	48
ANKRD13D	48	0	48	48
C11orf24	48	0	48	48
C11orf72	48	0	48	48
C11orf80	48	0	48	48
C11orf86	48	0	48	48
CABP2	48	0	48	48
CABP4	48	0	48	48
CARNS1	48	0	48	48
CCND1	48	0	48	48
CDK2AP2	48	0	48	48
CHKA	48	0	48	48
CLCF1	48	0	48	48
CORO1B	48	0	48	48
CPT1A	48	0	48	48
DOC2GP	48	0	48	48
FAM86C2P	48	0	48	48
FGF19	48	0	48	48
FGF3	48	0	48	48
FGF4	48	0	48	48
GAL	48	0	48	48
GPR152	48	0	48	48
GRK2	48	0	48	48
GSTP1	48	0	48	48
IGHMBP2	48	0	48	48
KDM2A	48	0	48	48
KMT5B	48	0	48	48
LINC01488	48	0	48	48
LOC100130987	48	0	48	48
LOC102724265	48	0	48	48
LOC338694	48	0	48	48
LRFN4	48	0	48	48
LRP5	48	0	48	48
MIR3163	48	0	48	48
MIR3164	48	0	48	48
MIR4691	48	0	48	48
MIR6752	48	0	48	48
MIR6753	48	0	48	48
MIR6860	48	0	48	48
MIR7113	48	0	48	48
MRGPRD	48	0	48	48
MRGPRF	48	0	48	48
MRGPRF-AS1	48	0	48	48
MRPL21	48	0	48	48
MYEOV	48	0	48	48
NDUFS8	48	0	48	48
NDUFV1	48	0	48	48
NUDT8	48	0	48	48
ORAOV1	48	0	48	48
PC	48	0	48	48
PITPNM1	48	0	48	48
POLD4	48	0	48	48
PPP1CA	48	0	48	48
PPP6R3	48	0	48	48
PTPRCAP	48	0	48	48
RAD9A	48	0	48	48
RCE1	48	0	48	48
RHOD	48	0	48	48
RPS6KB2	48	0	48	48
SSH3	48	0	48	48
SYT12	48	0	48	48
TBC1D10C	48	0	48	48
TBX10	48	0	48	48
TCIRG1	48	0	48	48
TESMIN	48	0	48	48
TMEM134	48	0	48	48
TPCN2	48	0	48	48
UNC93B1	48	0	48	48
ACCS	0	42	42	42
ACCSL	0	42	42	42
ACP2	0	42	42	42
AGBL2	0	42	42	42
ALKBH3	0	42	42	42
ALKBH3-AS1	0	42	42	42
ALX4	0	42	42	42
AMBRA1	0	42	42	42
API5	0	42	42	42
ARFGAP2	0	42	42	42
ARHGAP1	0	42	42	42
ATG13	0	42	42	42
C11orf49	0	42	42	42
C11orf94	0	42	42	42
C11orf96	0	42	42	42
C1QTNF4	0	42	42	42
CD82	0	42	42	42
CELF1	0	42	42	42
CHRM4	0	42	42	42
CHST1	0	42	42	42
CKAP5	0	42	42	42
CREB3L1	0	42	42	42
CRY2	0	42	42	42
DDB2	0	42	42	42
DGKZ	0	42	42	42
DKFZp779M0652	0	42	42	42
EXT2	0	42	42	42
F2	0	42	42	42
FAM180B	0	42	42	42
FNBP4	0	42	42	42
FOLH1	0	42	42	42
HARBI1	0	42	42	42
HNRNPKP3	0	42	42	42
HSD17B12	0	42	42	42
KBTBD4	0	42	42	42
LARGE2	0	42	42	42
LINC01493	0	42	42	42
LINC01499	0	42	42	42
LOC100507205	0	42	42	42
LOC100507384	0	42	42	42
LOC101928591	0	42	42	42
LOC101928812	0	42	42	42
LOC101928894	0	42	42	42
LOC101928943	0	42	42	42
LOC103312105	0	42	42	42
LOC105376633	0	42	42	42
LOC221122	0	42	42	42
LOC399886	0	42	42	42
LRP4	0	42	42	42
LRP4-AS1	0	42	42	42
LRRC4C	0	42	42	42
MADD	0	42	42	42
MAPK8IP1	0	42	42	42
MDK	0	42	42	42
MIR129-2	0	42	42	42
MIR3160-1	0	42	42	42
MIR3160-2	0	42	42	42
MIR3161	0	42	42	42
MIR4487	0	42	42	42
MIR4688	0	42	42	42
MIR5582	0	42	42	42
MIR670	0	42	42	42
MIR670HG	0	42	42	42
MIR6745	0	42	42	42
MIR7154	0	42	42	42
MTCH2	0	42	42	42
MYBPC3	0	42	42	42
NDUFS3	0	42	42	42
NR1H3	0	42	42	42
NUP160	0	42	42	42
OR4A47	0	42	42	42
OR4B1	0	42	42	42
OR4C3	0	42	42	42
OR4S1	0	42	42	42
OR4X1	0	42	42	42
OR4X2	0	42	42	42
PACSIN3	0	42	42	42
PEX16	0	42	42	42
PHF21A	0	42	42	42
PRDM11	0	42	42	42
PSMC3	0	42	42	42
PTPMT1	0	42	42	42
PTPRJ	0	42	42	42
RAPSN	0	42	42	42
SEC14L1P1	0	42	42	42
SLC35C1	0	42	42	42
SLC39A13	0	42	42	42
SNORD67	0	42	42	42
SPI1	0	42	42	42
SYT13	0	42	42	42
TP53I11	0	42	42	42
TRIM49B	0	42	42	42
TRIM64C	0	42	42	42
TSPAN18	0	42	42	42
TTC17	0	42	42	42
ZNF408	0	42	42	42
ACACB	37	0	37	37
ACAD10	37	0	37	37
ACAP2	0	37	37	37
ACSS3	37	0	37	37
ACTR6	37	0	37	37
ADAM1A	37	0	37	37
ALDH1L2	37	0	37	37
ALDH2	37	0	37	37
ALKBH2	37	0	37	37
ALX1	37	0	37	37
AMDHD1	37	0	37	37
ANAPC7	37	0	37	37
ANKRD13A	37	0	37	37
ANKRD18DP	0	37	37	37
ANKS1B	37	0	37	37
ANO4	37	0	37	37
APAF1	37	0	37	37
APOD	0	37	37	37
APPL2	37	0	37	37
ARL1	37	0	37	37
ARPC3	37	0	37	37
ASCL1	37	0	37	37
ASCL4	37	0	37	37
ATP13A3	0	37	37	37
ATP13A4	0	37	37	37
ATP13A4-AS1	0	37	37	37
ATP2A2	37	0	37	37
ATP2B1	37	0	37	37
ATXN2	37	0	37	37
ATXN7L3B	37	0	37	37
AVPR1A	37	0	37	37
BBS10	37	0	37	37
BDH1	0	37	37	37
BEST3	37	0	37	37
BRAP	37	0	37	37
BTBD11	37	0	37	37
BTG1	37	0	37	37
C12orf29	37	0	37	37
C12orf42	37	0	37	37
C12orf45	37	0	37	37
C12orf50	37	0	37	37
C12orf56	37	0	37	37
C12orf66	37	0	37	37
C12orf73	37	0	37	37
C12orf74	37	0	37	37
C12orf75	37	0	37	37
C12orf76	37	0	37	37
CAND1	37	0	37	37
CAPS2	37	0	37	37
CASC18	37	0	37	37
CCDC38	37	0	37	37
CCDC53	37	0	37	37
CCDC59	37	0	37	37
CCDC63	37	0	37	37
CCER1	37	0	37	37
CCT2	37	0	37	37
CDK17	37	0	37	37
CEP19	0	37	37	37
CEP290	37	0	37	37
CEP83	37	0	37	37
CEP83-AS1	37	0	37	37
CFAP54	37	0	37	37
CHPT1	37	0	37	37
CHST11	37	0	37	37
CKAP4	37	0	37	37
CLLU1	37	0	37	37
CLLU1OS	37	0	37	37
CMKLR1	37	0	37	37
CNOT2	37	0	37	37
CORO1C	37	0	37	37
CPM	37	0	37	37
CPN2	0	37	37	37
CPSF6	37	0	37	37
CRADD	37	0	37	37
CRY1	37	0	37	37
CSRP2	37	0	37	37
CUX2	37	0	37	37
DAO	37	0	37	37
DCN	37	0	37	37
DEPDC4	37	0	37	37
DLG1	0	37	37	37
DLG1-AS1	0	37	37	37
DPPA2P3	0	37	37	37
DPY19L2	37	0	37	37
DRAM1	37	0	37	37
DUSP6	37	0	37	37
DYRK2	37	0	37	37
E2F7	37	0	37	37
EEA1	37	0	37	37
EID3	37	0	37	37
ELK3	37	0	37	37
EPYC	37	0	37	37
FAM109A	37	0	37	37
FAM157A	0	37	37	37
FAM19A2	37	0	37	37
FAM216A	37	0	37	37
FAM222A	37	0	37	37
FAM222A-AS1	37	0	37	37
FAM43A	0	37	37	37
FAM71C	37	0	37	37
FBXO45	0	37	37	37
FGD6	37	0	37	37
FICD	37	0	37	37
FLJ41278	37	0	37	37
FOXA1	37	0	37	37
FOXN4	37	0	37	37
FRS2	37	0	37	37
FYTTD1	0	37	37	37
GALNT4	37	0	37	37
GAS2L3	37	0	37	37
GIT2	37	0	37	37
GLIPR1	37	0	37	37
GLIPR1L1	37	0	37	37
GLIPR1L2	37	0	37	37
GLT8D2	37	0	37	37
GLTP	37	0	37	37
GNPTAB	37	0	37	37
GNS	37	0	37	37
GOLGA2P5	37	0	37	37
GP5	0	37	37	37
GPN3	37	0	37	37
GRIP1	37	0	37	37
HAL	37	0	37	37
HCFC2	37	0	37	37
HELB	37	0	37	37
HES1	0	37	37	37
HMGA2	37	0	37	37
HSP90B1	37	0	37	37
HVCN1	37	0	37	37
IFNG	37	0	37	37
IFNG-AS1	37	0	37	37
IFT81	37	0	37	37
IGF1	37	0	37	37
IKBIP	37	0	37	37
IL22	37	0	37	37
IL26	37	0	37	37
IQCG	0	37	37	37
IRAK3	37	0	37	37
ISCU	37	0	37	37
KCCAT198	37	0	37	37
KCNC2	37	0	37	37
KCNMB4	37	0	37	37
KCTD10	37	0	37	37
KERA	37	0	37	37
KIAA1033	37	0	37	37
KITLG	37	0	37	37
KRR1	37	0	37	37
KRT19P2	37	0	37	37
LEMD3	37	0	37	37
LGR5	37	0	37	37
LIN7A	37	0	37	37
LINC00485	37	0	37	37
LINC00615	37	0	37	37
LINC00884	0	37	37	37
LINC00885	0	37	37	37
LINC00887	0	37	37	37
LINC00936	37	0	37	37
LINC00969	0	37	37	37
LINC01063	0	37	37	37
LINC01405	37	0	37	37
LINC01465	37	0	37	37
LINC01479	37	0	37	37
LINC01481	37	0	37	37
LINC01486	37	0	37	37
LINC01490	37	0	37	37
LINC01498	37	0	37	37
LINC01619	37	0	37	37
LLPH	37	0	37	37
LLPH-AS1	37	0	37	37
LMLN	0	37	37	37
LMLN-AS1	0	37	37	37
LOC100129940	37	0	37	37
LOC100130075	37	0	37	37
LOC100287944	37	0	37	37
LOC100505920	0	37	37	37
LOC100505978	37	0	37	37
LOC100507065	37	0	37	37
LOC100507175	37	0	37	37
LOC100507195	37	0	37	37
LOC100507250	37	0	37	37
LOC100507377	37	0	37	37
LOC100507391	0	37	37	37
LOC101927901	37	0	37	37
LOC101928002	37	0	37	37
LOC101928137	37	0	37	37
LOC101928449	37	0	37	37
LOC101928617	37	0	37	37
LOC101928731	37	0	37	37
LOC101928937	37	0	37	37
LOC101929058	37	0	37	37
LOC101929084	37	0	37	37
LOC101929162	37	0	37	37
LOC101929337	0	37	37	37
LOC101929697	0	37	37	37
LOC102724421	37	0	37	37
LOC102724663	37	0	37	37
LOC102724933	37	0	37	37
LOC105369187	37	0	37	37
LOC105369860	37	0	37	37
LOC105369879	37	0	37	37
LOC105369891	37	0	37	37
LOC105369893	37	0	37	37
LOC105369911	37	0	37	37
LOC105369920	37	0	37	37
LOC105369921	37	0	37	37
LOC105369945	37	0	37	37
LOC105369980	37	0	37	37
LOC105374297	0	37	37	37
LOC220729	0	37	37	37
LOC285389	0	37	37	37
LOC414300	37	0	37	37
LOC643339	37	0	37	37
LOC643711	37	0	37	37
LOC643770	37	0	37	37
LOC647323	0	37	37	37
LOC728084	37	0	37	37
LOC728739	37	0	37	37
LRCH3	0	37	37	37
LRRC10	37	0	37	37
LRRC15	0	37	37	37
LRRIQ1	37	0	37	37
LSG1	0	37	37	37
LTA4H	37	0	37	37
LUM	37	0	37	37
LYZ	37	0	37	37
MAPKAPK5	37	0	37	37
MAPKAPK5-AS1	37	0	37	37
MDM1	37	0	37	37
MDM2	37	0	37	37
MELTF	0	37	37	37
METAP2	37	0	37	37
METTL25	37	0	37	37
MFI2-AS1	0	37	37	37
MGAT4C	37	0	37	37
MIPOL1	37	0	37	37
MIR1251	37	0	37	37
MIR1252	37	0	37	37
MIR1279	37	0	37	37
MIR135A2	37	0	37	37
MIR1827	37	0	37	37
MIR3137	0	37	37	37
MIR331	37	0	37	37
MIR3652	37	0	37	37
MIR3685	37	0	37	37
MIR3913-1	37	0	37	37
MIR3913-2	37	0	37	37
MIR3922	37	0	37	37
MIR4303	37	0	37	37
MIR4495	37	0	37	37
MIR4496	37	0	37	37
MIR4497	37	0	37	37
MIR4699	37	0	37	37
MIR4797	0	37	37	37
MIR492	37	0	37	37
MIR548C	37	0	37	37
MIR548Z	37	0	37	37
MIR570	0	37	37	37
MIR5700	37	0	37	37
MIR6074	37	0	37	37
MIR6125	37	0	37	37
MIR617	37	0	37	37
MIR618	37	0	37	37
MIR619	37	0	37	37
MIR6502	37	0	37	37
MIR6760	37	0	37	37
MIR6761	37	0	37	37
MIR6829	0	37	37	37
MIR7844	37	0	37	37
MIR922	0	37	37	37
MIRLET7I	37	0	37	37
MKRN9P	37	0	37	37
MMAB	37	0	37	37
MON2	37	0	37	37
MRPL42	37	0	37	37
MRS2P2	37	0	37	37
MSRB3	37	0	37	37
MTERF2	37	0	37	37
MUC20	0	37	37	37
MUC4	0	37	37	37
MVK	37	0	37	37
MYBPC1	37	0	37	37
MYF5	37	0	37	37
MYF6	37	0	37	37
MYL2	37	0	37	37
MYO1H	37	0	37	37
MYRFL	37	0	37	37
NAP1L1	37	0	37	37
NAV3	37	0	37	37
NCBP2	0	37	37	37
NCBP2-AS2	0	37	37	37
NDUFA12	37	0	37	37
NEDD1	37	0	37	37
NFYB	37	0	37	37
NR1H4	37	0	37	37
NR2C1	37	0	37	37
NRROS	0	37	37	37
NT5DC3	37	0	37	37
NTN4	37	0	37	37
NTS	37	0	37	37
NUAK1	37	0	37	37
NUDT4	37	0	37	37
NUP107	37	0	37	37
NUP37	37	0	37	37
OPA1	0	37	37	37
OPA1-AS1	0	37	37	37
OSBPL8	37	0	37	37
OTOGL	37	0	37	37
PAH	37	0	37	37
PAK2	0	37	37	37
PARPBP	37	0	37	37
PAWR	37	0	37	37
PCYT1A	0	37	37	37
PGAM1P5	37	0	37	37
PHLDA1	37	0	37	37
PIGX	0	37	37	37
PIGZ	0	37	37	37
PLEKHG7	37	0	37	37
PLXNC1	37	0	37	37
PMCH	37	0	37	37
POC1B	37	0	37	37
POC1B-GALNT4	37	0	37	37
POLR3B	37	0	37	37
PPFIA2	37	0	37	37
PPM1H	37	0	37	37
PPP1CC	37	0	37	37
PPP1R12A	37	0	37	37
PPP1R2	0	37	37	37
PPTC7	37	0	37	37
PRDM4	37	0	37	37
PTPRB	37	0	37	37
PTPRQ	37	0	37	37
PTPRR	37	0	37	37
PWP1	37	0	37	37
RAB21	37	0	37	37
RAB3IP	37	0	37	37
RAD9B	37	0	37	37
RAP1B	37	0	37	37
RASSF3	37	0	37	37
RASSF9	37	0	37	37
RFX4	37	0	37	37
RIC8B	37	0	37	37
RMST	37	0	37	37
RNF168	0	37	37	37
RPL35A	0	37	37	37
RPSAP52	37	0	37	37
RUBCN	0	37	37	37
SART3	37	0	37	37
SCYL2	37	0	37	37
SDHAP1	0	37	37	37
SDHAP2	0	37	37	37
SELPLG	37	0	37	37
SENP5	0	37	37	37
SH2B3	37	0	37	37
SLC17A8	37	0	37	37
SLC25A3	37	0	37	37
SLC35E3	37	0	37	37
SLC41A2	37	0	37	37
SLC51A	0	37	37	37
SLC5A8	37	0	37	37
SLC6A15	37	0	37	37
SLC9A7P1	37	0	37	37
SMCO1	0	37	37	37
SNORA53	37	0	37	37
SNORA70G	37	0	37	37
SNRPF	37	0	37	37
SOCS2	37	0	37	37
SOCS2-AS1	37	0	37	37
SPIC	37	0	37	37
SRGAP1	37	0	37	37
SSH1	37	0	37	37
STAB2	37	0	37	37
SVOP	37	0	37	37
SYCP3	37	0	37	37
SYT1	37	0	37	37
TBC1D15	37	0	37	37
TBC1D30	37	0	37	37
TBK1	37	0	37	37
TCHP	37	0	37	37
TCP11L2	37	0	37	37
TCTEX1D2	0	37	37	37
TCTN1	37	0	37	37
TDG	37	0	37	37
TFRC	0	37	37	37
THAP2	37	0	37	37
TM4SF19	0	37	37	37
TM4SF19-AS1	0	37	37	37
TM4SF19-TCTEX1D2	0	37	37	37
TMBIM4	37	0	37	37
TMCC3	37	0	37	37
TMEM119	37	0	37	37
TMEM19	37	0	37	37
TMEM263	37	0	37	37
TMEM44	0	37	37	37
TMEM44-AS1	0	37	37	37
TMEM5	37	0	37	37
TMEM5-AS1	37	0	37	37
TMPO	37	0	37	37
TMPO-AS1	37	0	37	37
TMTC2	37	0	37	37
TMTC3	37	0	37	37
TNK2	0	37	37	37
TPH2	37	0	37	37
TRHDE	37	0	37	37
TRHDE-AS1	37	0	37	37
TRPV4	37	0	37	37
TSPAN19	37	0	37	37
TSPAN8	37	0	37	37
TTC41P	37	0	37	37
TTC6	37	0	37	37
TXNRD1	37	0	37	37
UBE2N	37	0	37	37
UBE3B	37	0	37	37
UBXN7	0	37	37	37
UBXN7-AS1	0	37	37	37
UHRF1BP1L	37	0	37	37
UNG	37	0	37	37
USP15	37	0	37	37
USP30	37	0	37	37
USP30-AS1	37	0	37	37
USP44	37	0	37	37
UTP20	37	0	37	37
VEZT	37	0	37	37
VPS29	37	0	37	37
WDR53	0	37	37	37
WIF1	37	0	37	37
WSCD2	37	0	37	37
XPOT	37	0	37	37
XXYLT1	0	37	37	37
XXYLT1-AS1	0	37	37	37
XXYLT1-AS2	0	37	37	37
YEATS4	37	0	37	37
ZDHHC17	37	0	37	37
ZDHHC19	0	37	37	37
ZFC3H1	37	0	37	37
ARF5	0	33	33	33
FSCN3	0	33	33	33
GCC1	0	33	33	33
GRM8	0	33	33	33
LOC100506682	0	33	33	33
LOC101928254	0	33	33	33
LOC101928283	0	33	33	33
LOC101928333	0	33	33	33
LRRC4	0	33	33	33
MIR592	0	33	33	33
MIR593	0	33	33	33
PAX4	0	33	33	33
POT1-AS1	0	33	33	33
SND1-IT1	0	33	33	33
ZNF800	0	33	33	33
C16orf87	32	0	32	32
DNAJA2	32	0	32	32
GPT2	32	0	32	32
ITFG1	32	0	32	32
ITFG1-AS1	32	0	32	32
MYLK3	32	0	32	32
NETO2	32	0	32	32
ORC6	32	0	32	32
SHCBP1	32	0	32	32
VPS35	32	0	32	32
ACKR1	0	31	31	31
ADAMTS4	0	31	31	31
ADCY10	0	31	31	31
AIM2	0	31	31	31
ALDH9A1	0	31	31	31
ANKRD36BP1	0	31	31	31
ANKRD45	0	31	31	31
APCS	0	31	31	31
APOA2	0	31	31	31
ARHGAP30	0	31	31	31
ARHGEF11	0	31	31	31
ARHGEF2	0	31	31	31
ATF6	0	31	31	31
ATP1A2	0	31	31	31
ATP1A4	0	31	31	31
ATP1B1	0	31	31	31
B4GALT3	0	31	31	31
BCAN	0	31	31	31
BGLAP	0	31	31	31
BLZF1	0	31	31	31
C1orf105	0	31	31	31
C1orf111	0	31	31	31
C1orf112	0	31	31	31
C1orf204	0	31	31	31
C1orf226	0	31	31	31
C1orf61	0	31	31	31
CADM3	0	31	31	31
CADM3-AS1	0	31	31	31
CASQ1	0	31	31	31
CCDC181	0	31	31	31
CCDC190	0	31	31	31
CCT3	0	31	31	31
CD1A	0	31	31	31
CD1B	0	31	31	31
CD1C	0	31	31	31
CD1D	0	31	31	31
CD1E	0	31	31	31
CD244	0	31	31	31
CD247	0	31	31	31
CD48	0	31	31	31
CD5L	0	31	31	31
CD84	0	31	31	31
CENPL	0	31	31	31
CFAP126	0	31	31	31
CFAP45	0	31	31	31
COPA	0	31	31	31
CRABP2	0	31	31	31
CREG1	0	31	31	31
CRP	0	31	31	31
CYCSP52	0	31	31	31
DARS2	0	31	31	31
DCAF6	0	31	31	31
DCAF8	0	31	31	31
DDR2	0	31	31	31
DEDD	0	31	31	31
DNM3	0	31	31	31
DNM3-IT1	0	31	31	31
DNM3OS	0	31	31	31
DPT	0	31	31	31
DUSP12	0	31	31	31
DUSP23	0	31	31	31
DUSP27	0	31	31	31
ETV3	0	31	31	31
ETV3L	0	31	31	31
F11R	0	31	31	31
F5	0	31	31	31
FAM78B	0	31	31	31
FASLG	0	31	31	31
FCER1A	0	31	31	31
FCER1G	0	31	31	31
FCGR2A	0	31	31	31
FCGR2B	0	31	31	31
FCGR2C	0	31	31	31
FCGR3A	0	31	31	31
FCGR3B	0	31	31	31
FCRL1	0	31	31	31
FCRL2	0	31	31	31
FCRL3	0	31	31	31
FCRL4	0	31	31	31
FCRL5	0	31	31	31
FCRL6	0	31	31	31
FCRLA	0	31	31	31
FCRLB	0	31	31	31
FMO1	0	31	31	31
FMO2	0	31	31	31
FMO3	0	31	31	31
FMO4	0	31	31	31
FMO6P	0	31	31	31
FMO9P	0	31	31	31
GAS5	0	31	31	31
GAS5-AS1	0	31	31	31
GLMP	0	31	31	31
GON4L	0	31	31	31
GORAB	0	31	31	31
GPA33	0	31	31	31
GPATCH4	0	31	31	31
GPR161	0	31	31	31
GPR52	0	31	31	31
HAPLN2	0	31	31	31
HDGF	0	31	31	31
HSD17B7	0	31	31	31
HSPA6	0	31	31	31
HSPA7	0	31	31	31
IFI16	0	31	31	31
IGSF8	0	31	31	31
IGSF9	0	31	31	31
ILDR2	0	31	31	31
INSRR	0	31	31	31
IQGAP3	0	31	31	31
ISG20L2	0	31	31	31
ITLN1	0	31	31	31
ITLN2	0	31	31	31
KCNJ10	0	31	31	31
KCNJ9	0	31	31	31
KIAA0907	0	31	31	31
KIFAP3	0	31	31	31
KIRREL	0	31	31	31
KLHDC9	0	31	31	31
KLHL20	0	31	31	31
LAMTOR2	0	31	31	31
LINC00626	0	31	31	31
LINC00970	0	31	31	31
LINC01133	0	31	31	31
LINC01142	0	31	31	31
LINC01363	0	31	31	31
LMNA	0	31	31	31
LMX1A	0	31	31	31
LOC100147773	0	31	31	31
LOC100422212	0	31	31	31
LOC100505795	0	31	31	31
LOC100505918	0	31	31	31
LOC100506023	0	31	31	31
LOC101928177	0	31	31	31
LOC101928372	0	31	31	31
LOC101928404	0	31	31	31
LOC101928565	0	31	31	31
LOC101928596	0	31	31	31
LOC101928650	0	31	31	31
LOC101928673	0	31	31	31
LOC102724601	0	31	31	31
LOC105371458	0	31	31	31
LOC400794	0	31	31	31
LOC440700	0	31	31	31
LOC646268	0	31	31	31
LOC729867	0	31	31	31
LOC730159	0	31	31	31
LRRC52	0	31	31	31
LRRC71	0	31	31	31
LY9	0	31	31	31
MAEL	0	31	31	31
MEF2D	0	31	31	31
METTL11B	0	31	31	31
METTL13	0	31	31	31
METTL18	0	31	31	31
MEX3A	0	31	31	31
MGST3	0	31	31	31
MIR1255B2	0	31	31	31
MIR1295A	0	31	31	31
MIR1295B	0	31	31	31
MIR199A2	0	31	31	31
MIR214	0	31	31	31
MIR3119-1	0	31	31	31
MIR3119-2	0	31	31	31
MIR3120	0	31	31	31
MIR3658	0	31	31	31
MIR4259	0	31	31	31
MIR4654	0	31	31	31
MIR5187	0	31	31	31
MIR556	0	31	31	31
MIR557	0	31	31	31
MIR6738	0	31	31	31
MIR765	0	31	31	31
MIR9-1	0	31	31	31
MIR921	0	31	31	31
MNDA	0	31	31	31
MPC2	0	31	31	31
MPZ	0	31	31	31
MPZL1	0	31	31	31
MROH9	0	31	31	31
MRPL24	0	31	31	31
MSTO2P	0	31	31	31
MYOC	0	31	31	31
NAXE	0	31	31	31
NCSTN	0	31	31	31
NDUFS2	0	31	31	31
NECTIN4	0	31	31	31
NES	0	31	31	31
NHLH1	0	31	31	31
NIT1	0	31	31	31
NME7	0	31	31	31
NOS1AP	0	31	31	31
NR1I3	0	31	31	31
NTRK1	0	31	31	31
NUF2	0	31	31	31
OLFML2B	0	31	31	31
OR10J1	0	31	31	31
OR10J3	0	31	31	31
OR10J5	0	31	31	31
OR10K1	0	31	31	31
OR10K2	0	31	31	31
OR10R2	0	31	31	31
OR10T2	0	31	31	31
OR10X1	0	31	31	31
OR10Z1	0	31	31	31
OR6K2	0	31	31	31
OR6K3	0	31	31	31
OR6K6	0	31	31	31
OR6N1	0	31	31	31
OR6N2	0	31	31	31
OR6P1	0	31	31	31
OR6Y1	0	31	31	31
PAQR6	0	31	31	31
PBX1	0	31	31	31
PCP4L1	0	31	31	31
PEA15	0	31	31	31
PEAR1	0	31	31	31
PEX19	0	31	31	31
PFDN2	0	31	31	31
PIGC	0	31	31	31
PIGM	0	31	31	31
PMF1	0	31	31	31
PMF1-BGLAP	0	31	31	31
POGK	0	31	31	31
POP3	0	31	31	31
POU2F1	0	31	31	31
PPOX	0	31	31	31
PRCC	0	31	31	31
PRDX6	0	31	31	31
PRRC2C	0	31	31	31
PRRX1	0	31	31	31
PYHIN1	0	31	31	31
RAB25	0	31	31	31
RC3H1	0	31	31	31
RCSD1	0	31	31	31
RGS4	0	31	31	31
RGS5	0	31	31	31
RHBG	0	31	31	31
RIT1	0	31	31	31
RPL31P11	0	31	31	31
RRNAD1	0	31	31	31
RXFP4	0	31	31	31
RXRG	0	31	31	31
SCARNA26B	0	31	31	31
SCARNA4	0	31	31	31
SCYL3	0	31	31	31
SDHC	0	31	31	31
SELE	0	31	31	31
SELL	0	31	31	31
SELP	0	31	31	31
SEMA4A	0	31	31	31
SERPINC1	0	31	31	31
SFT2D2	0	31	31	31
SH2D1B	0	31	31	31
SH2D2A	0	31	31	31
SLAMF1	0	31	31	31
SLAMF6	0	31	31	31
SLAMF7	0	31	31	31
SLAMF8	0	31	31	31
SLAMF9	0	31	31	31
SLC19A2	0	31	31	31
SLC25A44	0	31	31	31
SLC9C2	0	31	31	31
SMG5	0	31	31	31
SNORA103	0	31	31	31
SNORA80E	0	31	31	31
SNORD44	0	31	31	31
SNORD47	0	31	31	31
SNORD74	0	31	31	31
SNORD75	0	31	31	31
SNORD76	0	31	31	31
SNORD77	0	31	31	31
SNORD78	0	31	31	31
SNORD79	0	31	31	31
SNORD80	0	31	31	31
SNORD81	0	31	31	31
SPTA1	0	31	31	31
SSR2	0	31	31	31
SUCO	0	31	31	31
SUMO1P3	0	31	31	31
SYT11	0	31	31	31
TADA1	0	31	31	31
TAGLN2	0	31	31	31
TBX19	0	31	31	31
TIPRL	0	31	31	31
TMCO1	0	31	31	31
TMEM79	0	31	31	31
TNFSF18	0	31	31	31
TNFSF4	0	31	31	31
TOMM40L	0	31	31	31
TOP1P1	0	31	31	31
TSACC	0	31	31	31
TSTD1	0	31	31	31
TTC24	0	31	31	31
UAP1	0	31	31	31
UBQLN4	0	31	31	31
UCK2	0	31	31	31
UFC1	0	31	31	31
UHMK1	0	31	31	31
USF1	0	31	31	31
USP21	0	31	31	31
VAMP4	0	31	31	31
VANGL2	0	31	31	31
VHLL	0	31	31	31
VSIG8	0	31	31	31
XCL1	0	31	31	31
XCL2	0	31	31	31
ZBTB37	0	31	31	31
hsa-mir-3119-1	0	31	31	31
AACSP1	27	0	27	27
ABLIM3	27	0	27	27
ACSL6	27	0	27	27
ADAM19	27	0	27	27
ADAMTS19	27	0	27	27
ADAMTS19-AS1	27	0	27	27
ADAMTS2	27	0	27	27
ADRA1B	27	0	27	27
ADRB2	27	0	27	27
AFAP1L1	27	0	27	27
AFF4	27	0	27	27
ALDH7A1	27	0	27	27
ANKHD1	27	0	27	27
ANKHD1-EIF4EBP3	27	0	27	27
ANKRD17	27	0	27	27
ANXA6	27	0	27	27
APBB3	27	0	27	27
ARAP3	27	0	27	27
ARHGAP26	27	0	27	27
ARHGAP26-AS1	27	0	27	27
ARHGAP26-IT1	27	0	27	27
ARHGEF37	27	0	27	27
ARL10	27	0	27	27
ARSI	27	0	27	27
ATOX1	27	0	27	27
ATP10B	27	0	27	27
ATP6V0E1	27	0	27	27
B4GALT7	27	0	27	27
BNIP1	27	0	27	27
BOD1	27	0	27	27
BRD8	27	0	27	27
BTNL3	27	0	27	27
BTNL8	27	0	27	27
BTNL9	27	0	27	27
C1QTNF2	27	0	27	27
C5orf15	27	0	27	27
C5orf24	27	0	27	27
C5orf45	27	0	27	27
C5orf46	27	0	27	27
C5orf47	27	0	27	27
C5orf52	27	0	27	27
C5orf56	27	0	27	27
C5orf58	27	0	27	27
C5orf60	27	0	27	27
C5orf63	27	0	27	27
C5orf66	27	0	27	27
C5orf66-AS1	27	0	27	27
C5orf66-AS2	27	0	27	27
CAMK2A	27	0	27	27
CAMLG	27	0	27	27
CANX	27	0	27	27
CARMN	27	0	27	27
CATSPER3	27	0	27	27
CBY3	27	0	27	27
CCDC192	27	0	27	27
CCDC69	27	0	27	27
CCNG1	27	0	27	27
CCNI2	27	0	27	27
CCNJL	27	0	27	27
CD14	27	0	27	27
CD74	27	0	27	27
CDC23	27	0	27	27
CDC25C	27	0	27	27
CDC42SE2	27	0	27	27
CDHR2	27	0	27	27
CDKL3	27	0	27	27
CDKN2AIPNL	27	0	27	27
CDX1	27	0	27	27
CHSY3	27	0	27	27
CLINT1	27	0	27	27
CLK4	27	0	27	27
CLTB	27	0	27	27
CNOT6	27	0	27	27
CNOT8	27	0	27	27
COL23A1	27	0	27	27
COX18	27	0	27	27
CPEB4	27	0	27	27
CPLX2	27	0	27	27
CREBRF	27	0	27	27
CSF1R	27	0	27	27
CSF2	27	0	27	27
CSNK1A1	27	0	27	27
CTB-113P19.1	27	0	27	27
CTB-12O2.1	27	0	27	27
CTB-178M22.2	27	0	27	27
CTB-7E3.1	27	0	27	27
CTC-338M12.4	27	0	27	27
CTD-2270F17.1	27	0	27	27
CTNNA1	27	0	27	27
CTXN3	27	0	27	27
CXCL14	27	0	27	27
CXXC5	27	0	27	27
CYFIP2	27	0	27	27
CYSTM1	27	0	27	27
DBN1	27	0	27	27
DCANP1	27	0	27	27
DCTN4	27	0	27	27
DDX41	27	0	27	27
DDX46	27	0	27	27
DIAPH1	27	0	27	27
DNAJC18	27	0	27	27
DND1	27	0	27	27
DOCK2	27	0	27	27
DOK3	27	0	27	27
DPYSL3	27	0	27	27
DRD1	27	0	27	27
DUSP1	27	0	27	27
EBF1	27	0	27	27
ECSCR	27	0	27	27
EFCAB9	27	0	27	27
EGR1	27	0	27	27
EIF4E1B	27	0	27	27
EIF4EBP3	27	0	27	27
ERGIC1	27	0	27	27
ETF1	27	0	27	27
F12	27	0	27	27
FABP6	27	0	27	27
FAF2	27	0	27	27
FAM114A2	27	0	27	27
FAM13B	27	0	27	27
FAM153A	27	0	27	27
FAM153B	27	0	27	27
FAM153C	27	0	27	27
FAM193B	27	0	27	27
FAM196B	27	0	27	27
FAM53C	27	0	27	27
FAM71B	27	0	27	27
FAT2	27	0	27	27
FAXDC2	27	0	27	27
FBLL1	27	0	27	27
FBN2	27	0	27	27
FBXL21	27	0	27	27
FBXO38	27	0	27	27
FBXW11	27	0	27	27
FCHSD1	27	0	27	27
FGF1	27	0	27	27
FGF18	27	0	27	27
FGFR4	27	0	27	27
FLJ16171	27	0	27	27
FLT4	27	0	27	27
FNDC9	27	0	27	27
FNIP1	27	0	27	27
FOXI1	27	0	27	27
FSTL4	27	0	27	27
G3BP1	27	0	27	27
GABRA1	27	0	27	27
GABRA6	27	0	27	27
GABRB2	27	0	27	27
GABRG2	27	0	27	27
GABRP	27	0	27	27
GALNT10	27	0	27	27
GDF9	27	0	27	27
GEMIN5	27	0	27	27
GFPT2	27	0	27	27
GFRA3	27	0	27	27
GLRA1	27	0	27	27
GM2A	27	0	27	27
GMCL1P1	27	0	27	27
GNPDA1	27	0	27	27
GPR151	27	0	27	27
GPRIN1	27	0	27	27
GPX3	27	0	27	27
GRAMD3	27	0	27	27
GRIA1	27	0	27	27
GRK6	27	0	27	27
GRM6	27	0	27	27
GRPEL2	27	0	27	27
GRPEL2-AS1	27	0	27	27
GRXCR2	27	0	27	27
H2AFY	27	0	27	27
HAND1	27	0	27	27
HARS	27	0	27	27
HARS2	27	0	27	27
HAVCR1	27	0	27	27
HAVCR2	27	0	27	27
HBEGF	27	0	27	27
HDAC3	27	0	27	27
HEIH	27	0	27	27
HIGD2A	27	0	27	27
HINT1	27	0	27	27
HK3	27	0	27	27
HMGXB3	27	0	27	27
HMHB1	27	0	27	27
HMMR	27	0	27	27
HMMR-AS1	27	0	27	27
HMP19	27	0	27	27
HNRNPA0	27	0	27	27
HNRNPAB	27	0	27	27
HNRNPH1	27	0	27	27
HRH2	27	0	27	27
HSPA4	27	0	27	27
HSPA9	27	0	27	27
HTR4	27	0	27	27
IGIP	27	0	27	27
IK	27	0	27	27
IL12B	27	0	27	27
IL13	27	0	27	27
IL17B	27	0	27	27
IL3	27	0	27	27
IL4	27	0	27	27
IL5	27	0	27	27
IL9	27	0	27	27
IRF1	27	0	27	27
IRGM	27	0	27	27
ISOC1	27	0	27	27
ITK	27	0	27	27
JADE2	27	0	27	27
JAKMIP2	27	0	27	27
JAKMIP2-AS1	27	0	27	27
KCNIP1	27	0	27	27
KCNMB1	27	0	27	27
KCTD16	27	0	27	27
KDM3B	27	0	27	27
KIAA0141	27	0	27	27
KIAA1024L	27	0	27	27
KIAA1191	27	0	27	27
KIF20A	27	0	27	27
KIF3A	27	0	27	27
KIF4B	27	0	27	27
KLHL3	27	0	27	27
LARP1	27	0	27	27
LARS	27	0	27	27
LCP2	27	0	27	27
LEAP2	27	0	27	27
LECT2	27	0	27	27
LINC00847	27	0	27	27
LINC01024	27	0	27	27
LINC01184	27	0	27	27
LINC01187	27	0	27	27
LINC01202	27	0	27	27
LINC01366	27	0	27	27
LINC01411	27	0	27	27
LINC01470	27	0	27	27
LINC01484	27	0	27	27
LINC01485	27	0	27	27
LINC01574	27	0	27	27
LMAN2	27	0	27	27
LMNB1	27	0	27	27
LOC100130172	27	0	27	27
LOC100132062	27	0	27	27
LOC100268168	27	0	27	27
LOC100288254	27	0	27	27
LOC100505658	27	0	27	27
LOC100507387	27	0	27	27
LOC100652758	27	0	27	27
LOC100996385	27	0	27	27
LOC100996419	27	0	27	27
LOC101926905	27	0	27	27
LOC101926941	27	0	27	27
LOC101926975	27	0	27	27
LOC101927488	27	0	27	27
LOC101927697	27	0	27	27
LOC101927740	27	0	27	27
LOC101927766	27	0	27	27
LOC101927835	27	0	27	27
LOC101927908	27	0	27	27
LOC101927934	27	0	27	27
LOC101927969	27	0	27	27
LOC101928093	27	0	27	27
LOC101928445	27	0	27	27
LOC101929696	27	0	27	27
LOC101929719	27	0	27	27
LOC102546228	27	0	27	27
LOC102546229	27	0	27	27
LOC102546294	27	0	27	27
LOC102546298	27	0	27	27
LOC102546299	27	0	27	27
LOC102577426	27	0	27	27
LOC102723557	27	0	27	27
LOC102724404	27	0	27	27
LOC105377682	27	0	27	27
LOC105377716	27	0	27	27
LOC105377763	27	0	27	27
LOC105379176	27	0	27	27
LOC105379183	27	0	27	27
LOC105379192	27	0	27	27
LOC105379194	27	0	27	27
LOC202181	27	0	27	27
LOC255187	27	0	27	27
LOC285593	27	0	27	27
LOC285626	27	0	27	27
LOC285627	27	0	27	27
LOC285629	27	0	27	27
LOC340074	27	0	27	27
LOC389332	27	0	27	27
LOC553103	27	0	27	27
LOC643201	27	0	27	27
LOC644762	27	0	27	27
LOC728095	27	0	27	27
LOC728554	27	0	27	27
LOC729080	27	0	27	27
LRRTM2	27	0	27	27
LSM11	27	0	27	27
LTC4S	27	0	27	27
LYRM7	27	0	27	27
MAML1	27	0	27	27
MAPK9	27	0	27	27
MARCH3	27	0	27	27
MAT2B	27	0	27	27
MATR3	27	0	27	27
MED7	27	0	27	27
MEGF10	27	0	27	27
MEIKIN	27	0	27	27
MFAP3	27	0	27	27
MGAT1	27	0	27	27
MGAT4B	27	0	27	27
MIR103A1	27	0	27	27
MIR103B1	27	0	27	27
MIR1229	27	0	27	27
MIR1271	27	0	27	27
MIR1289-2	27	0	27	27
MIR1294	27	0	27	27
MIR1303	27	0	27	27
MIR143	27	0	27	27
MIR145	27	0	27	27
MIR146A	27	0	27	27
MIR218-2	27	0	27	27
MIR3141	27	0	27	27
MIR3142	27	0	27	27
MIR3142HG	27	0	27	27
MIR340	27	0	27	27
MIR3655	27	0	27	27
MIR3661	27	0	27	27
MIR378A	27	0	27	27
MIR378E	27	0	27	27
MIR378H	27	0	27	27
MIR3912	27	0	27	27
MIR3936	27	0	27	27
MIR4281	27	0	27	27
MIR4460	27	0	27	27
MIR4461	27	0	27	27
MIR4633	27	0	27	27
MIR4634	27	0	27	27
MIR4638	27	0	27	27
MIR5003	27	0	27	27
MIR5197	27	0	27	27
MIR5692C1	27	0	27	27
MIR584	27	0	27	27
MIR585	27	0	27	27
MIR6499	27	0	27	27
MIR6830	27	0	27	27
MIR6831	27	0	27	27
MIR8056	27	0	27	27
MIR8089	27	0	27	27
MIR874	27	0	27	27
MRPL22	27	0	27	27
MSX2	27	0	27	27
MXD3	27	0	27	27
MYOT	27	0	27	27
MYOZ3	27	0	27	27
MZB1	27	0	27	27
N4BP3	27	0	27	27
NDFIP1	27	0	27	27
NDST1	27	0	27	27
NDUFA2	27	0	27	27
NEURL1B	27	0	27	27
NEUROG1	27	0	27	27
NHP2	27	0	27	27
NIPAL4	27	0	27	27
NKX2-5	27	0	27	27
NME5	27	0	27	27
NMUR2	27	0	27	27
NOP16	27	0	27	27
NPM1	27	0	27	27
NPY6R	27	0	27	27
NR3C1	27	0	27	27
NRG2	27	0	27	27
NSD1	27	0	27	27
NUDCD2	27	0	27	27
OR2V1	27	0	27	27
OR2V2	27	0	27	27
OR2Y1	27	0	27	27
OR4F16	27	0	27	27
OR4F29	27	0	27	27
P4HA2	27	0	27	27
P4HA2-AS1	27	0	27	27
PAIP2	27	0	27	27
PANK3	27	0	27	27
PCBD2	27	0	27	27
PCDH1	27	0	27	27
PCDH12	27	0	27	27
PCDHA1	27	0	27	27
PCDHA10	27	0	27	27
PCDHA11	27	0	27	27
PCDHA12	27	0	27	27
PCDHA13	27	0	27	27
PCDHA2	27	0	27	27
PCDHA3	27	0	27	27
PCDHA4	27	0	27	27
PCDHA5	27	0	27	27
PCDHA6	27	0	27	27
PCDHA7	27	0	27	27
PCDHA8	27	0	27	27
PCDHA9	27	0	27	27
PCDHAC1	27	0	27	27
PCDHAC2	27	0	27	27
PCDHB1	27	0	27	27
PCDHB10	27	0	27	27
PCDHB11	27	0	27	27
PCDHB12	27	0	27	27
PCDHB13	27	0	27	27
PCDHB14	27	0	27	27
PCDHB15	27	0	27	27
PCDHB16	27	0	27	27
PCDHB17P	27	0	27	27
PCDHB18P	27	0	27	27
PCDHB19P	27	0	27	27
PCDHB2	27	0	27	27
PCDHB3	27	0	27	27
PCDHB4	27	0	27	27
PCDHB5	27	0	27	27
PCDHB6	27	0	27	27
PCDHB7	27	0	27	27
PCDHB8	27	0	27	27
PCDHB9	27	0	27	27
PCDHGA1	27	0	27	27
PCDHGA10	27	0	27	27
PCDHGA11	27	0	27	27
PCDHGA12	27	0	27	27
PCDHGA2	27	0	27	27
PCDHGA3	27	0	27	27
PCDHGA4	27	0	27	27
PCDHGA5	27	0	27	27
PCDHGA6	27	0	27	27
PCDHGA7	27	0	27	27
PCDHGA8	27	0	27	27
PCDHGA9	27	0	27	27
PCDHGB1	27	0	27	27
PCDHGB2	27	0	27	27
PCDHGB3	27	0	27	27
PCDHGB4	27	0	27	27
PCDHGB5	27	0	27	27
PCDHGB6	27	0	27	27
PCDHGB7	27	0	27	27
PCDHGB8P	27	0	27	27
PCDHGC3	27	0	27	27
PCDHGC4	27	0	27	27
PCDHGC5	27	0	27	27
PCYOX1L	27	0	27	27
PDE6A	27	0	27	27
PDGFRB	27	0	27	27
PDLIM4	27	0	27	27
PDLIM7	27	0	27	27
PFDN1	27	0	27	27
PFN3	27	0	27	27
PHAX	27	0	27	27
PHYKPL	27	0	27	27
PITX1	27	0	27	27
PKD2L2	27	0	27	27
PLAC8L1	27	0	27	27
POU4F3	27	0	27	27
PPARGC1B	27	0	27	27
PPP1R2P3	27	0	27	27
PPP2CA	27	0	27	27
PPP2R2B	27	0	27	27
PPP2R2B-IT1	27	0	27	27
PRELID1	27	0	27	27
PRELID2	27	0	27	27
PROB1	27	0	27	27
PROP1	27	0	27	27
PRR7	27	0	27	27
PRR7-AS1	27	0	27	27
PRRC1	27	0	27	27
PSD2	27	0	27	27
PTTG1	27	0	27	27
PURA	27	0	27	27
PWWP2A	27	0	27	27
RAB24	27	0	27	27
RACK1	27	0	27	27
RAD50	27	0	27	27
RANBP17	27	0	27	27
RAPGEF6	27	0	27	27
RARS	27	0	27	27
RASGEF1C	27	0	27	27
RBM22	27	0	27	27
RBM27	27	0	27	27
REEP2	27	0	27	27
RELL2	27	0	27	27
RGS14	27	0	27	27
RMND5B	27	0	27	27
RNF130	27	0	27	27
RNF14	27	0	27	27
RNF145	27	0	27	27
RNF44	27	0	27	27
RPL26L1	27	0	27	27
RPS14	27	0	27	27
RUFY1	27	0	27	27
SAP30L	27	0	27	27
SAP30L-AS1	27	0	27	27
SAR1B	27	0	27	27
SCGB3A1	27	0	27	27
SCGB3A2	27	0	27	27
SEC24A	27	0	27	27
SEPT8	27	0	27	27
SFXN1	27	0	27	27
SGCD	27	0	27	27
SH3PXD2B	27	0	27	27
SH3RF2	27	0	27	27
SH3TC2	27	0	27	27
SHROOM1	27	0	27	27
SIL1	27	0	27	27
SIMC1	27	0	27	27
SKP1	27	0	27	27
SLC12A2	27	0	27	27
SLC22A4	27	0	27	27
SLC22A5	27	0	27	27
SLC23A1	27	0	27	27
SLC25A2	27	0	27	27
SLC25A48	27	0	27	27
SLC26A2	27	0	27	27
SLC27A6	27	0	27	27
SLC34A1	27	0	27	27
SLC35A4	27	0	27	27
SLC36A1	27	0	27	27
SLC36A2	27	0	27	27
SLC36A3	27	0	27	27
SLC4A9	27	0	27	27
SLC6A7	27	0	27	27
SLIT3	27	0	27	27
SLU7	27	0	27	27
SMAD5	27	0	27	27
SMAD5-AS1	27	0	27	27
SMIM23	27	0	27	27
SMIM3	27	0	27	27
SNCB	27	0	27	27
SNHG4	27	0	27	27
SNORA74A	27	0	27	27
SNORA74B	27	0	27	27
SNORD63	27	0	27	27
SNORD95	27	0	27	27
SNORD96A	27	0	27	27
SOWAHA	27	0	27	27
SOX30	27	0	27	27
SPARC	27	0	27	27
SPATA24	27	0	27	27
SPDL1	27	0	27	27
SPINK1	27	0	27	27
SPINK13	27	0	27	27
SPINK14	27	0	27	27
SPINK5	27	0	27	27
SPINK6	27	0	27	27
SPINK7	27	0	27	27
SPINK9	27	0	27	27
SPOCK1	27	0	27	27
SPRY4	27	0	27	27
SPRY4-IT1	27	0	27	27
SQSTM1	27	0	27	27
SRA1	27	0	27	27
STC2	27	0	27	27
STK10	27	0	27	27
STK32A	27	0	27	27
SYNPO	27	0	27	27
TAF7	27	0	27	27
TBC1D9B	27	0	27	27
TCERG1	27	0	27	27
TCF7	27	0	27	27
TCOF1	27	0	27	27
TENM2	27	0	27	27
TEX43	27	0	27	27
TGFBI	27	0	27	27
TH2LCRR	27	0	27	27
THG1L	27	0	27	27
THOC3	27	0	27	27
TIFAB	27	0	27	27
TIGD6	27	0	27	27
TIMD4	27	0	27	27
TLX3	27	0	27	27
TMCO6	27	0	27	27
TMED9	27	0	27	27
TMEM173	27	0	27	27
TNIP1	27	0	27	27
TRIM41	27	0	27	27
TRIM52	27	0	27	27
TRIM52-AS1	27	0	27	27
TRIM7	27	0	27	27
TRPC7	27	0	27	27
TRPC7-AS2	27	0	27	27
TSPAN17	27	0	27	27
TTC1	27	0	27	27
TXNDC15	27	0	27	27
UBE2B	27	0	27	27
UBE2D2	27	0	27	27
UBLCP1	27	0	27	27
UBTD2	27	0	27	27
UIMC1	27	0	27	27
UNC5A	27	0	27	27
UQCRQ	27	0	27	27
VDAC1	27	0	27	27
VTRNA1-1	27	0	27	27
VTRNA1-2	27	0	27	27
VTRNA1-3	27	0	27	27
VTRNA2-1	27	0	27	27
WDR55	27	0	27	27
WNT8A	27	0	27	27
WSPAR	27	0	27	27
WWC1	27	0	27	27
YIPF5	27	0	27	27
ZBED8	27	0	27	27
ZCCHC10	27	0	27	27
ZFP2	27	0	27	27
ZFP62	27	0	27	27
ZMAT2	27	0	27	27
ZNF300	27	0	27	27
ZNF300P1	27	0	27	27
ZNF346	27	0	27	27
ZNF354A	27	0	27	27
ZNF354B	27	0	27	27
ZNF354C	27	0	27	27
ZNF454	27	0	27	27
ZNF879	27	0	27	27
hsa-mir-886	27	0	27	27
BRIP1	24	0	24	24
INTS2	24	0	24	24
MED13	24	0	24	24
CRYL1	23	0	23	23
EEF1AKMT1	23	0	23	23
GJA3	23	0	23	23
GJB2	23	0	23	23
GJB6	23	0	23	23
IFT88	23	0	23	23
IL17D	23	0	23	23
LATS2	23	0	23	23
LINC00350	23	0	23	23
LINC00367	23	0	23	23
LINC00539	23	0	23	23
LINC01046	23	0	23	23
LINC01072	23	0	23	23
MIPEPP3	23	0	23	23
MIR4499	23	0	23	23
MPHOSPH8	23	0	23	23
MRPL57	23	0	23	23
PSPC1	23	0	23	23
SAP18	23	0	23	23
SKA3	23	0	23	23
TPTE2	23	0	23	23
XPO4	23	0	23	23
ZDHHC20	23	0	23	23
ZMYM2	23	0	23	23
ZMYM5	23	0	23	23
B9D1	18	0	18	18
EPN2	18	0	18	18
EPN2-AS1	18	0	18	18
EPN2-IT1	18	0	18	18
FAM83G	18	0	18	18
GRAP	18	0	18	18
GRAPL	18	0	18	18
LOC388436	18	0	18	18
MIR1180	18	0	18	18
SLC5A10	18	0	18	18
SNORD3A	18	0	18	18
SNORD3B-1	18	0	18	18
SNORD3C	18	0	18	18
SNORD3D	18	0	18	18
AURKC	17	0	17	17
BRSK1	17	0	17	17
CACNG6	17	0	17	17
CACNG7	17	0	17	17
CACNG8	17	0	17	17
CCDC106	17	0	17	17
CDC42EP5	17	0	17	17
CNOT3	17	0	17	17
COX6B2	17	0	17	17
DNAAF3	17	0	17	17
DPRX	17	0	17	17
DUXA	17	0	17	17
EPN1	17	0	17	17
EPS8L1	17	0	17	17
FAM71E2	17	0	17	17
FCAR	17	0	17	17
FIZ1	17	0	17	17
GALP	17	0	17	17
GP6	17	0	17	17
HSPBP1	17	0	17	17
IL11	17	0	17	17
ISOC2	17	0	17	17
KIR2DL1	17	0	17	17
KIR2DL2	17	0	17	17
KIR2DL3	17	0	17	17
KIR2DL4	17	0	17	17
KIR2DS1	17	0	17	17
KIR2DS2	17	0	17	17
KIR2DS3	17	0	17	17
KIR2DS4	17	0	17	17
KIR2DS5	17	0	17	17
KIR3DL1	17	0	17	17
KIR3DL2	17	0	17	17
KIR3DL3	17	0	17	17
KIR3DS1	17	0	17	17
KIR3DX1	17	0	17	17
KMT5C	17	0	17	17
LAIR1	17	0	17	17
LAIR2	17	0	17	17
LENG1	17	0	17	17
LENG8	17	0	17	17
LENG8-AS1	17	0	17	17
LENG9	17	0	17	17
LILRA1	17	0	17	17
LILRA2	17	0	17	17
LILRA4	17	0	17	17
LILRA5	17	0	17	17
LILRA6	17	0	17	17
LILRB1	17	0	17	17
LILRB2	17	0	17	17
LILRB3	17	0	17	17
LILRB4	17	0	17	17
LILRB5	17	0	17	17
LILRP2	17	0	17	17
LOC101928804	17	0	17	17
LOC101928886	17	0	17	17
LOC105372476	17	0	17	17
LOC284379	17	0	17	17
MBOAT7	17	0	17	17
MIMT1	17	0	17	17
MIR1283-1	17	0	17	17
MIR1283-2	17	0	17	17
MIR1323	17	0	17	17
MIR371A	17	0	17	17
MIR371B	17	0	17	17
MIR372	17	0	17	17
MIR373	17	0	17	17
MIR4752	17	0	17	17
MIR498	17	0	17	17
MIR512-1	17	0	17	17
MIR512-2	17	0	17	17
MIR515-1	17	0	17	17
MIR515-2	17	0	17	17
MIR516A1	17	0	17	17
MIR516A2	17	0	17	17
MIR516B1	17	0	17	17
MIR516B2	17	0	17	17
MIR517A	17	0	17	17
MIR517B	17	0	17	17
MIR517C	17	0	17	17
MIR518A1	17	0	17	17
MIR518A2	17	0	17	17
MIR518B	17	0	17	17
MIR518C	17	0	17	17
MIR518D	17	0	17	17
MIR518E	17	0	17	17
MIR518F	17	0	17	17
MIR519A1	17	0	17	17
MIR519A2	17	0	17	17
MIR519B	17	0	17	17
MIR519C	17	0	17	17
MIR519D	17	0	17	17
MIR519E	17	0	17	17
MIR520A	17	0	17	17
MIR520B	17	0	17	17
MIR520C	17	0	17	17
MIR520D	17	0	17	17
MIR520E	17	0	17	17
MIR520F	17	0	17	17
MIR520G	17	0	17	17
MIR520H	17	0	17	17
MIR521-1	17	0	17	17
MIR521-2	17	0	17	17
MIR522	17	0	17	17
MIR523	17	0	17	17
MIR524	17	0	17	17
MIR525	17	0	17	17
MIR526A1	17	0	17	17
MIR526A2	17	0	17	17
MIR526B	17	0	17	17
MIR527	17	0	17	17
MIR6802	17	0	17	17
MIR6803	17	0	17	17
MIR6804	17	0	17	17
MIR6805	17	0	17	17
MIR7975	17	0	17	17
MIR8061	17	0	17	17
MIR935	17	0	17	17
MYADM	17	0	17	17
NAT14	17	0	17	17
NCR1	17	0	17	17
NDUFA3	17	0	17	17
NLRP11	17	0	17	17
NLRP12	17	0	17	17
NLRP13	17	0	17	17
NLRP2	17	0	17	17
NLRP4	17	0	17	17
NLRP5	17	0	17	17
NLRP7	17	0	17	17
NLRP8	17	0	17	17
NLRP9	17	0	17	17
OSCAR	17	0	17	17
PEG3	17	0	17	17
PEG3-AS1	17	0	17	17
PPP1R12C	17	0	17	17
PPP6R1	17	0	17	17
PRKCG	17	0	17	17
PRPF31	17	0	17	17
PTPRH	17	0	17	17
RDH13	17	0	17	17
RFPL4A	17	0	17	17
RFPL4AL1	17	0	17	17
RPL28	17	0	17	17
RPS9	17	0	17	17
SBK2	17	0	17	17
SBK3	17	0	17	17
SHISA7	17	0	17	17
SMIM17	17	0	17	17
SSC5D	17	0	17	17
SYT5	17	0	17	17
TARM1	17	0	17	17
TFPT	17	0	17	17
TMC4	17	0	17	17
TMEM150B	17	0	17	17
TMEM190	17	0	17	17
TMEM238	17	0	17	17
TMEM86B	17	0	17	17
TNNI3	17	0	17	17
TNNT1	17	0	17	17
TPM3P9	17	0	17	17
TSEN34	17	0	17	17
TTYH1	17	0	17	17
U2AF2	17	0	17	17
UBE2S	17	0	17	17
USP29	17	0	17	17
VSTM1	17	0	17	17
ZFP28	17	0	17	17
ZIM2	17	0	17	17
ZIM2-AS1	17	0	17	17
ZIM3	17	0	17	17
ZNF264	17	0	17	17
ZNF331	17	0	17	17
ZNF444	17	0	17	17
ZNF460	17	0	17	17
ZNF470	17	0	17	17
ZNF471	17	0	17	17
ZNF524	17	0	17	17
ZNF542P	17	0	17	17
ZNF579	17	0	17	17
ZNF580	17	0	17	17
ZNF581	17	0	17	17
ZNF582	17	0	17	17
ZNF582-AS1	17	0	17	17
ZNF583	17	0	17	17
ZNF628	17	0	17	17
ZNF667	17	0	17	17
ZNF667-AS1	17	0	17	17
ZNF71	17	0	17	17
ZNF761	17	0	17	17
ZNF765	17	0	17	17
ZNF784	17	0	17	17
ZNF787	17	0	17	17
ZNF805	17	0	17	17
ZNF813	17	0	17	17
ZNF835	17	0	17	17
ZNF865	17	0	17	17
ZSCAN5A	17	0	17	17
ZSCAN5B	17	0	17	17
ATP10A	14	0	14	14
IPW	14	0	14	14
MAGEL2	14	0	14	14
MIR4508	14	0	14	14
MKRN3	14	0	14	14
NDN	14	0	14	14
NPAP1	14	0	14	14
PWAR1	14	0	14	14
PWAR4	14	0	14	14
PWAR5	14	0	14	14
PWARSN	14	0	14	14
PWRN1	14	0	14	14
PWRN2	14	0	14	14
PWRN3	14	0	14	14
PWRN4	14	0	14	14
SNORD107	14	0	14	14
SNORD108	14	0	14	14
SNORD109A	14	0	14	14
SNORD115-1	14	0	14	14
SNORD115-10	14	0	14	14
SNORD115-11	14	0	14	14
SNORD115-12	14	0	14	14
SNORD115-13	14	0	14	14
SNORD115-14	14	0	14	14
SNORD115-15	14	0	14	14
SNORD115-16	14	0	14	14
SNORD115-17	14	0	14	14
SNORD115-18	14	0	14	14
SNORD115-2	14	0	14	14
SNORD115-20	14	0	14	14
SNORD115-21	14	0	14	14
SNORD115-22	14	0	14	14
SNORD115-23	14	0	14	14
SNORD115-24	14	0	14	14
SNORD115-25	14	0	14	14
SNORD115-26	14	0	14	14
SNORD115-27	14	0	14	14
SNORD115-28	14	0	14	14
SNORD115-29	14	0	14	14
SNORD115-3	14	0	14	14
SNORD115-30	14	0	14	14
SNORD115-31	14	0	14	14
SNORD115-32	14	0	14	14
SNORD115-33	14	0	14	14
SNORD115-34	14	0	14	14
SNORD115-35	14	0	14	14
SNORD115-36	14	0	14	14
SNORD115-37	14	0	14	14
SNORD115-38	14	0	14	14
SNORD115-39	14	0	14	14
SNORD115-4	14	0	14	14
SNORD115-41	14	0	14	14
SNORD115-44	14	0	14	14
SNORD115-45	14	0	14	14
SNORD115-46	14	0	14	14
SNORD115-47	14	0	14	14
SNORD115-48	14	0	14	14
SNORD115-5	14	0	14	14
SNORD115-6	14	0	14	14
SNORD115-7	14	0	14	14
SNORD115-8	14	0	14	14
SNORD116-1	14	0	14	14
SNORD116-10	14	0	14	14
SNORD116-11	14	0	14	14
SNORD116-12	14	0	14	14
SNORD116-13	14	0	14	14
SNORD116-14	14	0	14	14
SNORD116-15	14	0	14	14
SNORD116-16	14	0	14	14
SNORD116-17	14	0	14	14
SNORD116-18	14	0	14	14
SNORD116-2	14	0	14	14
SNORD116-20	14	0	14	14
SNORD116-21	14	0	14	14
SNORD116-22	14	0	14	14
SNORD116-23	14	0	14	14
SNORD116-24	14	0	14	14
SNORD116-25	14	0	14	14
SNORD116-26	14	0	14	14
SNORD116-27	14	0	14	14
SNORD116-28	14	0	14	14
SNORD116-29	14	0	14	14
SNORD116-3	14	0	14	14
SNORD116-30	14	0	14	14
SNORD116-4	14	0	14	14
SNORD116-5	14	0	14	14
SNORD116-8	14	0	14	14
SNORD64	14	0	14	14
SNRPN	14	0	14	14
SNURF	14	0	14	14
UBE3A	14	0	14	14
