Hugo_Symbol	Amp	Del	total	AlteredSamples
MIR7641-2	0	504	504	254
CASC11	319	0	319	319
LOC101927770	295	0	295	295
LOC105372672	295	0	295	295
ZNF217	295	0	295	295
MIR1244-1	0	235	235	185
MIR1244-2	0	235	235	185
MIR1244-3	0	235	235	185
ACTB	223	0	223	223
CCZ1	223	0	223	223
EGFR	223	0	223	223
EGFR-AS1	223	0	223	223
ELDR	223	0	223	223
FBXL18	223	0	223	223
FSCN1	223	0	223	223
LOC221946	223	0	223	223
MIR589	223	0	223	223
MIR6874	223	0	223	223
OCM	223	0	223	223
PMS2	223	0	223	223
RNF216	223	0	223	223
RNF216-IT1	223	0	223	223
RSPH10B	223	0	223	223
SLC29A4	223	0	223	223
TNRC18	223	0	223	223
WIPI2	223	0	223	223
ZNF815P	223	0	223	223
ZNF890P	223	0	223	223
ACSL1	0	216	216	216
ANKRD37	0	216	216	216
C4orf47	0	216	216	216
CASP3	0	216	216	216
CCDC110	0	216	216	216
CDKN2AIP	0	216	216	216
CENPU	0	216	216	216
CFAP97	0	216	216	216
CLDN22	0	216	216	216
CLDN24	0	216	216	216
DCTD	0	216	216	216
ENPP6	0	216	216	216
FAM92A1P2	0	216	216	216
HELT	0	216	216	216
ING2	0	216	216	216
IRF2	0	216	216	216
LINC00290	0	216	216	216
LINC01093	0	216	216	216
LOC102723766	0	216	216	216
LOC105377590	0	216	216	216
LOC389247	0	216	216	216
LOC728175	0	216	216	216
LOC90768	0	216	216	216
LRP2BP	0	216	216	216
LVCAT8	0	216	216	216
MIR1305	0	216	216	216
MIR3945	0	216	216	216
MIR3945HG	0	216	216	216
MIR4455	0	216	216	216
PDLIM3	0	216	216	216
PRIMPOL	0	216	216	216
RWDD4	0	216	216	216
SLC25A4	0	216	216	216
SLED1	0	216	216	216
SNX25	0	216	216	216
STOX2	0	216	216	216
TENM3	0	216	216	216
TRAPPC11	0	216	216	216
UFSP2	0	216	216	216
WWC2	0	216	216	216
WWC2-AS1	0	216	216	216
WWC2-AS2	0	216	216	216
LOC105375972	0	214	214	214
PTPRD	0	214	214	214
PTPRD-AS1	0	214	214	214
WWOX	0	207	207	207
AKAP9	206	0	206	206
ANKIB1	206	0	206	206
CDK6	206	0	206	206
CYP51A1	206	0	206	206
CYP51A1-AS1	206	0	206	206
ERVW-1	206	0	206	206
FAM133B	206	0	206	206
GATAD1	206	0	206	206
KRIT1	206	0	206	206
LOC101927497	206	0	206	206
LOC105375396	206	0	206	206
LRRD1	206	0	206	206
MIR1285-1	206	0	206	206
PEX1	206	0	206	206
RBM48	206	0	206	206
SMAD4	0	206	206	206
DNAH9	0	205	205	205
MAP2K4	0	205	205	205
MIR744	0	205	205	205
ZNF18	0	205	205	205
CDKN2A	0	201	201	201
CDKN2A-AS1	0	201	201	201
ADNP2	0	198	198	198
ALPK2	0	198	198	198
ATP8B1	0	198	198	198
ATP9B	0	198	198	198
AZGP1	198	0	198	198
AZGP1P1	198	0	198	198
BCL2	0	198	198	198
BOD1L2	0	198	198	198
C18orf54	0	198	198	198
C18orf63	0	198	198	198
C18orf65	0	198	198	198
CBLN2	0	198	198	198
CCBE1	0	198	198	198
CCDC102B	0	198	198	198
CCDC68	0	198	198	198
CD226	0	198	198	198
CDH19	0	198	198	198
CDH20	0	198	198	198
CDH7	0	198	198	198
CNDP1	0	198	198	198
CNDP2	0	198	198	198
CPLX4	0	198	198	198
CTDP1	0	198	198	198
CYB5A	0	198	198	198
DCC	0	198	198	198
DOK6	0	198	198	198
DSEL	0	198	198	198
DYNAP	0	198	198	198
FAM69C	0	198	198	198
FBXO15	0	198	198	198
FECH	0	198	198	198
GALR1	0	198	198	198
GRP	0	198	198	198
GTSCR1	0	198	198	198
HMSD	0	198	198	198
HSBP1L1	0	198	198	198
KCNG2	0	198	198	198
KDSR	0	198	198	198
KIAA1468	0	198	198	198
LINC-ROR	0	198	198	198
LINC00305	0	198	198	198
LINC00683	0	198	198	198
LINC00908	0	198	198	198
LINC00909	0	198	198	198
LINC01029	0	198	198	198
LINC01416	0	198	198	198
LINC01538	0	198	198	198
LINC01539	0	198	198	198
LINC01541	0	198	198	198
LINC01544	0	198	198	198
LMAN1	0	198	198	198
LOC100131655	0	198	198	198
LOC100505549	0	198	198	198
LOC100505797	0	198	198	198
LOC100505817	0	198	198	198
LOC100505853	0	198	198	198
LOC101060542	0	198	198	198
LOC101927229	0	198	198	198
LOC101927322	0	198	198	198
LOC101927481	0	198	198	198
LOC101927606	0	198	198	198
LOC101927651	0	198	198	198
LOC101927989	0	198	198	198
LOC101928167	0	198	198	198
LOC102724651	0	198	198	198
LOC102724913	0	198	198	198
LOC105372179	0	198	198	198
LOC284241	0	198	198	198
LOC284294	0	198	198	198
LOC339298	0	198	198	198
LOC400655	0	198	198	198
LOC400661	0	198	198	198
LOC643542	0	198	198	198
MALT1	0	198	198	198
MBD2	0	198	198	198
MBP	0	198	198	198
MC4R	0	198	198	198
MIR122	0	198	198	198
MIR3591	0	198	198	198
MIR4528	0	198	198	198
MIR4529	0	198	198	198
MIR5011	0	198	198	198
MIR548AV	0	198	198	198
NARS	0	198	198	198
NEDD4L	0	198	198	198
NETO1	0	198	198	198
NFATC1	0	198	198	198
OACYLP	0	198	198	198
ONECUT2	0	198	198	198
PARD6G	0	198	198	198
PARD6G-AS1	0	198	198	198
PHLPP1	0	198	198	198
PIGN	0	198	198	198
PMAIP1	0	198	198	198
POLI	0	198	198	198
PQLC1	0	198	198	198
RAB27B	0	198	198	198
RAX	0	198	198	198
RBFA	0	198	198	198
RBFADN	0	198	198	198
RNF152	0	198	198	198
RTTN	0	198	198	198
SALL3	0	198	198	198
SEC11C	0	198	198	198
SERPINB10	0	198	198	198
SERPINB11	0	198	198	198
SERPINB12	0	198	198	198
SERPINB13	0	198	198	198
SERPINB2	0	198	198	198
SERPINB3	0	198	198	198
SERPINB4	0	198	198	198
SERPINB5	0	198	198	198
SERPINB7	0	198	198	198
SERPINB8	0	198	198	198
SMIM21	0	198	198	198
SNORA108	0	198	198	198
SNORA37	0	198	198	198
SOCS6	0	198	198	198
ST8SIA3	0	198	198	198
STARD6	0	198	198	198
TCF4	0	198	198	198
TCF4-AS1	0	198	198	198
TIMM21	0	198	198	198
TMX3	0	198	198	198
TNFRSF11A	0	198	198	198
TSHZ1	0	198	198	198
TXNL1	0	198	198	198
TXNL4A	0	198	198	198
VPS4B	0	198	198	198
WDR7	0	198	198	198
ZADH2	0	198	198	198
ZCCHC2	0	198	198	198
ZNF236	0	198	198	198
ZNF407	0	198	198	198
ZNF516	0	198	198	198
ZNF532	0	198	198	198
CCSER1	0	195	195	195
[KLF5]	193	0	193	193
DYRK1A	0	190	190	190
LGSN	95	93	188	170
PTP4A1	95	93	188	170
ACTRT3	182	0	182	182
LRRC34	182	0	182	182
LRRIQ4	182	0	182	182
MECOM	182	0	182	182
MIR4318	0	182	182	182
MIR5583-1	0	182	182	182
MIR5583-2	0	182	182	182
MIR924	0	182	182	182
MIR924HG	0	182	182	182
MYNN	182	0	182	182
TERC	182	0	182	182
ADAMTSL4	181	0	181	181
ADAMTSL4-AS1	181	0	181	181
ANP32E	181	0	181	181
ANXA9	181	0	181	181
APH1A	181	0	181	181
ARNT	181	0	181	181
BNIPL	181	0	181	181
C1orf54	181	0	181	181
C1orf56	181	0	181	181
CA14	181	0	181	181
CDC42SE1	181	0	181	181
CERS2	181	0	181	181
CIART	181	0	181	181
CTSK	181	0	181	181
CTSS	181	0	181	181
ECM1	181	0	181	181
ENSA	181	0	181	181
FALEC	181	0	181	181
FAM63A	181	0	181	181
GABPB2	181	0	181	181
GOLPH3L	181	0	181	181
HORMAD1	181	0	181	181
LOC105371433	181	0	181	181
LYSMD1	181	0	181	181
MCL1	181	0	181	181
MIR4257	181	0	181	181
MIR6878	181	0	181	181
MLLT11	181	0	181	181
MRPS21	181	0	181	181
MTMR11	181	0	181	181
OTUD7B	181	0	181	181
PIP5K1A	181	0	181	181
PLEKHO1	181	0	181	181
PRPF3	181	0	181	181
PRUNE1	181	0	181	181
RPRD2	181	0	181	181
SCNM1	181	0	181	181
SEMA6C	181	0	181	181
SETDB1	181	0	181	181
SF3B4	181	0	181	181
TARS2	181	0	181	181
TMOD4	181	0	181	181
TNFAIP8L2	181	0	181	181
TNFAIP8L2-SCNM1	181	0	181	181
VPS45	181	0	181	181
VPS72	181	0	181	181
LOC100422737	85	93	178	163
C8orf49	177	0	177	177
CTSB	177	0	177	177
DEFB109P1	177	0	177	177
DEFB130	177	0	177	177
DEFB134	177	0	177	177
DEFB135	177	0	177	177
DEFB136	177	0	177	177
FAM66A	177	0	177	177
FAM66D	177	0	177	177
FAM86B1	177	0	177	177
FAM86B2	177	0	177	177
FAM90A25P	177	0	177	177
FAM90A2P	177	0	177	177
FDFT1	177	0	177	177
GATA4	177	0	177	177
LOC100506990	177	0	177	177
LOC392196	177	0	177	177
LOC649352	177	0	177	177
LOC729732	177	0	177	177
NEIL2	177	0	177	177
SNORA99	177	0	177	177
USP17L2	177	0	177	177
USP17L7	177	0	177	177
ZNF705D	177	0	177	177
ABCC13	0	176	176	176
ANKRD20A11P	0	176	176	176
ANKRD30BP2	0	176	176	176
BAGE	0	176	176	176
BAGE2	0	176	176	176
BAGE3	0	176	176	176
BAGE4	0	176	176	176
C21orf140	0	176	176	176
C21orf33	0	176	176	176
CBS	0	176	176	176
CRYAA	0	176	176	176
CYP4F29P	0	176	176	176
FRGCA	0	176	176	176
HSPA13	0	176	176	176
ICOSLG	0	176	176	176
KCNE1B	0	176	176	176
LINC00313	0	176	176	176
LINC00319	0	176	176	176
LIPI	0	176	176	176
LOC100507412	0	176	176	176
LOC102723360	0	176	176	176
LOC102724188	0	176	176	176
LOC102724219	0	176	176	176
LOC102724354	0	176	176	176
LOC102724428	0	176	176	176
LOC102724652	0	176	176	176
LOC102724843	0	176	176	176
LOC105372833	0	176	176	176
LOC105379511	0	176	176	176
LOC105379514	0	176	176	176
LOC388813	0	176	176	176
MGC39584	0	176	176	176
MIR3118-1	0	176	176	176
MIR3156-3	0	176	176	176
MIR3648-1	0	176	176	176
MIR3687-1	0	176	176	176
MIR663A	0	176	176	176
MIR6724-1	0	176	176	176
MIR6724-2	0	176	176	176
MIR6724-3	0	176	176	176
MIR8069-1	0	176	176	176
POTED	0	176	176	176
PWP2	0	176	176	176
RBM11	0	176	176	176
RNA18S5	0	176	176	176
RNA28S5	0	176	176	176
RNA45S5	0	176	176	176
RNA5-8S5	0	176	176	176
SAMSN1	0	176	176	176
SAMSN1-AS1	0	176	176	176
SIK1	0	176	176	176
SMIM11A	0	176	176	176
SMIM11B	0	176	176	176
TEKT4P2	0	176	176	176
TPTE	0	176	176	176
U2AF1	0	176	176	176
U2AF1L5	0	176	176	176
FHIT	0	175	175	175
MIR548BB	0	175	175	175
ABHD17A	0	174	174	174
ADAT3	0	174	174	174
AP3D1	0	174	174	174
BTBD2	0	174	174	174
CSNK1G2	0	174	174	174
CSNK1G2-AS1	0	174	174	174
DOT1L	0	174	174	174
IZUMO4	0	174	174	174
KLF16	0	174	174	174
MIR1227	0	174	174	174
MIR6789	0	174	174	174
MKNK2	0	174	174	174
MOB3A	0	174	174	174
PLEKHJ1	0	174	174	174
SCAMP4	0	174	174	174
ABCA11P	0	171	171	171
ADD1	0	171	171	171
ADRA2C	0	171	171	171
ATP5I	0	171	171	171
C4orf48	0	171	171	171
CFAP99	0	171	171	171
CPLX1	0	171	171	171
CRIPAK	0	171	171	171
CTBP1	0	171	171	171
CTBP1-AS	0	171	171	171
CTBP1-AS2	0	171	171	171
DGKQ	0	171	171	171
DOK7	0	171	171	171
FAM193A	0	171	171	171
FAM53A	0	171	171	171
FAM86EP	0	171	171	171
FGFR3	0	171	171	171
FGFRL1	0	171	171	171
GAK	0	171	171	171
GRK4	0	171	171	171
HAUS3	0	171	171	171
HGFAC	0	171	171	171
HTT	0	171	171	171
HTT-AS	0	171	171	171
IDUA	0	171	171	171
LETM1	0	171	171	171
LINC00955	0	171	171	171
LINC01396	0	171	171	171
LOC100129917	0	171	171	171
LOC100130872	0	171	171	171
LOC100133461	0	171	171	171
LOC101928279	0	171	171	171
LOC105374344	0	171	171	171
LRPAP1	0	171	171	171
LYAR	0	171	171	171
MAEA	0	171	171	171
MFSD10	0	171	171	171
MFSD7	0	171	171	171
MIR4800	0	171	171	171
MIR571	0	171	171	171
MIR582	0	171	171	171
MIR943	0	171	171	171
MSANTD1	0	171	171	171
MSX1	0	171	171	171
MXD4	0	171	171	171
MYL5	0	171	171	171
NAT8L	0	171	171	171
NELFA	0	171	171	171
NKX1-1	0	171	171	171
NOP14	0	171	171	171
NOP14-AS1	0	171	171	171
NSG1	0	171	171	171
OTOP1	0	171	171	171
PART1	0	171	171	171
PCGF3	0	171	171	171
PDE4D	0	171	171	171
PDE6B	0	171	171	171
PIGG	0	171	171	171
POLN	0	171	171	171
RGS12	0	171	171	171
RNF212	0	171	171	171
RNF4	0	171	171	171
SCARNA22	0	171	171	171
SH3BP2	0	171	171	171
SLBP	0	171	171	171
SLC26A1	0	171	171	171
SPON2	0	171	171	171
STX18	0	171	171	171
STX18-AS1	0	171	171	171
STX18-IT1	0	171	171	171
TACC3	0	171	171	171
TMED11P	0	171	171	171
TMEM128	0	171	171	171
TMEM129	0	171	171	171
TMEM175	0	171	171	171
TNIP2	0	171	171	171
UVSSA	0	171	171	171
WHSC1	0	171	171	171
ZBTB49	0	171	171	171
ZFYVE28	0	171	171	171
ZNF141	0	171	171	171
ZNF595	0	171	171	171
ZNF718	0	171	171	171
ZNF721	0	171	171	171
ZNF732	0	171	171	171
ZNF876P	0	171	171	171
ALOX5AP	169	0	169	169
B3GLCT	169	0	169	169
BRCA2	169	0	169	169
EEF1DP3	169	0	169	169
FRY	169	0	169	169
FRY-AS1	169	0	169	169
HMGB1	169	0	169	169
HSPH1	169	0	169	169
KATNAL1	169	0	169	169
KL	169	0	169	169
LINC00398	169	0	169	169
LINC00423	169	0	169	169
LINC00426	169	0	169	169
LINC00457	169	0	169	169
LINC00545	169	0	169	169
LINC01058	169	0	169	169
MEDAG	169	0	169	169
MINOS1P1	169	0	169	169
N4BP2L1	169	0	169	169
N4BP2L2	169	0	169	169
N4BP2L2-IT2	169	0	169	169
NBEA	169	0	169	169
PDS5B	169	0	169	169
RFC3	169	0	169	169
RXFP2	169	0	169	169
STARD13	169	0	169	169
STARD13-AS	169	0	169	169
TEX26	169	0	169	169
TEX26-AS1	169	0	169	169
USPL1	169	0	169	169
ZAR1L	169	0	169	169
C10orf11	89	78	167	164
LOC105378367	89	78	167	164
MIR606	89	78	167	164
LOC101927851	166	0	166	166
PBRM1	0	166	166	166
SNORD136	0	166	166	166
SNORD19	0	166	166	166
SNORD19B	0	166	166	166
SNORD69	0	166	166	166
ACAP2	156	0	156	156
ANKRD18DP	156	0	156	156
APOD	156	0	156	156
ATP13A3	156	0	156	156
ATP13A4	156	0	156	156
ATP13A4-AS1	156	0	156	156
ATP13A5	156	0	156	156
ATP13A5-AS1	156	0	156	156
BDH1	156	0	156	156
CCDC50	156	0	156	156
CEP19	156	0	156	156
CLDN1	156	0	156	156
CLDN16	156	0	156	156
CPN2	156	0	156	156
DLG1	156	0	156	156
DLG1-AS1	156	0	156	156
DPPA2P3	156	0	156	156
ERBB2	156	0	156	156
FAM157A	156	0	156	156
FAM43A	156	0	156	156
FBXO45	156	0	156	156
FGF12	156	0	156	156
FGF12-AS1	156	0	156	156
FGF12-AS3	156	0	156	156
FYTTD1	156	0	156	156
GMNC	156	0	156	156
GP5	156	0	156	156
GRB7	156	0	156	156
HES1	156	0	156	156
HRASLS	156	0	156	156
IL1RAP	156	0	156	156
IQCG	156	0	156	156
LINC00884	156	0	156	156
LINC00885	156	0	156	156
LINC00887	156	0	156	156
LINC00969	156	0	156	156
LINC01063	156	0	156	156
LINCR-0002	156	0	156	156
LMLN	156	0	156	156
LMLN-AS1	156	0	156	156
LOC100505920	156	0	156	156
LOC100507391	156	0	156	156
LOC101929337	156	0	156	156
LOC101929697	156	0	156	156
LOC105374297	156	0	156	156
LOC220729	156	0	156	156
LOC285389	156	0	156	156
LOC647323	156	0	156	156
LPP	156	0	156	156
LRCH3	156	0	156	156
LRRC15	156	0	156	156
LSG1	156	0	156	156
MB21D2	156	0	156	156
MELTF	156	0	156	156
MFI2-AS1	156	0	156	156
MGC2889	156	0	156	156
MIEN1	156	0	156	156
MIR28	156	0	156	156
MIR3137	156	0	156	156
MIR4728	156	0	156	156
MIR4797	156	0	156	156
MIR570	156	0	156	156
MIR6829	156	0	156	156
MIR922	156	0	156	156
MIR944	156	0	156	156
MUC20	156	0	156	156
MUC4	156	0	156	156
NCBP2	156	0	156	156
NCBP2-AS2	156	0	156	156
NRROS	156	0	156	156
OPA1	156	0	156	156
OPA1-AS1	156	0	156	156
OSTN	156	0	156	156
OSTN-AS1	156	0	156	156
P3H2	156	0	156	156
P3H2-AS1	156	0	156	156
PAK2	156	0	156	156
PCYT1A	156	0	156	156
PIGX	156	0	156	156
PIGZ	156	0	156	156
PPP1R2	156	0	156	156
PYDC2	156	0	156	156
RNF168	156	0	156	156
RPL35A	156	0	156	156
RUBCN	156	0	156	156
SDHAP1	156	0	156	156
SDHAP2	156	0	156	156
SENP5	156	0	156	156
SLC51A	156	0	156	156
SMCO1	156	0	156	156
SNAR-I	156	0	156	156
TCTEX1D2	156	0	156	156
TFRC	156	0	156	156
TM4SF19	156	0	156	156
TM4SF19-AS1	156	0	156	156
TM4SF19-TCTEX1D2	156	0	156	156
TMEM207	156	0	156	156
TMEM44	156	0	156	156
TMEM44-AS1	156	0	156	156
TNK2	156	0	156	156
TP63	156	0	156	156
TPRG1	156	0	156	156
TPRG1-AS1	156	0	156	156
TPRG1-AS2	156	0	156	156
UBXN7	156	0	156	156
UBXN7-AS1	156	0	156	156
UTS2B	156	0	156	156
WDR53	156	0	156	156
XXYLT1	156	0	156	156
XXYLT1-AS1	156	0	156	156
XXYLT1-AS2	156	0	156	156
ZDHHC19	156	0	156	156
ACR	0	155	155	155
ADM2	0	155	155	155
ALG12	0	155	155	155
ARSA	0	155	155	155
ATXN10	0	155	155	155
BRD1	0	155	155	155
C22orf34	0	155	155	155
CDPF1	0	155	155	155
CELSR1	0	155	155	155
CERK	0	155	155	155
CHKB	0	155	155	155
CHKB-AS1	0	155	155	155
CHKB-CPT1B	0	155	155	155
CPT1B	0	155	155	155
CRELD2	0	155	155	155
DENND6B	0	155	155	155
FAM118A	0	155	155	155
FAM19A5	0	155	155	155
FBLN1	0	155	155	155
GRAMD4	0	155	155	155
GTSE1	0	155	155	155
GTSE1-AS1	0	155	155	155
HDAC10	0	155	155	155
IL17REL	0	155	155	155
KIAA0930	0	155	155	155
KLHDC7B	0	155	155	155
LINC00898	0	155	155	155
LINC00899	0	155	155	155
LINC01310	0	155	155	155
LINC01589	0	155	155	155
LL22NC03-75H12.2	0	155	155	155
LMF2	0	155	155	155
LOC105373100	0	155	155	155
LOC284930	0	155	155	155
LOC284933	0	155	155	155
LOC730668	0	155	155	155
MAPK11	0	155	155	155
MAPK12	0	155	155	155
MAPK8IP2	0	155	155	155
MIOX	0	155	155	155
MIR1249	0	155	155	155
MIR3201	0	155	155	155
MIR3619	0	155	155	155
MIR3667	0	155	155	155
MIR4535	0	155	155	155
MIR4762	0	155	155	155
MIR4763	0	155	155	155
MIR6821	0	155	155	155
MIRLET7A3	0	155	155	155
MIRLET7B	0	155	155	155
MIRLET7BHG	0	155	155	155
MLC1	0	155	155	155
MOV10L1	0	155	155	155
NCAPH2	0	155	155	155
NUP50	0	155	155	155
ODF3B	0	155	155	155
PANX2	0	155	155	155
PIM3	0	155	155	155
PKDREJ	0	155	155	155
PLXNB2	0	155	155	155
PPARA	0	155	155	155
PPP6R2	0	155	155	155
PRR34	0	155	155	155
PRR34-AS1	0	155	155	155
RABL2B	0	155	155	155
RIBC2	0	155	155	155
RPL23AP82	0	155	155	155
SBF1	0	155	155	155
SCO2	0	155	155	155
SELO	0	155	155	155
SHANK3	0	155	155	155
SMC1B	0	155	155	155
SYCE3	0	155	155	155
TBC1D22A	0	155	155	155
TBC1D22A-AS1	0	155	155	155
TRABD	0	155	155	155
TRMU	0	155	155	155
TTC38	0	155	155	155
TUBGCP6	0	155	155	155
TYMP	0	155	155	155
UPK3A	0	155	155	155
WNT7B	0	155	155	155
ZBED4	0	155	155	155
ACOT12	0	152	152	152
ACSL6	0	152	152	152
ADAMTS19	0	152	152	152
ADAMTS19-AS1	0	152	152	152
ADGRV1	0	152	152	152
AFF4	0	152	152	152
AGGF1	0	152	152	152
AK6	0	152	152	152
ALDH7A1	0	152	152	152
ANKDD1B	0	152	152	152
ANKRA2	0	152	152	152
ANKRD31	0	152	152	152
ANKRD34B	0	152	152	152
AP3B1	0	152	152	152
AP3S1	0	152	152	152
APC	0	152	152	152
ARHGEF28	0	152	152	152
ARID1A	0	152	152	152
ARL14EPL	0	152	152	152
ARRDC3	0	152	152	152
ARRDC3-AS1	0	152	152	152
ARSB	0	152	152	152
ARSK	0	152	152	152
ATG10	0	152	152	152
ATG12	0	152	152	152
ATP6AP1L	0	152	152	152
BDP1	0	152	152	152
BHMT	0	152	152	152
BHMT2	0	152	152	152
BTF3	0	152	152	152
C5orf15	0	152	152	152
C5orf24	0	152	152	152
C5orf30	0	152	152	152
C5orf56	0	152	152	152
C5orf63	0	152	152	152
C5orf66	0	152	152	152
C5orf66-AS1	0	152	152	152
C5orf66-AS2	0	152	152	152
CAMK4	0	152	152	152
CAMLG	0	152	152	152
CARTPT	0	152	152	152
CAST	0	152	152	152
CATSPER3	0	152	152	152
CCDC112	0	152	152	152
CCDC125	0	152	152	152
CCDC192	0	152	152	152
CCNB1	0	152	152	152
CCNH	0	152	152	152
CCNI2	0	152	152	152
CD180	0	152	152	152
CDC42SE2	0	152	152	152
CDK7	0	152	152	152
CDKL3	0	152	152	152
CDKN2AIPNL	0	152	152	152
CDO1	0	152	152	152
CENPH	0	152	152	152
CEP120	0	152	152	152
CETN3	0	152	152	152
CHD1	0	152	152	152
CHSY3	0	152	152	152
CKMT2	0	152	152	152
CKMT2-AS1	0	152	152	152
CMYA5	0	152	152	152
COL4A3BP	0	152	152	152
COMMD10	0	152	152	152
COX7C	0	152	152	152
CRHBP	0	152	152	152
CRSP8P	0	152	152	152
CSF2	0	152	152	152
CSNK1G3	0	152	152	152
CTD-2151A2.1	0	152	152	152
CTD-2201I18.1	0	152	152	152
CTXN3	0	152	152	152
CXCL14	0	152	152	152
DCANP1	0	152	152	152
DCP2	0	152	152	152
DDX46	0	152	152	152
DHFR	0	152	152	152
DMGDH	0	152	152	152
DMXL1	0	152	152	152
DTWD2	0	152	152	152
EDIL3	0	152	152	152
EFNA5	0	152	152	152
ELL2	0	152	152	152
ENC1	0	152	152	152
EPB41L4A	0	152	152	152
EPB41L4A-AS1	0	152	152	152
EPB41L4A-AS2	0	152	152	152
ERAP1	0	152	152	152
ERAP2	0	152	152	152
F2R	0	152	152	152
F2RL1	0	152	152	152
F2RL2	0	152	152	152
FAM151B	0	152	152	152
FAM169A	0	152	152	152
FAM170A	0	152	152	152
FAM172A	0	152	152	152
FAM174A	0	152	152	152
FAM81B	0	152	152	152
FBN2	0	152	152	152
FBXL17	0	152	152	152
FBXL21	0	152	152	152
FCHO2	0	152	152	152
FEM1C	0	152	152	152
FER	0	152	152	152
FNIP1	0	152	152	152
FOXD1	0	152	152	152
FSTL4	0	152	152	152
FTMT	0	152	152	152
GCNT4	0	152	152	152
GDF9	0	152	152	152
GFM2	0	152	152	152
GIN1	0	152	152	152
GLRX	0	152	152	152
GPR150	0	152	152	152
GRAMD3	0	152	152	152
GTF2H2	0	152	152	152
GTF2H2B	0	152	152	152
GTF2H2C	0	152	152	152
GTF2H2C_2	0	152	152	152
GUSBP3	0	152	152	152
GUSBP9	0	152	152	152
H2AFY	0	152	152	152
HAPLN1	0	152	152	152
HEXB	0	152	152	152
HINT1	0	152	152	152
HMGCR	0	152	152	152
HNCAT21	0	152	152	152
HOMER1	0	152	152	152
HRAT56	0	152	152	152
HSD17B4	0	152	152	152
HSPA4	0	152	152	152
IL13	0	152	152	152
IL3	0	152	152	152
IL4	0	152	152	152
IL5	0	152	152	152
IL9	0	152	152	152
IQGAP2	0	152	152	152
IRF1	0	152	152	152
ISOC1	0	152	152	152
JADE2	0	152	152	152
JMY	0	152	152	152
KCNN2	0	152	152	152
KIAA0825	0	152	152	152
KIAA1024L	0	152	152	152
KIF3A	0	152	152	152
LEAP2	0	152	152	152
LECT2	0	152	152	152
LHFPL2	0	152	152	152
LINC00461	0	152	152	152
LINC00491	0	152	152	152
LINC00492	0	152	152	152
LINC00992	0	152	152	152
LINC01023	0	152	152	152
LINC01170	0	152	152	152
LINC01184	0	152	152	152
LINC01331	0	152	152	152
LINC01333	0	152	152	152
LINC01335	0	152	152	152
LINC01336	0	152	152	152
LINC01337	0	152	152	152
LINC01338	0	152	152	152
LINC01339	0	152	152	152
LINC01340	0	152	152	152
LINC01386	0	152	152	152
LINC01455	0	152	152	152
LINC01554	0	152	152	152
LIX1	0	152	152	152
LMNB1	0	152	152	152
LNPEP	0	152	152	152
LOC100133050	0	152	152	152
LOC100289230	0	152	152	152
LOC100289673	0	152	152	152
LOC100505841	0	152	152	152
LOC100505878	0	152	152	152
LOC101927023	0	152	152	152
LOC101927059	0	152	152	152
LOC101927078	0	152	152	152
LOC101927100	0	152	152	152
LOC101927190	0	152	152	152
LOC101927357	0	152	152	152
LOC101927379	0	152	152	152
LOC101927421	0	152	152	152
LOC101927460	0	152	152	152
LOC101927488	0	152	152	152
LOC101927934	0	152	152	152
LOC101928728	0	152	152	152
LOC101928794	0	152	152	152
LOC101928858	0	152	152	152
LOC101928885	0	152	152	152
LOC101928924	0	152	152	152
LOC101929109	0	152	152	152
LOC101929154	0	152	152	152
LOC101929380	0	152	152	152
LOC101929710	0	152	152	152
LOC102467212	0	152	152	152
LOC102467213	0	152	152	152
LOC102467214	0	152	152	152
LOC102467216	0	152	152	152
LOC102467217	0	152	152	152
LOC102467223	0	152	152	152
LOC102467224	0	152	152	152
LOC102467225	0	152	152	152
LOC102467226	0	152	152	152
LOC102467655	0	152	152	152
LOC102477328	0	152	152	152
LOC102503427	0	152	152	152
LOC102546226	0	152	152	152
LOC102546228	0	152	152	152
LOC102546229	0	152	152	152
LOC102723557	0	152	152	152
LOC102724392	0	152	152	152
LOC105379030	0	152	152	152
LOC105379054	0	152	152	152
LOC105379143	0	152	152	152
LOC105379176	0	152	152	152
LOC105379183	0	152	152	152
LOC340074	0	152	152	152
LOC340090	0	152	152	152
LOC389332	0	152	152	152
LOC441081	0	152	152	152
LOC441086	0	152	152	152
LOC553103	0	152	152	152
LOC55338	0	152	152	152
LOC644285	0	152	152	152
LOC644936	0	152	152	152
LOC647859	0	152	152	152
LOC731157	0	152	152	152
LOX	0	152	152	152
LUCAT1	0	152	152	152
LVRN	0	152	152	152
LYRM7	0	152	152	152
LYSMD3	0	152	152	152
MAN2A1	0	152	152	152
MAP1B	0	152	152	152
MARCH3	0	152	152	152
MARVELD2	0	152	152	152
MAST4	0	152	152	152
MBLAC2	0	152	152	152
MCC	0	152	152	152
MCCC2	0	152	152	152
MCTP1	0	152	152	152
MEF2C	0	152	152	152
MEF2C-AS1	0	152	152	152
MEGF10	0	152	152	152
MEIKIN	0	152	152	152
MGC32805	0	152	152	152
MIR1289-2	0	152	152	152
MIR2277	0	152	152	152
MIR3607	0	152	152	152
MIR3660	0	152	152	152
MIR3661	0	152	152	152
MIR3936	0	152	152	152
MIR3977	0	152	152	152
MIR4280	0	152	152	152
MIR4454	0	152	152	152
MIR4460	0	152	152	152
MIR4461	0	152	152	152
MIR4633	0	152	152	152
MIR4803	0	152	152	152
MIR4804	0	152	152	152
MIR548F3	0	152	152	152
MIR548P	0	152	152	152
MIR5692C1	0	152	152	152
MIR5706	0	152	152	152
MIR583	0	152	152	152
MIR6830	0	152	152	152
MIR9-2	0	152	152	152
MRPS27	0	152	152	152
MRPS36	0	152	152	152
MSH3	0	152	152	152
MTRNR2L2	0	152	152	152
MTX3	0	152	152	152
NAIP	0	152	152	152
NBPF22P	0	152	152	152
NCRUPAR	0	152	152	152
NEUROG1	0	152	152	152
NR2F1	0	152	152	152
NR2F1-AS1	0	152	152	152
NREP	0	152	152	152
NREP-AS1	0	152	152	152
NSA2	0	152	152	152
NUDT12	0	152	152	152
OCLN	0	152	152	152
OTP	0	152	152	152
P4HA2	0	152	152	152
P4HA2-AS1	0	152	152	152
PAM	0	152	152	152
PAPD4	0	152	152	152
PCBD2	0	152	152	152
PCSK1	0	152	152	152
PDE8B	0	152	152	152
PDLIM4	0	152	152	152
PGGT1B	0	152	152	152
PHAX	0	152	152	152
PIGV	0	152	152	152
PIK3R1	0	152	152	152
PITX1	0	152	152	152
PJA2	0	152	152	152
PMCHL2	0	152	152	152
POC5	0	152	152	152
POLK	0	152	152	152
POLR3G	0	152	152	152
POU5F2	0	152	152	152
PPIC	0	152	152	152
PPIP5K2	0	152	152	152
PPP2CA	0	152	152	152
PRDM6	0	152	152	152
PRR16	0	152	152	152
PRRC1	0	152	152	152
PTCD2	0	152	152	152
RAB9BP1	0	152	152	152
RAD17	0	152	152	152
RAD50	0	152	152	152
RAPGEF6	0	152	152	152
RASA1	0	152	152	152
RASGRF2	0	152	152	152
RASGRF2-AS1	0	152	152	152
REEP5	0	152	152	152
RFESD	0	152	152	152
RGMB	0	152	152	152
RGMB-AS1	0	152	152	152
RHOBTB3	0	152	152	152
RIOK2	0	152	152	152
RPS23	0	152	152	152
S100Z	0	152	152	152
SAR1B	0	152	152	152
SCAMP1	0	152	152	152
SCAMP1-AS1	0	152	152	152
SCARNA18	0	152	152	152
SEC24A	0	152	152	152
SEMA6A	0	152	152	152
SEMA6A-AS1	0	152	152	152
SEPT8	0	152	152	152
SERF1A	0	152	152	152
SERF1B	0	152	152	152
SERINC5	0	152	152	152
SHROOM1	0	152	152	152
SKP1	0	152	152	152
SLC12A2	0	152	152	152
SLC22A4	0	152	152	152
SLC22A5	0	152	152	152
SLC25A46	0	152	152	152
SLC25A48	0	152	152	152
SLC27A6	0	152	152	152
SLC30A5	0	152	152	152
SLCO4C1	0	152	152	152
SLCO6A1	0	152	152	152
SLF1	0	152	152	152
SMA4	0	152	152	152
SMA5	0	152	152	152
SMAD5	0	152	152	152
SMAD5-AS1	0	152	152	152
SMN1	0	152	152	152
SMN2	0	152	152	152
SNCAIP	0	152	152	152
SNORA13	0	152	152	152
SNORA47	0	152	152	152
SNX2	0	152	152	152
SNX24	0	152	152	152
SOWAHA	0	152	152	152
SPATA9	0	152	152	152
SPZ1	0	152	152	152
SRFBP1	0	152	152	152
SRP19	0	152	152	152
SSBP2	0	152	152	152
ST8SIA4	0	152	152	152
STARD4	0	152	152	152
STARD4-AS1	0	152	152	152
SV2C	0	152	152	152
TAF9	0	152	152	152
TBCA	0	152	152	152
TCF7	0	152	152	152
TEX43	0	152	152	152
TGFBI	0	152	152	152
TH2LCRR	0	152	152	152
THBS4	0	152	152	152
TICAM2	0	152	152	152
TIFAB	0	152	152	152
TMED7	0	152	152	152
TMED7-TICAM2	0	152	152	152
TMEM161B	0	152	152	152
TMEM161B-AS1	0	152	152	152
TMEM167A	0	152	152	152
TMEM171	0	152	152	152
TMEM174	0	152	152	152
TMEM232	0	152	152	152
TNFAIP8	0	152	152	152
TNPO1	0	152	152	152
TRIM36	0	152	152	152
TRPC7	0	152	152	152
TRPC7-AS2	0	152	152	152
TSLP	0	152	152	152
TSSK1B	0	152	152	152
TTC37	0	152	152	152
TXNDC15	0	152	152	152
UBE2B	0	152	152	152
UQCRQ	0	152	152	152
UTP15	0	152	152	152
VCAN	0	152	152	152
VDAC1	0	152	152	152
VTRNA2-1	0	152	152	152
WDR36	0	152	152	152
WDR41	0	152	152	152
WSPAR	0	152	152	152
XRCC4	0	152	152	152
YTHDC2	0	152	152	152
ZBED3	0	152	152	152
ZBED3-AS1	0	152	152	152
ZCCHC10	0	152	152	152
ZCCHC9	0	152	152	152
ZFYVE16	0	152	152	152
ZNF366	0	152	152	152
ZNF474	0	152	152	152
ZNF608	0	152	152	152
hsa-mir-1244-2	0	152	152	152
hsa-mir-886	0	152	152	152
GATA6	149	0	149	149
GATA6-AS1	149	0	149	149
PUM2	102	43	145	144
SDC1	102	43	145	144
ARL8B	0	143	143	143
BHLHE40	0	143	143	143
BHLHE40-AS1	0	143	143	143
CHL1	0	143	143	143
CHL1-AS1	0	143	143	143
CNTN4	0	143	143	143
CNTN4-AS1	0	143	143	143
CNTN4-AS2	0	143	143	143
CNTN6	0	143	143	143
CRBN	0	143	143	143
EDEM1	0	143	143	143
EGOT	0	143	143	143
IL5RA	0	143	143	143
ITPR1	0	143	143	143
ITPR1-AS1	0	143	143	143
LINC01266	0	143	143	143
LOC102723448	0	143	143	143
LRRN1	0	143	143	143
MIR4790	0	143	143	143
SETMAR	0	143	143	143
SUMF1	0	143	143	143
TRNT1	0	143	143	143
C9	140	0	140	140
DAB2	140	0	140	140
FYB	140	0	140	140
LINC00603	140	0	140	140
LOC101926940	140	0	140	140
PRKAA1	140	0	140	140
PTGER4	140	0	140	140
TTC33	140	0	140	140
ADAM6	0	139	139	139
ADSSL1	0	139	139	139
AHNAK2	0	139	139	139
AK7	0	139	139	139
AKT1	0	139	139	139
AMN	0	139	139	139
ANKRD9	0	139	139	139
APOPT1	0	139	139	139
ASPG	0	139	139	139
BAG5	0	139	139	139
BCL11B	0	139	139	139
BEGAIN	0	139	139	139
BRF1	0	139	139	139
BTBD6	0	139	139	139
C14orf177	0	139	139	139
C14orf180	0	139	139	139
C14orf2	0	139	139	139
C14orf79	0	139	139	139
C14orf80	0	139	139	139
CASC1	139	0	139	139
CCDC85C	0	139	139	139
CCNK	0	139	139	139
CDC42BPB	0	139	139	139
CDCA4	0	139	139	139
CEP170B	0	139	139	139
CINP	0	139	139	139
CKB	0	139	139	139
CRIP1	0	139	139	139
CRIP2	0	139	139	139
CYP46A1	0	139	139	139
DEGS2	0	139	139	139
DIO3	0	139	139	139
DIO3OS	0	139	139	139
DLK1	0	139	139	139
DYNC1H1	0	139	139	139
EIF5	0	139	139	139
ELK2AP	0	139	139	139
EML1	0	139	139	139
ETFRF1	139	0	139	139
EVL	0	139	139	139
EXOC3L4	0	139	139	139
FAM30A	0	139	139	139
GPR132	0	139	139	139
GSKIP	0	139	139	139
HHIPL1	0	139	139	139
HSP90AA1	0	139	139	139
INF2	0	139	139	139
JAG2	0	139	139	139
KIF26A	0	139	139	139
KLC1	0	139	139	139
KRAS	139	0	139	139
LINC00221	0	139	139	139
LINC00226	0	139	139	139
LINC00239	0	139	139	139
LINC00523	0	139	139	139
LINC00524	0	139	139	139
LINC00605	0	139	139	139
LINC00618	0	139	139	139
LINC00637	0	139	139	139
LINC00638	0	139	139	139
LINC00677	0	139	139	139
LINC01512	139	0	139	139
LINC01550	0	139	139	139
LOC100129345	0	139	139	139
LOC100507277	0	139	139	139
LOC100507437	0	139	139	139
LOC101929241	0	139	139	139
LOC101929634	0	139	139	139
LOC102723354	0	139	139	139
LOC105370697	0	139	139	139
LOC105378183	0	139	139	139
LOC107984640	0	139	139	139
LOC730202	0	139	139	139
MARK3	0	139	139	139
MEG3	0	139	139	139
MEG8	0	139	139	139
MEG9	0	139	139	139
MIR1185-1	0	139	139	139
MIR1185-2	0	139	139	139
MIR1193	0	139	139	139
MIR1197	0	139	139	139
MIR1247	0	139	139	139
MIR127	0	139	139	139
MIR134	0	139	139	139
MIR136	0	139	139	139
MIR151B	0	139	139	139
MIR154	0	139	139	139
MIR203A	0	139	139	139
MIR203B	0	139	139	139
MIR2392	0	139	139	139
MIR299	0	139	139	139
MIR300	0	139	139	139
MIR323A	0	139	139	139
MIR323B	0	139	139	139
MIR329-1	0	139	139	139
MIR329-2	0	139	139	139
MIR337	0	139	139	139
MIR342	0	139	139	139
MIR345	0	139	139	139
MIR369	0	139	139	139
MIR370	0	139	139	139
MIR376A1	0	139	139	139
MIR376A2	0	139	139	139
MIR376B	0	139	139	139
MIR376C	0	139	139	139
MIR377	0	139	139	139
MIR379	0	139	139	139
MIR380	0	139	139	139
MIR381	0	139	139	139
MIR381HG	0	139	139	139
MIR382	0	139	139	139
MIR409	0	139	139	139
MIR410	0	139	139	139
MIR411	0	139	139	139
MIR412	0	139	139	139
MIR4309	0	139	139	139
MIR431	0	139	139	139
MIR432	0	139	139	139
MIR433	0	139	139	139
MIR4507	0	139	139	139
MIR4537	0	139	139	139
MIR4538	0	139	139	139
MIR4539	0	139	139	139
MIR4710	0	139	139	139
MIR485	0	139	139	139
MIR487A	0	139	139	139
MIR487B	0	139	139	139
MIR493	0	139	139	139
MIR494	0	139	139	139
MIR495	0	139	139	139
MIR496	0	139	139	139
MIR5195	0	139	139	139
MIR539	0	139	139	139
MIR541	0	139	139	139
MIR543	0	139	139	139
MIR544A	0	139	139	139
MIR654	0	139	139	139
MIR655	0	139	139	139
MIR656	0	139	139	139
MIR665	0	139	139	139
MIR668	0	139	139	139
MIR6764	0	139	139	139
MIR6765	0	139	139	139
MIR758	0	139	139	139
MIR770	0	139	139	139
MIR8071-1	0	139	139	139
MIR889	0	139	139	139
MOK	0	139	139	139
MTA1	0	139	139	139
NUDT14	0	139	139	139
PACS2	0	139	139	139
PAPOLA	0	139	139	139
PLD4	0	139	139	139
PPP1R13B	0	139	139	139
PPP2R5C	0	139	139	139
RCOR1	0	139	139	139
RD3L	0	139	139	139
RTL1	0	139	139	139
SETD3	0	139	139	139
SIVA1	0	139	139	139
SLC25A29	0	139	139	139
SLC25A47	0	139	139	139
SNHG24	0	139	139	139
SNORA28	0	139	139	139
SNORD112	0	139	139	139
SNORD113-1	0	139	139	139
SNORD113-2	0	139	139	139
SNORD113-3	0	139	139	139
SNORD113-4	0	139	139	139
SNORD113-5	0	139	139	139
SNORD113-6	0	139	139	139
SNORD113-7	0	139	139	139
SNORD113-8	0	139	139	139
SNORD113-9	0	139	139	139
SNORD114-1	0	139	139	139
SNORD114-10	0	139	139	139
SNORD114-11	0	139	139	139
SNORD114-12	0	139	139	139
SNORD114-13	0	139	139	139
SNORD114-14	0	139	139	139
SNORD114-15	0	139	139	139
SNORD114-16	0	139	139	139
SNORD114-17	0	139	139	139
SNORD114-18	0	139	139	139
SNORD114-19	0	139	139	139
SNORD114-2	0	139	139	139
SNORD114-20	0	139	139	139
SNORD114-21	0	139	139	139
SNORD114-22	0	139	139	139
SNORD114-23	0	139	139	139
SNORD114-24	0	139	139	139
SNORD114-25	0	139	139	139
SNORD114-26	0	139	139	139
SNORD114-27	0	139	139	139
SNORD114-28	0	139	139	139
SNORD114-29	0	139	139	139
SNORD114-3	0	139	139	139
SNORD114-30	0	139	139	139
SNORD114-31	0	139	139	139
SNORD114-4	0	139	139	139
SNORD114-5	0	139	139	139
SNORD114-6	0	139	139	139
SNORD114-7	0	139	139	139
SNORD114-8	0	139	139	139
SNORD114-9	0	139	139	139
TDRD9	0	139	139	139
TECPR2	0	139	139	139
TEX22	0	139	139	139
TMEM121	0	139	139	139
TMEM179	0	139	139	139
TNFAIP2	0	139	139	139
TRAF3	0	139	139	139
TRMT61A	0	139	139	139
VRK1	0	139	139	139
WARS	0	139	139	139
WDR20	0	139	139	139
WDR25	0	139	139	139
XRCC3	0	139	139	139
YY1	0	139	139	139
ZBTB42	0	139	139	139
ZFYVE21	0	139	139	139
ZNF839	0	139	139	139
hsa-mir-1185-2	0	139	139	139
CCNE1	137	0	137	137
GPHN	0	137	137	137
ERICH1	0	136	136	136
ERICH1-AS1	0	136	136	136
FAM87A	0	136	136	136
FBXO25	0	136	136	136
LOC286083	0	136	136	136
LOC401442	0	136	136	136
OR4F21	0	136	136	136
RPL23AP53	0	136	136	136
TDRP	0	136	136	136
ZNF596	0	136	136	136
FOXC1	0	132	132	132
GMDS	0	132	132	132
ABCA2	130	0	130	130
ANAPC2	130	0	130	130
C8G	130	0	130	130
C9orf139	130	0	130	130
C9orf142	130	0	130	130
CLIC3	130	0	130	130
CYSRT1	130	0	130	130
DPP7	130	0	130	130
ENTPD2	130	0	130	130
EXD3	130	0	130	130
FAM166A	130	0	130	130
FBXW5	130	0	130	130
FUT7	130	0	130	130
GRIN1	130	0	130	130
LCN12	130	0	130	130
LCNL1	130	0	130	130
LRRC26	130	0	130	130
MAN1B1	130	0	130	130
MAN1B1-AS1	130	0	130	130
MIR3621	130	0	130	130
NDOR1	130	0	130	130
NELFB	130	0	130	130
NPDC1	130	0	130	130
NRARP	130	0	130	130
PTGDS	130	0	130	130
RNF208	130	0	130	130
RNF224	130	0	130	130
SAPCD2	130	0	130	130
SLC34A3	130	0	130	130
SSNA1	130	0	130	130
STPG3	130	0	130	130
STPG3-AS1	130	0	130	130
TMEM203	130	0	130	130
TMEM210	130	0	130	130
TOR4A	130	0	130	130
TPRN	130	0	130	130
TRAF2	130	0	130	130
TUBB4B	130	0	130	130
UAP1L1	130	0	130	130
ATAD1	0	128	128	128
ATP10A	0	128	128	128
CCND1	128	0	128	128
CFL1P1	0	128	128	128
CHEK2P2	0	128	128	128
CXADRP2	0	128	128	128
CYFIP1	0	128	128	128
FGF19	128	0	128	128
FGF4	128	0	128	128
GABRA5	0	128	128	128
GABRB3	0	128	128	128
GOLGA6L1	0	128	128	128
GOLGA6L2	0	128	128	128
GOLGA6L22	0	128	128	128
GOLGA6L6	0	128	128	128
GOLGA8CP	0	128	128	128
GOLGA8DP	0	128	128	128
GOLGA8EP	0	128	128	128
GOLGA8IP	0	128	128	128
GOLGA8J	0	128	128	128
GOLGA8S	0	128	128	128
HERC2P2	0	128	128	128
HERC2P3	0	128	128	128
HERC2P7	0	128	128	128
IGHV1OR15-1	0	128	128	128
IGHV1OR15-3	0	128	128	128
IPW	0	128	128	128
KLLN	0	128	128	128
LINC00929	0	128	128	128
LINC01193	0	128	128	128
LOC100128714	0	128	128	128
LOC101927079	0	128	128	128
LOC283683	0	128	128	128
LOC646214	0	128	128	128
LOC727924	0	128	128	128
MAGEL2	0	128	128	128
MIR1268A	0	128	128	128
MIR3118-2	0	128	128	128
MIR3118-3	0	128	128	128
MIR3118-4	0	128	128	128
MIR4508	0	128	128	128
MIR4509-1	0	128	128	128
MIR4509-2	0	128	128	128
MIR4715	0	128	128	128
MIR5701-1	0	128	128	128
MIR5701-2	0	128	128	128
MKRN3	0	128	128	128
NBEAP1	0	128	128	128
NDN	0	128	128	128
NF1P2	0	128	128	128
NIPA1	0	128	128	128
NIPA2	0	128	128	128
NPAP1	0	128	128	128
OR4M2	0	128	128	128
OR4N3P	0	128	128	128
OR4N4	0	128	128	128
ORAOV1	128	0	128	128
POTEB	0	128	128	128
POTEB2	0	128	128	128
POTEB3	0	128	128	128
PTEN	0	128	128	128
PWAR1	0	128	128	128
PWAR4	0	128	128	128
PWAR5	0	128	128	128
PWARSN	0	128	128	128
PWRN1	0	128	128	128
PWRN2	0	128	128	128
PWRN3	0	128	128	128
PWRN4	0	128	128	128
REREP3	0	128	128	128
SNORD107	0	128	128	128
SNORD108	0	128	128	128
SNORD109A	0	128	128	128
SNORD115-1	0	128	128	128
SNORD115-10	0	128	128	128
SNORD115-11	0	128	128	128
SNORD115-12	0	128	128	128
SNORD115-13	0	128	128	128
SNORD115-14	0	128	128	128
SNORD115-15	0	128	128	128
SNORD115-16	0	128	128	128
SNORD115-17	0	128	128	128
SNORD115-18	0	128	128	128
SNORD115-2	0	128	128	128
SNORD115-20	0	128	128	128
SNORD115-21	0	128	128	128
SNORD115-22	0	128	128	128
SNORD115-23	0	128	128	128
SNORD115-24	0	128	128	128
SNORD115-25	0	128	128	128
SNORD115-26	0	128	128	128
SNORD115-27	0	128	128	128
SNORD115-28	0	128	128	128
SNORD115-29	0	128	128	128
SNORD115-3	0	128	128	128
SNORD115-30	0	128	128	128
SNORD115-31	0	128	128	128
SNORD115-32	0	128	128	128
SNORD115-33	0	128	128	128
SNORD115-34	0	128	128	128
SNORD115-35	0	128	128	128
SNORD115-36	0	128	128	128
SNORD115-37	0	128	128	128
SNORD115-38	0	128	128	128
SNORD115-39	0	128	128	128
SNORD115-4	0	128	128	128
SNORD115-41	0	128	128	128
SNORD115-44	0	128	128	128
SNORD115-45	0	128	128	128
SNORD115-46	0	128	128	128
SNORD115-47	0	128	128	128
SNORD115-48	0	128	128	128
SNORD115-5	0	128	128	128
SNORD115-6	0	128	128	128
SNORD115-7	0	128	128	128
SNORD115-8	0	128	128	128
SNORD116-1	0	128	128	128
SNORD116-10	0	128	128	128
SNORD116-11	0	128	128	128
SNORD116-12	0	128	128	128
SNORD116-13	0	128	128	128
SNORD116-14	0	128	128	128
SNORD116-15	0	128	128	128
SNORD116-16	0	128	128	128
SNORD116-17	0	128	128	128
SNORD116-18	0	128	128	128
SNORD116-2	0	128	128	128
SNORD116-20	0	128	128	128
SNORD116-21	0	128	128	128
SNORD116-22	0	128	128	128
SNORD116-23	0	128	128	128
SNORD116-24	0	128	128	128
SNORD116-25	0	128	128	128
SNORD116-26	0	128	128	128
SNORD116-27	0	128	128	128
SNORD116-28	0	128	128	128
SNORD116-29	0	128	128	128
SNORD116-3	0	128	128	128
SNORD116-30	0	128	128	128
SNORD116-4	0	128	128	128
SNORD116-5	0	128	128	128
SNORD116-8	0	128	128	128
SNORD64	0	128	128	128
SNRPN	0	128	128	128
SNURF	0	128	128	128
TUBGCP5	0	128	128	128
UBE3A	0	128	128	128
WHAMMP3	0	128	128	128
ARHGAP12	124	0	124	124
CCDC7	124	0	124	124
EPC1	124	0	124	124
KIF5B	124	0	124	124
LOC101929431	124	0	124	124
LOC102031319	124	0	124	124
CCT2	123	0	123	123
CPM	123	0	123	123
CPSF6	123	0	123	123
FRS2	123	0	123	123
LRRC10	123	0	123	123
LYZ	123	0	123	123
MIR1279	123	0	123	123
MIR3913-1	123	0	123	123
MIR3913-2	123	0	123	123
YEATS4	123	0	123	123
[IDH2]	119	0	119	119
POLD3	117	0	117	117
LOC105378098	0	109	109	109
ACAD8	0	108	108	108
ACRV1	0	108	108	108
ADAMTS15	0	108	108	108
ADAMTS8	0	108	108	108
APLP2	0	108	108	108
ARHGAP32	0	108	108	108
B3GAT1	0	108	108	108
BARX2	0	108	108	108
BLID	0	108	108	108
BSX	0	108	108	108
C11orf44	0	108	108	108
C11orf45	0	108	108	108
C11orf63	0	108	108	108
CCDC15	0	108	108	108
CDON	0	108	108	108
CHEK1	0	108	108	108
CLMP	0	108	108	108
CRTAM	0	108	108	108
DCPS	0	108	108	108
DDX25	0	108	108	108
EI24	0	108	108	108
ESAM	0	108	108	108
ETS1	0	108	108	108
FAM118B	0	108	108	108
FEZ1	0	108	108	108
FLI1	0	108	108	108
FOXRED1	0	108	108	108
GLB1L2	0	108	108	108
GLB1L3	0	108	108	108
GRAMD1B	0	108	108	108
HEPACAM	0	108	108	108
HEPN1	0	108	108	108
HSPA8	0	108	108	108
HYLS1	0	108	108	108
IGSF9B	0	108	108	108
JAM3	0	108	108	108
KCNJ1	0	108	108	108
KCNJ5	0	108	108	108
KIRREL3	0	108	108	108
KIRREL3-AS2	0	108	108	108
KIRREL3-AS3	0	108	108	108
LINC00167	0	108	108	108
LINC01395	0	108	108	108
LOC100128239	0	108	108	108
LOC100507283	0	108	108	108
LOC100507431	0	108	108	108
LOC100507548	0	108	108	108
LOC101929340	0	108	108	108
LOC101929427	0	108	108	108
LOC101929473	0	108	108	108
LOC101929497	0	108	108	108
LOC101929517	0	108	108	108
LOC101929538	0	108	108	108
LOC101929653	0	108	108	108
LOC103611081	0	108	108	108
LOC283177	0	108	108	108
LOC341056	0	108	108	108
LOC403312	0	108	108	108
LOC646522	0	108	108	108
MIR100	0	108	108	108
MIR100HG	0	108	108	108
MIR125B1	0	108	108	108
MIR3167	0	108	108	108
MIR4493	0	108	108	108
MIR4697	0	108	108	108
MIR4697HG	0	108	108	108
MIR6090	0	108	108	108
MIR8052	0	108	108	108
MIRLET7A2	0	108	108	108
MSANTD2	0	108	108	108
NCAPD3	0	108	108	108
NFRKB	0	108	108	108
NRGN	0	108	108	108
NTM	0	108	108	108
NTM-AS1	0	108	108	108
NTM-IT	0	108	108	108
OPCML	0	108	108	108
OR10G4	0	108	108	108
OR10G7	0	108	108	108
OR10G8	0	108	108	108
OR10G9	0	108	108	108
OR10S1	0	108	108	108
OR4D5	0	108	108	108
OR6M1	0	108	108	108
OR6T1	0	108	108	108
OR6X1	0	108	108	108
OR8A1	0	108	108	108
OR8B12	0	108	108	108
OR8B2	0	108	108	108
OR8B3	0	108	108	108
OR8B4	0	108	108	108
OR8B8	0	108	108	108
OR8D1	0	108	108	108
OR8D2	0	108	108	108
OR8D4	0	108	108	108
OR8G1	0	108	108	108
OR8G2	0	108	108	108
OR8G5	0	108	108	108
PANX3	0	108	108	108
PATE1	0	108	108	108
PATE2	0	108	108	108
PATE3	0	108	108	108
PATE4	0	108	108	108
PKNOX2	0	108	108	108
PKNOX2-AS1	0	108	108	108
PRDM10	0	108	108	108
PUS3	0	108	108	108
ROBO3	0	108	108	108
ROBO4	0	108	108	108
RPUSD4	0	108	108	108
SC5D	0	108	108	108
SCN3B	0	108	108	108
SENCR	0	108	108	108
SIAE	0	108	108	108
SLC37A2	0	108	108	108
SNORD14C	0	108	108	108
SNORD14D	0	108	108	108
SNORD14E	0	108	108	108
SNX19	0	108	108	108
SORL1	0	108	108	108
SPA17	0	108	108	108
SPATA19	0	108	108	108
SRPRA	0	108	108	108
ST14	0	108	108	108
ST3GAL4	0	108	108	108
ST3GAL4-AS1	0	108	108	108
STT3A	0	108	108	108
STT3A-AS1	0	108	108	108
TBRG1	0	108	108	108
THYN1	0	108	108	108
TIRAP	0	108	108	108
TMEM218	0	108	108	108
TMEM225	0	108	108	108
TMEM45B	0	108	108	108
TP53AIP1	0	108	108	108
UBASH3B	0	108	108	108
VPS26B	0	108	108	108
VSIG2	0	108	108	108
VWA5A	0	108	108	108
ZBTB44	0	108	108	108
ZNF202	0	108	108	108
TCF12	0	107	107	107
ANKRD20A1	0	106	106	106
ANKRD20A2	0	106	106	106
ANKRD20A3	0	106	106	106
ANKRD20A4	0	106	106	106
AQP7P1	0	106	106	106
AQP7P3	0	106	106	106
CBWD3	0	106	106	106
CBWD5	0	106	106	106
CBWD6	0	106	106	106
CNTNAP3	0	106	106	106
CNTNAP3B	0	106	106	106
CNTNAP3P2	0	106	106	106
FAM201A	0	106	106	106
FAM27B	0	106	106	106
FAM27C	0	106	106	106
FAM27E2	0	106	106	106
FAM27E3	0	106	106	106
FAM74A1	0	106	106	106
FAM74A3	0	106	106	106
FAM74A4	0	106	106	106
FAM74A7	0	106	106	106
FAM95B1	0	106	106	106
FGF7P3	0	106	106	106
FGF7P6	0	106	106	106
FLJ43315	0	106	106	106
FOXD4L3	0	106	106	106
FOXD4L4	0	106	106	106
FOXD4L5	0	106	106	106
FOXD4L6	0	106	106	106
FRG1HP	0	106	106	106
FRG1JP	0	106	106	106
GLIDR	0	106	106	106
GXYLT1P3	0	106	106	106
LINC01189	0	106	106	106
LINC01410	0	106	106	106
LINC01506	0	106	106	106
LOC100132249	0	106	106	106
LOC101927827	0	106	106	106
LOC101928195	0	106	106	106
LOC101928381	0	106	106	106
LOC101929583	0	106	106	106
LOC102723709	0	106	106	106
LOC102724238	0	106	106	106
LOC102724580	0	106	106	106
LOC102725126	0	106	106	106
LOC103908605	0	106	106	106
LOC105376064	0	106	106	106
LOC105379450	0	106	106	106
LOC286297	0	106	106	106
LOC403323	0	106	106	106
LOC440896	0	106	106	106
LOC554249	0	106	106	106
LOC642929	0	106	106	106
LOC728673	0	106	106	106
MIR1299	0	106	106	106
MIR4477A	0	106	106	106
PGM5	0	106	106	106
PGM5-AS1	0	106	106	106
PGM5P2	0	106	106	106
PTGER4P2-CDK2AP2P2	0	106	106	106
SPATA31A1	0	106	106	106
SPATA31A3	0	106	106	106
SPATA31A5	0	106	106	106
SPATA31A6	0	106	106	106
SPATA31A7	0	106	106	106
TMEM252	0	106	106	106
XLOC_007697	0	106	106	106
ZNF658	0	106	106	106
ZNF658B	0	106	106	106
KCNQ1OT1	0	105	105	105
ADORA3	0	104	104	104
AHCYL1	0	104	104	104
AKNAD1	0	104	104	104
AKR7A2P1	0	104	104	104
ALX3	0	104	104	104
AMIGO1	0	104	104	104
AMPD1	0	104	104	104
AMPD2	0	104	104	104
AP4B1	0	104	104	104
AP4B1-AS1	0	104	104	104
ATP1A1	0	104	104	104
ATP1A1-AS1	0	104	104	104
ATP5F1	0	104	104	104
ATXN7L2	0	104	104	104
BCAS2	0	104	104	104
BCL2L15	0	104	104	104
C1orf137	0	104	104	104
C1orf162	0	104	104	104
C1orf194	0	104	104	104
CAPZA1	0	104	104	104
CASQ2	0	104	104	104
CD101	0	104	104	104
CD2	0	104	104	104
CD53	0	104	104	104
CD58	0	104	104	104
CELSR2	0	104	104	104
CEPT1	0	104	104	104
CHI3L2	0	104	104	104
CHIA	0	104	104	104
CHIAP2	0	104	104	104
CLCC1	0	104	104	104
CSDE1	0	104	104	104
CSF1	0	104	104	104
CTTNBP2NL	0	104	104	104
CYB561D1	0	104	104	104
CYMP	0	104	104	104
DCLRE1B	0	104	104	104
DDX20	0	104	104	104
DENND2C	0	104	104	104
DENND2D	0	104	104	104
DRAM2	0	104	104	104
EPS8L3	0	104	104	104
FAM102B	0	104	104	104
FAM19A3	0	104	104	104
FAM212B	0	104	104	104
FAM212B-AS1	0	104	104	104
FAM46C	0	104	104	104
FNDC7	0	104	104	104
GDAP2	0	104	104	104
GNAI3	0	104	104	104
GNAT2	0	104	104	104
GPR61	0	104	104	104
GPSM2	0	104	104	104
GSTM1	0	104	104	104
GSTM2	0	104	104	104
GSTM3	0	104	104	104
GSTM4	0	104	104	104
GSTM5	0	104	104	104
HAO2	0	104	104	104
HAO2-IT1	0	104	104	104
HENMT1	0	104	104	104
HIPK1	0	104	104	104
HIPK1-AS1	0	104	104	104
HSD3B2	0	104	104	104
IGSF3	0	104	104	104
KCNA10	0	104	104	104
KCNA2	0	104	104	104
KCNA3	0	104	104	104
KCNC4	0	104	104	104
KCNC4-AS1	0	104	104	104
KCND3	0	104	104	104
KCND3-AS1	0	104	104	104
KCND3-IT1	0	104	104	104
KIAA1324	0	104	104	104
LAMTOR5	0	104	104	104
LAMTOR5-AS1	0	104	104	104
LINC01160	0	104	104	104
LINC01356	0	104	104	104
LINC01397	0	104	104	104
LINC01525	0	104	104	104
LOC100996251	0	104	104	104
LOC100996263	0	104	104	104
LOC101928718	0	104	104	104
LOC101928977	0	104	104	104
LOC101928995	0	104	104	104
LOC101929023	0	104	104	104
LOC101929099	0	104	104	104
LOC101929147	0	104	104	104
LOC105378933	0	104	104	104
LOC440600	0	104	104	104
LOC440602	0	104	104	104
LOC643355	0	104	104	104
LOC643441	0	104	104	104
LRIF1	0	104	104	104
LRIG2	0	104	104	104
MAB21L3	0	104	104	104
MAGI3	0	104	104	104
MAN1A2	0	104	104	104
MIR197	0	104	104	104
MIR320B1	0	104	104	104
MIR4256	0	104	104	104
MIR548AC	0	104	104	104
MIR942	0	104	104	104
MOV10	0	104	104	104
MYBPHL	0	104	104	104
NBPF4	0	104	104	104
NBPF6	0	104	104	104
NGF	0	104	104	104
NHLH2	0	104	104	104
NRAS	0	104	104	104
OLFML3	0	104	104	104
OVGP1	0	104	104	104
PGCP1	0	104	104	104
PHTF1	0	104	104	104
PIFO	0	104	104	104
PPM1J	0	104	104	104
PROK1	0	104	104	104
PRPF38B	0	104	104	104
PSMA5	0	104	104	104
PSRC1	0	104	104	104
PTGFRN	0	104	104	104
PTPN22	0	104	104	104
RAP1A	0	104	104	104
RBM15	0	104	104	104
RHOC	0	104	104	104
RSBN1	0	104	104	104
SARS	0	104	104	104
SCARNA2	0	104	104	104
SIKE1	0	104	104	104
SLC16A1	0	104	104	104
SLC16A1-AS1	0	104	104	104
SLC16A4	0	104	104	104
SLC22A15	0	104	104	104
SLC25A24	0	104	104	104
SLC6A17	0	104	104	104
SORT1	0	104	104	104
SPAG17	0	104	104	104
SPATA42	0	104	104	104
ST7L	0	104	104	104
STRIP1	0	104	104	104
STXBP3	0	104	104	104
SYCP1	0	104	104	104
SYPL2	0	104	104	104
SYT6	0	104	104	104
TAF13	0	104	104	104
TBX15	0	104	104	104
TMEM167B	0	104	104	104
TMIGD3	0	104	104	104
TRIM33	0	104	104	104
TRIM45	0	104	104	104
TSHB	0	104	104	104
TSPAN2	0	104	104	104
TTF2	0	104	104	104
UBL4B	0	104	104	104
VANGL1	0	104	104	104
VAV3-AS1	0	104	104	104
VTCN1	0	104	104	104
WARS2	0	104	104	104
WARS2-IT1	0	104	104	104
WDR3	0	104	104	104
WDR47	0	104	104	104
WDR77	0	104	104	104
WNT2B	0	104	104	104
ABCG4	0	102	102	102
ACAT1	0	102	102	102
ALG9	0	102	102	102
ALKBH8	0	102	102	102
ANKK1	0	102	102	102
APOA1	0	102	102	102
APOA1-AS	0	102	102	102
APOA4	0	102	102	102
APOA5	0	102	102	102
APOC3	0	102	102	102
ARCN1	0	102	102	102
ARHGAP20	0	102	102	102
ATM	0	102	102	102
ATP5L	0	102	102	102
BACE1	0	102	102	102
BACE1-AS	0	102	102	102
BCL9L	0	102	102	102
BCO2	0	102	102	102
BTG4	0	102	102	102
BUD13	0	102	102	102
C11orf1	0	102	102	102
C11orf52	0	102	102	102
C11orf53	0	102	102	102
C11orf57	0	102	102	102
C11orf65	0	102	102	102
C11orf71	0	102	102	102
C11orf87	0	102	102	102
C11orf88	0	102	102	102
C1QTNF5	0	102	102	102
C2CD2L	0	102	102	102
CADM1	0	102	102	102
CBL	0	102	102	102
CCDC153	0	102	102	102
CCDC84	0	102	102	102
CD3D	0	102	102	102
CD3E	0	102	102	102
CD3G	0	102	102	102
CEP164	0	102	102	102
CLDN25	0	102	102	102
COLCA1	0	102	102	102
COLCA2	0	102	102	102
CRYAB	0	102	102	102
CUL5	0	102	102	102
CWF19L2	0	102	102	102
CXCR5	0	102	102	102
DDX10	0	102	102	102
DDX6	0	102	102	102
DIXDC1	0	102	102	102
DLAT	0	102	102	102
DPAGT1	0	102	102	102
DRD2	0	102	102	102
DSCAML1	0	102	102	102
ELMOD1	0	102	102	102
EXPH5	0	102	102	102
FDX1	0	102	102	102
FDXACB1	0	102	102	102
FOXR1	0	102	102	102
FXYD2	0	102	102	102
FXYD6	0	102	102	102
FXYD6-FXYD2	0	102	102	102
H2AFX	0	102	102	102
HINFP	0	102	102	102
HMBS	0	102	102	102
HSPB2	0	102	102	102
HSPB2-C11orf52	0	102	102	102
HTR3A	0	102	102	102
HTR3B	0	102	102	102
HYOU1	0	102	102	102
IFT46	0	102	102	102
IL10RA	0	102	102	102
IL18	0	102	102	102
JAML	0	102	102	102
KDELC2	0	102	102	102
KMT2A	0	102	102	102
LAYN	0	102	102	102
LINC00900	0	102	102	102
LOC100131626	0	102	102	102
LOC100132078	0	102	102	102
LOC100132686	0	102	102	102
LOC100652768	0	102	102	102
LOC101928823	0	102	102	102
LOC101928847	0	102	102	102
LOC101928940	0	102	102	102
LOC101928985	0	102	102	102
LOC101929011	0	102	102	102
LOC101929089	0	102	102	102
LOC102724301	0	102	102	102
LOC105369486	0	102	102	102
LOC105369507	0	102	102	102
LOC105369509	0	102	102	102
LOC283140	0	102	102	102
LOC387810	0	102	102	102
LOC643923	0	102	102	102
LOC649133	0	102	102	102
MCAM	0	102	102	102
MIR34B	0	102	102	102
MIR34C	0	102	102	102
MIR3656	0	102	102	102
MIR4301	0	102	102	102
MIR4491	0	102	102	102
MIR4492	0	102	102	102
MIR6716	0	102	102	102
MIR6756	0	102	102	102
MPZL2	0	102	102	102
MPZL3	0	102	102	102
NCAM1	0	102	102	102
NCAM1-AS1	0	102	102	102
NECTIN1	0	102	102	102
NLRX1	0	102	102	102
NNMT	0	102	102	102
NPAT	0	102	102	102
NXPE1	0	102	102	102
NXPE2	0	102	102	102
NXPE4	0	102	102	102
OAF	0	102	102	102
PAFAH1B2	0	102	102	102
PCSK7	0	102	102	102
PDZD3	0	102	102	102
PHLDB1	0	102	102	102
PIH1D2	0	102	102	102
PLET1	0	102	102	102
POU2AF1	0	102	102	102
POU2F3	0	102	102	102
PPP2R1B	0	102	102	102
PTS	0	102	102	102
RAB39A	0	102	102	102
RBM7	0	102	102	102
RDX	0	102	102	102
REXO2	0	102	102	102
RNF214	0	102	102	102
RNF26	0	102	102	102
RPL23AP64	0	102	102	102
RPS25	0	102	102	102
SCN2B	0	102	102	102
SCN4B	0	102	102	102
SDHD	0	102	102	102
SIDT2	0	102	102	102
SIK2	0	102	102	102
SIK3	0	102	102	102
SLC35F2	0	102	102	102
SLC37A4	0	102	102	102
SLN	0	102	102	102
TAGLN	0	102	102	102
TEX12	0	102	102	102
THY1	0	102	102	102
TIMM8B	0	102	102	102
TMEM136	0	102	102	102
TMEM25	0	102	102	102
TMPRSS13	0	102	102	102
TMPRSS4	0	102	102	102
TMPRSS4-AS1	0	102	102	102
TMPRSS5	0	102	102	102
TRAPPC4	0	102	102	102
TREH	0	102	102	102
TRIM29	0	102	102	102
TTC12	0	102	102	102
TTC36	0	102	102	102
UBE4A	0	102	102	102
UPK2	0	102	102	102
USP2	0	102	102	102
USP2-AS1	0	102	102	102
USP28	0	102	102	102
VPS11	0	102	102	102
ZBTB16	0	102	102	102
ZC3H12C	0	102	102	102
ZPR1	0	102	102	102
ZW10	0	102	102	102
ARHGDIG	0	100	100	100
AXIN1	0	100	100	100
BAIAP3	0	100	100	100
C16orf91	0	100	100	100
C1QTNF8	0	100	100	100
CACNA1H	0	100	100	100
CAPN15	0	100	100	100
CCDC154	0	100	100	100
CCDC78	0	100	100	100
CHTF18	0	100	100	100
CLCN7	0	100	100	100
CRAMP1	0	100	100	100
DDX11L10	0	100	100	100
DECR2	0	100	100	100
EME2	0	100	100	100
FAM173A	0	100	100	100
FAM234A	0	100	100	100
FBXL16	0	100	100	100
GNG13	0	100	100	100
GNPTG	0	100	100	100
HAGHL	0	100	100	100
HBA1	0	100	100	100
HBA2	0	100	100	100
HBM	0	100	100	100
HBQ1	0	100	100	100
HBZ	0	100	100	100
HN1L	0	100	100	100
IFT140	0	100	100	100
IGFALS	0	100	100	100
JMJD8	0	100	100	100
LINC00235	0	100	100	100
LMF1	0	100	100	100
LMF1-AS1	0	100	100	100
LOC100134368	0	100	100	100
LOC105371038	0	100	100	100
LOC105371046	0	100	100	100
LOC105371184	0	100	100	100
LUC7L	0	100	100	100
MAPK8IP3	0	100	100	100
MCRIP2	0	100	100	100
METRN	0	100	100	100
METTL26	0	100	100	100
MIR3176	0	100	100	100
MIR3177	0	100	100	100
MIR5587	0	100	100	100
MIR662	0	100	100	100
MIR6859-1	0	100	100	100
MIR6859-2	0	100	100	100
MIR6859-3	0	100	100	100
MPG	0	100	100	100
MRPL28	0	100	100	100
MRPS34	0	100	100	100
MSLN	0	100	100	100
NARFL	0	100	100	100
NHLRC4	0	100	100	100
NME3	0	100	100	100
NME4	0	100	100	100
NPRL3	0	100	100	100
NUBP2	0	100	100	100
PDIA2	0	100	100	100
PIGQ	0	100	100	100
POLR3K	0	100	100	100
PRR25	0	100	100	100
PRR35	0	100	100	100
PTX4	0	100	100	100
RAB11FIP3	0	100	100	100
RAB40C	0	100	100	100
RGS11	0	100	100	100
RHBDF1	0	100	100	100
RHBDL1	0	100	100	100
RHOT2	0	100	100	100
RPUSD1	0	100	100	100
SNRNP25	0	100	100	100
SOX8	0	100	100	100
SPSB3	0	100	100	100
SSTR5	0	100	100	100
SSTR5-AS1	0	100	100	100
STUB1	0	100	100	100
TELO2	0	100	100	100
TMEM204	0	100	100	100
TMEM8A	0	100	100	100
TPSAB1	0	100	100	100
TPSB2	0	100	100	100
TPSD1	0	100	100	100
TPSG1	0	100	100	100
TSR3	0	100	100	100
UBE2I	0	100	100	100
UNKL	0	100	100	100
WASIR2	0	100	100	100
WDR24	0	100	100	100
WDR90	0	100	100	100
WFIKKN1	0	100	100	100
AMBRA1	98	0	98	98
C11orf94	98	0	98	98
CHRM4	98	0	98	98
CREB3L1	98	0	98	98
DGKZ	98	0	98	98
FGFR2	98	0	98	98
LARGE2	98	0	98	98
LOC101928894	98	0	98	98
MAPK8IP1	98	0	98	98
MDK	98	0	98	98
MIR3160-1	98	0	98	98
MIR3160-2	98	0	98	98
MIR4688	98	0	98	98
PEX16	98	0	98	98
PHF21A	98	0	98	98
MIR8065	0	97	97	97
RBFOX1	0	97	97	97
LOC100506585	0	94	94	94
MIR153-2	0	94	94	94
MIR595	0	94	94	94
PTPRN2	0	94	94	94
ADGRB3	0	93	93	93
AIM1	0	93	93	93
AK9	0	93	93	93
AKIRIN2	0	93	93	93
AMD1	0	93	93	93
ANKRD6	0	93	93	93
ARMC2	0	93	93	93
ARMC2-AS1	0	93	93	93
ASCC3	0	93	93	93
ASF1A	0	93	93	93
ATG5	0	93	93	93
B3GAT2	0	93	93	93
BACH2	0	93	93	93
BCKDHB	0	93	93	93
BEND3	0	93	93	93
BRD7P3	0	93	93	93
BVES	0	93	93	93
BVES-AS1	0	93	93	93
C6orf163	0	93	93	93
C6orf203	0	93	93	93
CASC6	0	93	93	93
CASP8AP2	0	93	93	93
CCDC162P	0	93	93	93
CCNC	0	93	93	93
CD109	0	93	93	93
CD164	0	93	93	93
CD24	0	93	93	93
CD44	93	0	93	93
CDC40	0	93	93	93
CDK19	0	93	93	93
CEP162	0	93	93	93
CEP57L1	0	93	93	93
CEP85L	0	93	93	93
CFAP206	0	93	93	93
CGA	0	93	93	93
CNR1	0	93	93	93
COL10A1	0	93	93	93
COL12A1	0	93	93	93
COL19A1	0	93	93	93
COL9A1	0	93	93	93
COQ3	0	93	93	93
COX7A2	0	93	93	93
CYB5R4	0	93	93	93
DCBLD1	0	93	93	93
DDO	0	93	93	93
DDX43	0	93	93	93
DOPEY1	0	93	93	93
DPPA5	0	93	93	93
DSE	0	93	93	93
EEF1A1	0	93	93	93
ELOVL4	0	93	93	93
EPHA7	0	93	93	93
EVADR	0	93	93	93
EYS	0	93	93	93
FAM135A	0	93	93	93
FAM162B	0	93	93	93
FAM184A	0	93	93	93
FAM229B	0	93	93	93
FAM26D	0	93	93	93
FAM26E	0	93	93	93
FAM26F	0	93	93	93
FAM46A	0	93	93	93
FAXC	0	93	93	93
FBXL4	0	93	93	93
FHL5	0	93	93	93
FIG4	0	93	93	93
FILIP1	0	93	93	93
FLJ34503	0	93	93	93
FOXO3	0	93	93	93
FRK	0	93	93	93
FUT9	0	93	93	93
FYN	0	93	93	93
GABRR1	0	93	93	93
GABRR2	0	93	93	93
GJA10	0	93	93	93
GJB7	0	93	93	93
GOPC	0	93	93	93
GPR6	0	93	93	93
GPR63	0	93	93	93
GPRC6A	0	93	93	93
GRIK2	0	93	93	93
GSTM2P1	0	93	93	93
GTF3C6	0	93	93	93
GUSBP4	0	93	93	93
HACE1	0	93	93	93
HDAC2	0	93	93	93
HMGN3	0	93	93	93
HMGN3-AS1	0	93	93	93
HS3ST5	0	93	93	93
HTR1B	0	93	93	93
HTR1E	0	93	93	93
IBTK	0	93	93	93
IMPG1	0	93	93	93
IRAK1BP1	0	93	93	93
KCNQ5	0	93	93	93
KCNQ5-AS1	0	93	93	93
KCNQ5-IT1	0	93	93	93
KHDC1	0	93	93	93
KHDC1L	0	93	93	93
KHDC3L	0	93	93	93
KHDRBS2	0	93	93	93
KLHL32	0	93	93	93
KPNA5	0	93	93	93
LACE1	0	93	93	93
LAMA4	0	93	93	93
LCA5	0	93	93	93
LCAL1	0	93	93	93
LIN28B	0	93	93	93
LIN28B-AS1	0	93	93	93
LINC00222	0	93	93	93
LINC00472	0	93	93	93
LINC00680	0	93	93	93
LINC00680-GUSBP4	0	93	93	93
LINC01268	0	93	93	93
LINC01526	0	93	93	93
LINC01590	0	93	93	93
LINC01611	0	93	93	93
LINC01621	0	93	93	93
LINC01626	0	93	93	93
LMBRD1	0	93	93	93
LOC100287632	0	93	93	93
LOC100506804	0	93	93	93
LOC100996634	0	93	93	93
LOC101927314	0	93	93	93
LOC101927365	0	93	93	93
LOC101927640	0	93	93	93
LOC101927686	0	93	93	93
LOC101927768	0	93	93	93
LOC101927919	0	93	93	93
LOC101928280	0	93	93	93
LOC101928307	0	93	93	93
LOC101928489	0	93	93	93
LOC101928516	0	93	93	93
LOC101928540	0	93	93	93
LOC101928820	0	93	93	93
LOC101928911	0	93	93	93
LOC101928936	0	93	93	93
LOC101929057	0	93	93	93
LOC102723883	0	93	93	93
LOC105377879	0	93	93	93
LOC105377924	0	93	93	93
LOC105377962	0	93	93	93
LOC105377967	0	93	93	93
LOC105377975	0	93	93	93
LOC285762	0	93	93	93
LOC441155	0	93	93	93
LYRM2	0	93	93	93
MAN1A1	0	93	93	93
MANEA	0	93	93	93
MANEA-AS1	0	93	93	93
MAP3K7	0	93	93	93
MARCKS	0	93	93	93
MB21D1	0	93	93	93
MCHR2	0	93	93	93
MCHR2-AS1	0	93	93	93
MCM9	0	93	93	93
MDN1	0	93	93	93
ME1	0	93	93	93
MEI4	0	93	93	93
METTL24	0	93	93	93
MFSD4B	0	93	93	93
MICAL1	0	93	93	93
MIR2113	0	93	93	93
MIR30A	0	93	93	93
MIR30C2	0	93	93	93
MIR3144	0	93	93	93
MIR4282	0	93	93	93
MIR4463	0	93	93	93
MIR4464	0	93	93	93
MIR4643	0	93	93	93
MIR548AI	0	93	93	93
MIR548B	0	93	93	93
MIR548U	0	93	93	93
MIR587	0	93	93	93
MMS22L	0	93	93	93
MRAP2	0	93	93	93
MTO1	0	93	93	93
MTRNR2L9	0	93	93	93
MYO6	0	93	93	93
NDUFAF4	0	93	93	93
NR2E1	0	93	93	93
NT5DC1	0	93	93	93
NT5E	0	93	93	93
NUS1	0	93	93	93
OGFRL1	0	93	93	93
OOEP	0	93	93	93
ORC3	0	93	93	93
OSTM1	0	93	93	93
PDSS2	0	93	93	93
PGM3	0	93	93	93
PHF3	0	93	93	93
PHIP	0	93	93	93
PLN	0	93	93	93
PM20D2	0	93	93	93
PNISR	0	93	93	93
PNRC1	0	93	93	93
POPDC3	0	93	93	93
POU3F2	0	93	93	93
PPIL6	0	93	93	93
PRDM1	0	93	93	93
PRDM13	0	93	93	93
PREP	0	93	93	93
PRIM2	0	93	93	93
PRSS35	0	93	93	93
QRSL1	0	93	93	93
RARS2	0	93	93	93
REV3L	0	93	93	93
RFPL4B	0	93	93	93
RFX6	0	93	93	93
RIMS1	0	93	93	93
RIPPLY2	0	93	93	93
RNGTT	0	93	93	93
ROS1	0	93	93	93
RPF2	0	93	93	93
RRAGD	0	93	93	93
RSPH4A	0	93	93	93
RTN4IP1	0	93	93	93
RWDD1	0	93	93	93
RWDD2A	0	93	93	93
SCML4	0	93	93	93
SDHAF4	0	93	93	93
SEC63	0	93	93	93
SENP6	0	93	93	93
SESN1	0	93	93	93
SH3BGRL2	0	93	93	93
SIM1	0	93	93	93
SLC16A10	0	93	93	93
SLC17A5	0	93	93	93
SLC22A16	0	93	93	93
SLC25A51P1	0	93	93	93
SLC35A1	0	93	93	93
SLC35F1	0	93	93	93
SMAP1	0	93	93	93
SMIM8	0	93	93	93
SMPD2	0	93	93	93
SNAP91	0	93	93	93
SNHG5	0	93	93	93
SNORD141A	0	93	93	93
SNORD50A	0	93	93	93
SNORD50B	0	93	93	93
SNX14	0	93	93	93
SNX3	0	93	93	93
SOBP	0	93	93	93
SPACA1	0	93	93	93
SRSF12	0	93	93	93
SYNCRIP	0	93	93	93
TBC1D32	0	93	93	93
TBX18	0	93	93	93
TBX18-AS1	0	93	93	93
TMEM30A	0	93	93	93
TPBG	0	93	93	93
TPI1P3	0	93	93	93
TRAF3IP2	0	93	93	93
TRAF3IP2-AS1	0	93	93	93
TRAPPC3L	0	93	93	93
TSG1	0	93	93	93
TSPYL1	0	93	93	93
TSPYL4	0	93	93	93
TSTD3	0	93	93	93
TTK	0	93	93	93
TUBE1	0	93	93	93
UBE2J1	0	93	93	93
UBE3D	0	93	93	93
UFL1	0	93	93	93
USP45	0	93	93	93
VGLL2	0	93	93	93
WASF1	0	93	93	93
WISP3	0	93	93	93
ZBTB24	0	93	93	93
ZNF292	0	93	93	93
ZUFSP	0	93	93	93
hsa-mir-2113	0	93	93	93
ARHGEF39	92	0	92	92
ARID3C	92	0	92	92
ATP8B5P	92	0	92	92
C9orf131	92	0	92	92
C9orf24	92	0	92	92
CA9	92	0	92	92
CCDC107	92	0	92	92
CCIN	92	0	92	92
CCL19	92	0	92	92
CCL21	92	0	92	92
CCL27	92	0	92	92
CD72	92	0	92	92
CLTA	92	0	92	92
CNTFR	92	0	92	92
CNTFR-AS1	92	0	92	92
CREB3	92	0	92	92
DCAF12	92	0	92	92
DCTN3	92	0	92	92
DNAI1	92	0	92	92
DNAJB5	92	0	92	92
DNAJB5-AS1	92	0	92	92
ENHO	92	0	92	92
FAM166B	92	0	92	92
FAM205A	92	0	92	92
FAM205BP	92	0	92	92
FAM205C	92	0	92	92
FAM214B	92	0	92	92
FAM219A	92	0	92	92
FAM221B	92	0	92	92
FANCG	92	0	92	92
GALT	92	0	92	92
GBA2	92	0	92	92
GLIPR2	92	0	92	92
GNE	92	0	92	92
HINT2	92	0	92	92
HRCT1	92	0	92	92
IL11RA	92	0	92	92
KIAA1161	92	0	92	92
KIF24	92	0	92	92
LINC00950	92	0	92	92
LINC00961	92	0	92	92
LOC101926948	92	0	92	92
LOC730098	92	0	92	92
MIR4667	92	0	92	92
MIR6852	92	0	92	92
MIR6853	92	0	92	92
MSMP	92	0	92	92
NPR2	92	0	92	92
NUDT2	92	0	92	92
OR13J1	92	0	92	92
OR2S2	92	0	92	92
PHF24	92	0	92	92
PIGO	92	0	92	92
RECK	92	0	92	92
RGP1	92	0	92	92
RMRP	92	0	92	92
RNF38	92	0	92	92
RPP25L	92	0	92	92
RUSC2	92	0	92	92
SIGMAR1	92	0	92	92
SIT1	92	0	92	92
SNORD121A	92	0	92	92
SNORD121B	92	0	92	92
SPAG8	92	0	92	92
STOML2	92	0	92	92
TESK1	92	0	92	92
TLN1	92	0	92	92
TMEM8B	92	0	92	92
TPM2	92	0	92	92
UBAP1	92	0	92	92
UBAP2	92	0	92	92
UBE2R2	92	0	92	92
UNC13B	92	0	92	92
VCP	92	0	92	92
COMTD1	89	0	89	89
DUSP13	89	0	89	89
LOC101929234	89	0	89	89
SAMD8	89	0	89	89
VDAC2	89	0	89	89
ZNF503	89	0	89	89
ZNF503-AS1	89	0	89	89
ZNF503-AS2	89	0	89	89
CCNYL1	85	0	85	85
FZD5	85	0	85	85
LOC102724714	85	0	85	85
METTL21A	85	0	85	85
MIR4775	85	0	85	85
PLEKHM3	85	0	85	85
A2M	0	83	83	83
A2M-AS1	0	83	83	83
A2ML1	0	83	83	83
A2MP1	0	83	83	83
ACSM4	0	83	83	83
AGAP1	0	83	83	83
AGAP1-IT1	0	83	83	83
AICDA	0	83	83	83
APOBEC1	0	83	83	83
APOLD1	0	83	83	83
ARHGDIB	0	83	83	83
ART4	0	83	83	83
ATF7IP	0	83	83	83
BCL2L14	0	83	83	83
BORCS5	0	83	83	83
C12orf60	0	83	83	83
C3AR1	0	83	83	83
CD163	0	83	83	83
CD163L1	0	83	83	83
CD69	0	83	83	83
CDKN1B	0	83	83	83
CLEC12A	0	83	83	83
CLEC12B	0	83	83	83
CLEC1A	0	83	83	83
CLEC1B	0	83	83	83
CLEC2A	0	83	83	83
CLEC2B	0	83	83	83
CLEC2D	0	83	83	83
CLEC4A	0	83	83	83
CLEC4C	0	83	83	83
CLEC4D	0	83	83	83
CLEC4E	0	83	83	83
CLEC6A	0	83	83	83
CLEC7A	0	83	83	83
CLEC9A	0	83	83	83
CLECL1	0	83	83	83
CREBL2	0	83	83	83
DDX12P	0	83	83	83
DDX47	0	83	83	83
DERA	0	83	83	83
DPPA3	0	83	83	83
DUSP16	0	83	83	83
EMP1	0	83	83	83
EPS8	0	83	83	83
ERP27	0	83	83	83
ETV6	0	83	83	83
FAM234B	0	83	83	83
FAM66C	0	83	83	83
FAM86FP	0	83	83	83
FAM90A1	0	83	83	83
FOXJ2	0	83	83	83
GABARAPL1	0	83	83	83
GBX2	0	83	83	83
GDF3	0	83	83	83
GPR19	0	83	83	83
GPRC5A	0	83	83	83
GPRC5D	0	83	83	83
GRIN2B	0	83	83	83
GSG1	0	83	83	83
GUCY2C	0	83	83	83
H2AFJ	0	83	83	83
HEBP1	0	83	83	83
HIST4H4	0	83	83	83
HTR7P1	0	83	83	83
KLRA1P	0	83	83	83
KLRB1	0	83	83	83
KLRC1	0	83	83	83
KLRC2	0	83	83	83
KLRC3	0	83	83	83
KLRC4	0	83	83	83
KLRC4-KLRK1	0	83	83	83
KLRD1	0	83	83	83
KLRF1	0	83	83	83
KLRF2	0	83	83	83
KLRG1	0	83	83	83
KLRK1	0	83	83	83
LINC00612	0	83	83	83
LINC00937	0	83	83	83
LINC00987	0	83	83	83
LINC01252	0	83	83	83
LINC01489	0	83	83	83
LINC01559	0	83	83	83
LMO3	0	83	83	83
LOC100506159	0	83	83	83
LOC100506314	0	83	83	83
LOC101927905	0	83	83	83
LOC101928030	0	83	83	83
LOC101928100	0	83	83	83
LOC101928162	0	83	83	83
LOC101930452	0	83	83	83
LOC102724020	0	83	83	83
LOC374443	0	83	83	83
LOC400002	0	83	83	83
LOC642846	0	83	83	83
LOH12CR2	0	83	83	83
LRP6	0	83	83	83
M6PR	0	83	83	83
MAGOHB	0	83	83	83
MANSC1	0	83	83	83
MFAP5	0	83	83	83
MGP	0	83	83	83
MGST1	0	83	83	83
MIR3974	0	83	83	83
MIR613	0	83	83	83
MIR614	0	83	83	83
NANOG	0	83	83	83
NANOGNB	0	83	83	83
NECAP1	0	83	83	83
OLR1	0	83	83	83
PDE6H	0	83	83	83
PEX5	0	83	83	83
PHC1	0	83	83	83
PLBD1	0	83	83	83
PLBD1-AS1	0	83	83	83
POU5F1P3	0	83	83	83
PRB1	0	83	83	83
PRB2	0	83	83	83
PRB3	0	83	83	83
PRB4	0	83	83	83
PRH1	0	83	83	83
PRH1-PRR4	0	83	83	83
PRH1-TAS2R14	0	83	83	83
PRH2	0	83	83	83
PRR4	0	83	83	83
PTPRO	0	83	83	83
PZP	0	83	83	83
RERG	0	83	83	83
RERG-AS1	0	83	83	83
RIMKLB	0	83	83	83
RPL13AP20	0	83	83	83
SKP1P2	0	83	83	83
SLC15A5	0	83	83	83
SLC2A14	0	83	83	83
SLC2A3	0	83	83	83
SMCO3	0	83	83	83
SMIM10L1	0	83	83	83
STRAP	0	83	83	83
STYK1	0	83	83	83
TAS2R10	0	83	83	83
TAS2R13	0	83	83	83
TAS2R14	0	83	83	83
TAS2R19	0	83	83	83
TAS2R20	0	83	83	83
TAS2R30	0	83	83	83
TAS2R31	0	83	83	83
TAS2R42	0	83	83	83
TAS2R43	0	83	83	83
TAS2R46	0	83	83	83
TAS2R50	0	83	83	83
TAS2R7	0	83	83	83
TAS2R8	0	83	83	83
TAS2R9	0	83	83	83
TMEM52B	0	83	83	83
WBP11	0	83	83	83
YBX3	0	83	83	83
ZNF705A	0	83	83	83
hsa-mir-1244-3	0	83	83	83
LINC00673	0	82	82	82
ADARB2	0	81	81	81
ADARB2-AS1	0	81	81	81
DIP2C	0	81	81	81
GTPBP4	0	81	81	81
IDI1	0	81	81	81
IDI2	0	81	81	81
IDI2-AS1	0	81	81	81
LARP4B	0	81	81	81
LINC00200	0	81	81	81
LOC101927762	0	81	81	81
LOC102723376	0	81	81	81
MIR5699	0	81	81	81
PRR26	0	81	81	81
TUBB8	0	81	81	81
WDR37	0	81	81	81
ZMYND11	0	81	81	81
ACMSD	0	73	73	73
ACVR2A	0	73	73	73
AMER3	0	73	73	73
AMMECR1L	0	73	73	73
ANKRD30BL	0	73	73	73
ARHGAP15	0	73	73	73
ARHGEF4	0	73	73	73
BIN1	0	73	73	73
C2orf27A	0	73	73	73
C2orf27B	0	73	73	73
CCDC115	0	73	73	73
CCDC74A	0	73	73	73
CCDC74B	0	73	73	73
CCNT2	0	73	73	73
CCNT2-AS1	0	73	73	73
CFC1	0	73	73	73
CFC1B	0	73	73	73
CNTNAP5	0	73	73	73
CXCR4	0	73	73	73
CYP27C1	0	73	73	73
CYP4F30P	0	73	73	73
CYP4F62P	0	73	73	73
DARS	0	73	73	73
DARS-AS1	0	73	73	73
EPC2	0	73	73	73
ERCC3	0	73	73	73
FAM168B	0	73	73	73
FAM201B	0	73	73	73
FAR2P1	0	73	73	73
FAR2P2	0	73	73	73
GPR148	0	73	73	73
GPR17	0	73	73	73
GPR39	0	73	73	73
GTDC1	0	73	73	73
GYPC	0	73	73	73
HNMT	0	73	73	73
HS6ST1	0	73	73	73
IMP4	0	73	73	73
IWS1	0	73	73	73
KIF5C	0	73	73	73
KYNU	0	73	73	73
LCT	0	73	73	73
LIMS2	0	73	73	73
LINC01087	0	73	73	73
LINC01120	0	73	73	73
LINC01412	0	73	73	73
LOC100507600	0	73	73	73
LOC101927881	0	73	73	73
LOC101927924	0	73	73	73
LOC101928161	0	73	73	73
LOC101928185	0	73	73	73
LOC101928273	0	73	73	73
LOC101928386	0	73	73	73
LOC101929231	0	73	73	73
LOC101929260	0	73	73	73
LOC101929282	0	73	73	73
LOC101929319	0	73	73	73
LOC101929926	0	73	73	73
LOC105373609	0	73	73	73
LOC105373635	0	73	73	73
LOC105373656	0	73	73	73
LOC150776	0	73	73	73
LOC151121	0	73	73	73
LOC389033	0	73	73	73
LOC440910	0	73	73	73
LOC646743	0	73	73	73
LRP1B	0	73	73	73
LYPD1	0	73	73	73
LYPD6	0	73	73	73
LYPD6B	0	73	73	73
MAP3K19	0	73	73	73
MAP3K2	0	73	73	73
MBD5	0	73	73	73
MCM6	0	73	73	73
MED15P9	0	73	73	73
MGAT5	0	73	73	73
MIR128-1	0	73	73	73
MIR3679	0	73	73	73
MIR4773-1	0	73	73	73
MIR4783	0	73	73	73
MIR4784	0	73	73	73
MIR5590	0	73	73	73
MIR663B	0	73	73	73
MIR7157	0	73	73	73
MMADHC	0	73	73	73
MYO7B	0	73	73	73
MZT2A	0	73	73	73
MZT2B	0	73	73	73
NCKAP5	0	73	73	73
NMI	0	73	73	73
NOC2LP2	0	73	73	73
NXPH2	0	73	73	73
ORC4	0	73	73	73
PABPC1P2	0	73	73	73
PLEKHB2	0	73	73	73
POLR2D	0	73	73	73
POTEE	0	73	73	73
POTEF	0	73	73	73
POTEI	0	73	73	73
POTEJ	0	73	73	73
POTEKP	0	73	73	73
PROC	0	73	73	73
PTPN18	0	73	73	73
R3HDM1	0	73	73	73
RAB3GAP1	0	73	73	73
RAB6C	0	73	73	73
RAB6C-AS1	0	73	73	73
RBM43	0	73	73	73
RIF1	0	73	73	73
RND3	0	73	73	73
SAP130	0	73	73	73
SFT2D3	0	73	73	73
SMPD4	0	73	73	73
SPOPL	0	73	73	73
TEX41	0	73	73	73
THSD7B	0	73	73	73
TISP43	0	73	73	73
TMEM163	0	73	73	73
TNFAIP6	0	73	73	73
TUBA3D	0	73	73	73
TUBA3E	0	73	73	73
UBXN4	0	73	73	73
UGGT1	0	73	73	73
WDR33	0	73	73	73
WTH3DI	0	73	73	73
YY1P2	0	73	73	73
ZEB2	0	73	73	73
ZEB2-AS1	0	73	73	73
ZNF806	0	73	73	73
ZRANB3	0	73	73	73
APLNR	0	70	70	70
BTBD18	0	70	70	70
C11orf31	0	70	70	70
CCDC86	0	70	70	70
CLP1	0	70	70	70
CNTF	0	70	70	70
CTNND1	0	70	70	70
DTX4	0	70	70	70
FAM111A	0	70	70	70
FAM111B	0	70	70	70
GIF	0	70	70	70
GLYAT	0	70	70	70
GLYATL1	0	70	70	70
GLYATL2	0	70	70	70
LINC00301	0	70	70	70
LOC101927120	0	70	70	70
LOC101927204	0	70	70	70
LOC283194	0	70	70	70
LOC441601	0	70	70	70
LOC646813	0	70	70	70
LPXN	0	70	70	70
LRRC55	0	70	70	70
MED19	0	70	70	70
MIR130A	0	70	70	70
MIR3162	0	70	70	70
MIR6128	0	70	70	70
MIR6503	0	70	70	70
MPEG1	0	70	70	70
MRPL16	0	70	70	70
MS4A1	0	70	70	70
MS4A10	0	70	70	70
MS4A12	0	70	70	70
MS4A13	0	70	70	70
MS4A14	0	70	70	70
MS4A15	0	70	70	70
MS4A18	0	70	70	70
MS4A2	0	70	70	70
MS4A3	0	70	70	70
MS4A4A	0	70	70	70
MS4A5	0	70	70	70
MS4A6A	0	70	70	70
MS4A6E	0	70	70	70
MS4A7	0	70	70	70
MS4A8	0	70	70	70
OOSP1	0	70	70	70
OOSP2	0	70	70	70
OR10AG1	0	70	70	70
OR10Q1	0	70	70	70
OR10V1	0	70	70	70
OR10V2P	0	70	70	70
OR10W1	0	70	70	70
OR1S1	0	70	70	70
OR1S2	0	70	70	70
OR4A15	0	70	70	70
OR4A16	0	70	70	70
OR4A5	0	70	70	70
OR4C11	0	70	70	70
OR4C15	0	70	70	70
OR4C16	0	70	70	70
OR4C45	0	70	70	70
OR4C46	0	70	70	70
OR4C6	0	70	70	70
OR4D10	0	70	70	70
OR4D11	0	70	70	70
OR4D6	0	70	70	70
OR4D9	0	70	70	70
OR4P4	0	70	70	70
OR4S2	0	70	70	70
OR5A1	0	70	70	70
OR5A2	0	70	70	70
OR5AK2	0	70	70	70
OR5AK4P	0	70	70	70
OR5AN1	0	70	70	70
OR5AP2	0	70	70	70
OR5AR1	0	70	70	70
OR5AS1	0	70	70	70
OR5B12	0	70	70	70
OR5B17	0	70	70	70
OR5B2	0	70	70	70
OR5B21	0	70	70	70
OR5B3	0	70	70	70
OR5D13	0	70	70	70
OR5D14	0	70	70	70
OR5D16	0	70	70	70
OR5D18	0	70	70	70
OR5F1	0	70	70	70
OR5I1	0	70	70	70
OR5J2	0	70	70	70
OR5L1	0	70	70	70
OR5L2	0	70	70	70
OR5M1	0	70	70	70
OR5M10	0	70	70	70
OR5M11	0	70	70	70
OR5M3	0	70	70	70
OR5M8	0	70	70	70
OR5M9	0	70	70	70
OR5R1	0	70	70	70
OR5T1	0	70	70	70
OR5T2	0	70	70	70
OR5T3	0	70	70	70
OR5W2	0	70	70	70
OR6Q1	0	70	70	70
OR7E5P	0	70	70	70
OR8H1	0	70	70	70
OR8H2	0	70	70	70
OR8H3	0	70	70	70
OR8I2	0	70	70	70
OR8J1	0	70	70	70
OR8J3	0	70	70	70
OR8K1	0	70	70	70
OR8K3	0	70	70	70
OR8K5	0	70	70	70
OR8U1	0	70	70	70
OR8U8	0	70	70	70
OR9G1	0	70	70	70
OR9G4	0	70	70	70
OR9I1	0	70	70	70
OR9Q1	0	70	70	70
OR9Q2	0	70	70	70
OSBP	0	70	70	70
P2RX3	0	70	70	70
PATL1	0	70	70	70
PRG2	0	70	70	70
PRG3	0	70	70	70
PRPF19	0	70	70	70
PTGDR2	0	70	70	70
RTN4RL2	0	70	70	70
SERPING1	0	70	70	70
SLC15A3	0	70	70	70
SLC43A1	0	70	70	70
SLC43A3	0	70	70	70
SMTNL1	0	70	70	70
SSRP1	0	70	70	70
STX3	0	70	70	70
TCN1	0	70	70	70
TIMM10	0	70	70	70
TMEM109	0	70	70	70
TMEM132A	0	70	70	70
TMX2	0	70	70	70
TMX2-CTNND1	0	70	70	70
TNKS1BP1	0	70	70	70
TRIM48	0	70	70	70
TRIM51	0	70	70	70
TRIM51HP	0	70	70	70
UBE2L6	0	70	70	70
YPEL4	0	70	70	70
ZDHHC5	0	70	70	70
ZFP91	0	70	70	70
ZFP91-CNTF	0	70	70	70
ZP1	0	70	70	70
C1orf127	69	0	69	69
CASZ1	69	0	69	69
PEX14	69	0	69	69
LRRN3	0	67	67	67
ANKRD20A9P	0	63	63	63
ANKRD26P3	0	63	63	63
BASP1P1	0	63	63	63
CRYL1	0	63	63	63
EEF1AKMT1	0	63	63	63
FAM230C	0	63	63	63
FGF9	0	63	63	63
GJA3	0	63	63	63
GJB2	0	63	63	63
GJB6	0	63	63	63
IFT88	0	63	63	63
IL17D	0	63	63	63
LATS2	0	63	63	63
LINC00350	0	63	63	63
LINC00367	0	63	63	63
LINC00408	0	63	63	63
LINC00417	0	63	63	63
LINC00421	0	63	63	63
LINC00424	0	63	63	63
LINC00442	0	63	63	63
LINC00539	0	63	63	63
LINC00540	0	63	63	63
LINC00621	0	63	63	63
LINC01046	0	63	63	63
LINC01072	0	63	63	63
LOC101928697	0	63	63	63
MICU2	0	63	63	63
MIPEPP3	0	63	63	63
MIR4499	0	63	63	63
MPHOSPH8	0	63	63	63
MRPL57	0	63	63	63
PSPC1	0	63	63	63
SAP18	0	63	63	63
SKA3	0	63	63	63
TPTE2	0	63	63	63
TUBA3C	0	63	63	63
XPO4	0	63	63	63
ZDHHC20	0	63	63	63
ZMYM2	0	63	63	63
ZMYM5	0	63	63	63
ARL13B	0	62	62	62
C3orf38	0	62	62	62
CADM2	0	62	62	62
CADM2-AS2	0	62	62	62
CGGBP1	0	62	62	62
CHMP2B	0	62	62	62
DHFR2	0	62	62	62
EPHA3	0	62	62	62
HTR1F	0	62	62	62
LINC00506	0	62	62	62
LINC00971	0	62	62	62
LOC101927494	0	62	62	62
MIR4795	0	62	62	62
MIR5688	0	62	62	62
NSUN3	0	62	62	62
POU1F1	0	62	62	62
PROS1	0	62	62	62
SNORA95	0	62	62	62
STX19	0	62	62	62
VGLL3	0	62	62	62
ZNF654	0	62	62	62
CD274	61	0	61	61
EIF4E3	61	0	61	61
FOXP1	61	0	61	61
FOXP1-AS1	61	0	61	61
GPR27	61	0	61	61
INSL4	61	0	61	61
INSL6	61	0	61	61
JAK2	61	0	61	61
LINC00870	61	0	61	61
LINC00877	61	0	61	61
MIR101-2	61	0	61	61
MIR1284	61	0	61	61
PDCD1LG2	61	0	61	61
PLGRKT	61	0	61	61
PROK2	61	0	61	61
RCL1	61	0	61	61
RIC1	61	0	61	61
RLN1	61	0	61	61
RLN2	61	0	61	61
ITGAV	0	60	60	60
AAAS	0	59	59	59
ABCD2	0	59	59	59
ACVR1B	0	59	59	59
ACVRL1	0	59	59	59
ADAMTS20	0	59	59	59
ADCY6	0	59	59	59
ALG10	0	59	59	59
ALG10B	0	59	59	59
AMHR2	0	59	59	59
AMIGO2	0	59	59	59
ANKRD33	0	59	59	59
ANO6	0	59	59	59
ANP32D	0	59	59	59
AQP2	0	59	59	59
AQP5	0	59	59	59
AQP6	0	59	59	59
ARF3	0	59	59	59
ARID2	0	59	59	59
ASB8	0	59	59	59
ASIC1	0	59	59	59
ATF1	0	59	59	59
ATF7	0	59	59	59
ATG101	0	59	59	59
ATP5G2	0	59	59	59
BCDIN3D	0	59	59	59
BCDIN3D-AS1	0	59	59	59
BIN2	0	59	59	59
C12orf10	0	59	59	59
C12orf40	0	59	59	59
C12orf54	0	59	59	59
C12orf80	0	59	59	59
C1QL4	0	59	59	59
CACNB3	0	59	59	59
CALCOCO1	0	59	59	59
CCDC184	0	59	59	59
CCDC65	0	59	59	59
CCNT1	0	59	59	59
CELA1	0	59	59	59
CERS5	0	59	59	59
CISTR	0	59	59	59
CNTN1	0	59	59	59
COL2A1	0	59	59	59
COX14	0	59	59	59
CPNE8	0	59	59	59
CSAD	0	59	59	59
CSRNP2	0	59	59	59
DAZAP2	0	59	59	59
DBX2	0	59	59	59
DDN	0	59	59	59
DDX23	0	59	59	59
DHH	0	59	59	59
DIP2B	0	59	59	59
DNAJC22	0	59	59	59
EIF4B	0	59	59	59
ENDOU	0	59	59	59
ESPL1	0	59	59	59
FAIM2	0	59	59	59
FAM186A	0	59	59	59
FAM186B	0	59	59	59
FIGNL2	0	59	59	59
FKBP11	0	59	59	59
FLJ12825	0	59	59	59
FMNL3	0	59	59	59
GALNT6	0	59	59	59
GPD1	0	59	59	59
GRASP	0	59	59	59
GXYLT1	0	59	59	59
H1FNT	0	59	59	59
HDAC7	0	59	59	59
HIGD1C	0	59	59	59
HOTAIR	0	59	59	59
HOXC-AS1	0	59	59	59
HOXC-AS2	0	59	59	59
HOXC-AS3	0	59	59	59
HOXC10	0	59	59	59
HOXC11	0	59	59	59
HOXC12	0	59	59	59
HOXC13	0	59	59	59
HOXC13-AS	0	59	59	59
HOXC4	0	59	59	59
HOXC5	0	59	59	59
HOXC6	0	59	59	59
HOXC8	0	59	59	59
HOXC9	0	59	59	59
IGFBP6	0	59	59	59
IRAK4	0	59	59	59
ITGB7	0	59	59	59
KANSL2	0	59	59	59
KCNH3	0	59	59	59
KIF21A	0	59	59	59
KMT2D	0	59	59	59
KRT1	0	59	59	59
KRT18	0	59	59	59
KRT2	0	59	59	59
KRT3	0	59	59	59
KRT4	0	59	59	59
KRT5	0	59	59	59
KRT6A	0	59	59	59
KRT6B	0	59	59	59
KRT6C	0	59	59	59
KRT7	0	59	59	59
KRT71	0	59	59	59
KRT72	0	59	59	59
KRT73	0	59	59	59
KRT73-AS1	0	59	59	59
KRT74	0	59	59	59
KRT75	0	59	59	59
KRT76	0	59	59	59
KRT77	0	59	59	59
KRT78	0	59	59	59
KRT79	0	59	59	59
KRT8	0	59	59	59
KRT80	0	59	59	59
KRT81	0	59	59	59
KRT82	0	59	59	59
KRT83	0	59	59	59
KRT84	0	59	59	59
KRT85	0	59	59	59
KRT86	0	59	59	59
LALBA	0	59	59	59
LARP4	0	59	59	59
LETMD1	0	59	59	59
LIMA1	0	59	59	59
LINC00592	0	59	59	59
LINC00935	0	59	59	59
LINC00938	0	59	59	59
LMBR1L	0	59	59	59
LOC100240734	0	59	59	59
LOC100240735	0	59	59	59
LOC100288798	0	59	59	59
LOC100335030	0	59	59	59
LOC100506125	0	59	59	59
LOC100652999	0	59	59	59
LOC101927038	0	59	59	59
LOC101927058	0	59	59	59
LOC101927267	0	59	59	59
LOC101927292	0	59	59	59
LOC101927318	0	59	59	59
LOC105369738	0	59	59	59
LOC105369739	0	59	59	59
LOC105369747	0	59	59	59
LOC105369971	0	59	59	59
LOC283332	0	59	59	59
LOC283335	0	59	59	59
LRRK2	0	59	59	59
MAP3K12	0	59	59	59
MCRS1	0	59	59	59
METTL7A	0	59	59	59
MFSD5	0	59	59	59
MIR1291	0	59	59	59
MIR1293	0	59	59	59
MIR196A2	0	59	59	59
MIR4494	0	59	59	59
MIR4698	0	59	59	59
MIR4701	0	59	59	59
MIR615	0	59	59	59
MIR6505	0	59	59	59
MIR6757	0	59	59	59
MIR7851	0	59	59	59
MUC19	0	59	59	59
NCKAP5L	0	59	59	59
NELL2	0	59	59	59
NPFF	0	59	59	59
NR4A1	0	59	59	59
OR10AD1	0	59	59	59
OR7E47P	0	59	59	59
OR8S1	0	59	59	59
PCBP2	0	59	59	59
PCBP2-OT1	0	59	59	59
PCED1B	0	59	59	59
PCED1B-AS1	0	59	59	59
PDZRN4	0	59	59	59
PFDN5	0	59	59	59
PFKM	0	59	59	59
PLEKHA8P1	0	59	59	59
POU6F1	0	59	59	59
PPHLN1	0	59	59	59
PRICKLE1	0	59	59	59
PRKAG1	0	59	59	59
PRPF40B	0	59	59	59
PRPH	0	59	59	59
PRR13	0	59	59	59
PUS7L	0	59	59	59
RACGAP1	0	59	59	59
RACGAP1P	0	59	59	59
RAPGEF3	0	59	59	59
RARG	0	59	59	59
RHEBL1	0	59	59	59
RND1	0	59	59	59
RPAP3	0	59	59	59
SCAF11	0	59	59	59
SCN8A	0	59	59	59
SENP1	0	59	59	59
SLC11A2	0	59	59	59
SLC2A13	0	59	59	59
SLC38A1	0	59	59	59
SLC38A2	0	59	59	59
SLC38A4	0	59	59	59
SLC48A1	0	59	59	59
SLC4A8	0	59	59	59
SMAGP	0	59	59	59
SMARCD1	0	59	59	59
SNORA2A	0	59	59	59
SNORA2B	0	59	59	59
SNORA2C	0	59	59	59
SNORD133	0	59	59	59
SOAT2	0	59	59	59
SP1	0	59	59	59
SP7	0	59	59	59
SPATS2	0	59	59	59
SPRYD3	0	59	59	59
SYT10	0	59	59	59
TARBP2	0	59	59	59
TFCP2	0	59	59	59
TMBIM6	0	59	59	59
TMEM106C	0	59	59	59
TMEM117	0	59	59	59
TMPRSS12	0	59	59	59
TNS2	0	59	59	59
TROAP	0	59	59	59
TUBA1A	0	59	59	59
TUBA1B	0	59	59	59
TUBA1C	0	59	59	59
TWF1	0	59	59	59
VDR	0	59	59	59
WNT1	0	59	59	59
WNT10B	0	59	59	59
YAF2	0	59	59	59
ZCRB1	0	59	59	59
ZNF641	0	59	59	59
ZNF740	0	59	59	59
ARF6	57	0	57	57
LINC01588	57	0	57	57
LINC01599	57	0	57	57
MIR6076	57	0	57	57
NEMF	57	0	57	57
RN7SL2	57	0	57	57
SOS2	57	0	57	57
VCPKMT	57	0	57	57
PARD3B	0	54	54	54
MIR4789	0	52	52	52
NAALADL2-AS1	0	52	52	52
NAALADL2-AS2	0	52	52	52
NAALADL2-AS3	0	52	52	52
ABCG5	0	43	43	43
ABCG8	0	43	43	43
ABHD1	0	43	43	43
ACP1	0	43	43	43
ADAM17	0	43	43	43
ADCY3	0	43	43	43
ADGRF3	0	43	43	43
ADI1	0	43	43	43
AGBL5	0	43	43	43
AGBL5-AS1	0	43	43	43
ALK	0	43	43	43
ALLC	0	43	43	43
APOB	0	43	43	43
ARHGEF33	0	43	43	43
ASAP2	0	43	43	43
ASXL2	0	43	43	43
ATAD2B	0	43	43	43
ATL2	0	43	43	43
ATP6V1C2	0	43	43	43
ATRAID	0	43	43	43
BIRC6	0	43	43	43
BIRC6-AS2	0	43	43	43
BRE	0	43	43	43
BRE-AS1	0	43	43	43
C1GALT1C1L	0	43	43	43
C2orf16	0	43	43	43
C2orf48	0	43	43	43
C2orf50	0	43	43	43
C2orf70	0	43	43	43
C2orf71	0	43	43	43
C2orf91	0	43	43	43
CAD	0	43	43	43
CAMKMT	0	43	43	43
CAPN13	0	43	43	43
CAPN14	0	43	43	43
CCDC121	0	43	43	43
CDC42EP3	0	43	43	43
CDKL4	0	43	43	43
CEBPZ	0	43	43	43
CEBPZOS	0	43	43	43
CENPA	0	43	43	43
CENPO	0	43	43	43
CGREF1	0	43	43	43
CIB4	0	43	43	43
CLIP4	0	43	43	43
CMPK2	0	43	43	43
COLEC11	0	43	43	43
COX7A2L	0	43	43	43
CPSF3	0	43	43	43
CRIM1	0	43	43	43
CYP1B1	0	43	43	43
CYP1B1-AS1	0	43	43	43
CYS1	0	43	43	43
DCDC2C	0	43	43	43
DDX1	0	43	43	43
DHX57	0	43	43	43
DNAJC27	0	43	43	43
DNAJC27-AS1	0	43	43	43
DNAJC5G	0	43	43	43
DNMT3A	0	43	43	43
DPY30	0	43	43	43
DPYSL5	0	43	43	43
DRC1	0	43	43	43
DTNB	0	43	43	43
DYNC2LI1	0	43	43	43
E2F6	0	43	43	43
EFR3B	0	43	43	43
EHD3	0	43	43	43
EIF2AK2	0	43	43	43
EIF2B4	0	43	43	43
EMILIN1	0	43	43	43
EML4	0	43	43	43
EPT1	0	43	43	43
FAM110C	0	43	43	43
FAM150B	0	43	43	43
FAM179A	0	43	43	43
FAM228A	0	43	43	43
FAM228B	0	43	43	43
FAM49A	0	43	43	43
FAM84A	0	43	43	43
FAM98A	0	43	43	43
FEZ2	0	43	43	43
FKBP1B	0	43	43	43
FLJ31356	0	43	43	43
FLJ33534	0	43	43	43
FNDC4	0	43	43	43
FOSL2	0	43	43	43
FTH1P3	0	43	43	43
GACAT3	0	43	43	43
GALM	0	43	43	43
GALNT14	0	43	43	43
GAREM2	0	43	43	43
GCKR	0	43	43	43
GDF7	0	43	43	43
GEMIN6	0	43	43	43
GEN1	0	43	43	43
GPATCH11	0	43	43	43
GPN1	0	43	43	43
GREB1	0	43	43	43
GRHL1	0	43	43	43
GTF3C2	0	43	43	43
GTF3C2-AS1	0	43	43	43
HAAO	0	43	43	43
HADHA	0	43	43	43
HADHB	0	43	43	43
HEATR5B	0	43	43	43
HNRNPLL	0	43	43	43
HPCAL1	0	43	43	43
HS1BP3	0	43	43	43
HS1BP3-IT1	0	43	43	43
IAH1	0	43	43	43
ID2	0	43	43	43
ID2-AS1	0	43	43	43
IFT172	0	43	43	43
ITGB1BP1	0	43	43	43
ITSN2	0	43	43	43
KCNF1	0	43	43	43
KCNG3	0	43	43	43
KCNK3	0	43	43	43
KCNS3	0	43	43	43
KHK	0	43	43	43
KIDINS220	0	43	43	43
KIF3C	0	43	43	43
KLF11	0	43	43	43
KLHL29	0	43	43	43
KRTCAP3	0	43	43	43
LAPTM4A	0	43	43	43
LBH	0	43	43	43
LCLAT1	0	43	43	43
LDAH	0	43	43	43
LINC00211	0	43	43	43
LINC00276	0	43	43	43
LINC00298	0	43	43	43
LINC00299	0	43	43	43
LINC00486	0	43	43	43
LINC00487	0	43	43	43
LINC00570	0	43	43	43
LINC00954	0	43	43	43
LINC01105	0	43	43	43
LINC01115	0	43	43	43
LINC01126	0	43	43	43
LINC01246	0	43	43	43
LINC01247	0	43	43	43
LINC01248	0	43	43	43
LINC01249	0	43	43	43
LINC01250	0	43	43	43
LINC01304	0	43	43	43
LINC01317	0	43	43	43
LINC01318	0	43	43	43
LINC01320	0	43	43	43
LINC01376	0	43	43	43
LINC01381	0	43	43	43
LINC01460	0	43	43	43
LOC100271832	0	43	43	43
LOC100288911	0	43	43	43
LOC100505716	0	43	43	43
LOC100505736	0	43	43	43
LOC100506274	0	43	43	43
LOC100506474	0	43	43	43
LOC101060385	0	43	43	43
LOC101060391	0	43	43	43
LOC101926966	0	43	43	43
LOC101928222	0	43	43	43
LOC101929452	0	43	43	43
LOC101929551	0	43	43	43
LOC101929567	0	43	43	43
LOC101929596	0	43	43	43
LOC101929715	0	43	43	43
LOC101929723	0	43	43	43
LOC101929733	0	43	43	43
LOC101929882	0	43	43	43
LOC102723362	0	43	43	43
LOC102723824	0	43	43	43
LOC102723854	0	43	43	43
LOC105373352	0	43	43	43
LOC105373394	0	43	43	43
LOC105374389	0	43	43	43
LOC285043	0	43	43	43
LOC375196	0	43	43	43
LOC388942	0	43	43	43
LOC400940	0	43	43	43
LOC613266	0	43	43	43
LOC645949	0	43	43	43
LOC653602	0	43	43	43
LOC728730	0	43	43	43
LPIN1	0	43	43	43
LRPPRC	0	43	43	43
LTBP1	0	43	43	43
MACROD2	0	43	43	43
MACROD2-AS1	0	43	43	43
MACROD2-IT1	0	43	43	43
MAP4K3	0	43	43	43
MAPRE3	0	43	43	43
MATN3	0	43	43	43
MBOAT2	0	43	43	43
MEMO1	0	43	43	43
MFSD2B	0	43	43	43
MIR1301	0	43	43	43
MIR3125	0	43	43	43
MIR3681	0	43	43	43
MIR3681HG	0	43	43	43
MIR4261	0	43	43	43
MIR4262	0	43	43	43
MIR4263	0	43	43	43
MIR4429	0	43	43	43
MIR4430	0	43	43	43
MIR4757	0	43	43	43
MIR4765	0	43	43	43
MIR548AD	0	43	43	43
MIR548S	0	43	43	43
MIR558	0	43	43	43
MIR7158	0	43	43	43
MIR7515	0	43	43	43
MIR7515HG	0	43	43	43
MORN2	0	43	43	43
MPV17	0	43	43	43
MRPL33	0	43	43	43
MSGN1	0	43	43	43
MTA3	0	43	43	43
MYADML	0	43	43	43
MYCN	0	43	43	43
MYCNOS	0	43	43	43
MYCNUT	0	43	43	43
MYT1L	0	43	43	43
MYT1L-AS1	0	43	43	43
NBAS	0	43	43	43
NCOA1	0	43	43	43
NDUFAF7	0	43	43	43
NLRC4	0	43	43	43
NOL10	0	43	43	43
NRBP1	0	43	43	43
NRIR	0	43	43	43
NT5C1B	0	43	43	43
NT5C1B-RDH14	0	43	43	43
NTSR2	0	43	43	43
ODC1	0	43	43	43
OSR1	0	43	43	43
OST4	0	43	43	43
OTOF	0	43	43	43
OXER1	0	43	43	43
PDIA6	0	43	43	43
PFN4	0	43	43	43
PKDCC	0	43	43	43
PLB1	0	43	43	43
PLEKHH2	0	43	43	43
POMC	0	43	43	43
PPM1B	0	43	43	43
PPM1G	0	43	43	43
PPP1CB	0	43	43	43
PQLC3	0	43	43	43
PREB	0	43	43	43
PREPL	0	43	43	43
PRKD3	0	43	43	43
PRR30	0	43	43	43
PTRHD1	0	43	43	43
PXDN	0	43	43	43
QPCT	0	43	43	43
RAB10	0	43	43	43
RAD51AP2	0	43	43	43
RASGRP3	0	43	43	43
RBKS	0	43	43	43
RDH14	0	43	43	43
RHOB	0	43	43	43
RMDN2	0	43	43	43
RMDN2-AS1	0	43	43	43
RNASEH1	0	43	43	43
RNASEH1-AS1	0	43	43	43
RNF144A	0	43	43	43
RNF144A-AS1	0	43	43	43
ROCK2	0	43	43	43
RPS7	0	43	43	43
RRM2	0	43	43	43
RSAD2	0	43	43	43
SF3B6	0	43	43	43
SH3YL1	0	43	43	43
SIX2	0	43	43	43
SIX3	0	43	43	43
SIX3-AS1	0	43	43	43
SLC30A3	0	43	43	43
SLC30A6	0	43	43	43
SLC35F6	0	43	43	43
SLC3A1	0	43	43	43
SLC4A1AP	0	43	43	43
SLC5A6	0	43	43	43
SLC8A1	0	43	43	43
SLC8A1-AS1	0	43	43	43
SMC6	0	43	43	43
SNORA80B	0	43	43	43
SNORD53	0	43	43	43
SNORD92	0	43	43	43
SNTG2	0	43	43	43
SNX17	0	43	43	43
SOS1	0	43	43	43
SOX11	0	43	43	43
SPAST	0	43	43	43
SPDYA	0	43	43	43
SRD5A2	0	43	43	43
SRSF7	0	43	43	43
STRN	0	43	43	43
SULT6B1	0	43	43	43
SUPT7L	0	43	43	43
TAF1B	0	43	43	43
TCF23	0	43	43	43
TDRD15	0	43	43	43
THADA	0	43	43	43
THUMPD2	0	43	43	43
TMEM178A	0	43	43	43
TMEM18	0	43	43	43
TMEM214	0	43	43	43
TP53I3	0	43	43	43
TPO	0	43	43	43
TRAPPC12	0	43	43	43
TRIB2	0	43	43	43
TRIM54	0	43	43	43
TRMT61B	0	43	43	43
TSSC1	0	43	43	43
TTC27	0	43	43	43
TTC32	0	43	43	43
UBXN2A	0	43	43	43
UCN	0	43	43	43
VIT	0	43	43	43
VSNL1	0	43	43	43
WDCP	0	43	43	43
WDR35	0	43	43	43
WDR43	0	43	43	43
XDH	0	43	43	43
YIPF4	0	43	43	43
YPEL5	0	43	43	43
YWHAQ	0	43	43	43
ZFP36L2	0	43	43	43
ZNF512	0	43	43	43
ZNF513	0	43	43	43
KIF26B	0	33	33	33
CNST	0	32	32	32
LINC01341	0	32	32	32
LOC255654	0	32	32	32
SCCPDH	0	32	32	32
SMYD3	0	32	32	32
TFB2M	0	32	32	32
