Hugo_Symbol	Amp	Del	total	AlteredSamples
MIR1268A	0	272	272	175
ARHGEF2	270	0	270	270
KIAA0907	270	0	270	270
MIR6738	270	0	270	270
RIT1	270	0	270	270
RXFP4	270	0	270	270
SCARNA4	270	0	270	270
SNORA80E	270	0	270	270
SSR2	270	0	270	270
SYT11	270	0	270	270
UBQLN4	270	0	270	270
GBAT2	260	0	260	260
LOC100507670	260	0	260	260
PI4KB	260	0	260	260
PIP5K1A	260	0	260	260
PSMD4	260	0	260	260
RFX5	260	0	260	260
ZNF687	260	0	260	260
MIR1302-10	38	215	253	173
MIR1302-11	38	215	253	173
MIR1302-2	38	215	253	173
MIR1302-9	38	215	253	173
COA6	224	0	224	224
IRF2BP2	224	0	224	224
LINC00184	224	0	224	224
LINC01132	224	0	224	224
LINC01348	224	0	224	224
LINC01354	224	0	224	224
LOC101927787	224	0	224	224
LOC101927851	224	0	224	224
TARBP1	224	0	224	224
FAM138A	0	215	215	168
FAM138C	0	215	215	168
LINC00824	215	0	215	215
RNU6-1	0	215	215	168
RNU6-2	0	215	215	168
RNU6-7	0	215	215	168
CASC11	210	0	210	210
MYC	210	0	210	210
C8orf86	123	72	195	195
FGFR1	123	72	195	195
PLEKHA2	123	72	195	195
RNF5P1	123	72	195	195
TACC1	123	72	195	195
MRPL15	194	0	194	194
RNU105C	194	0	194	194
SOX17	194	0	194	194
MIR6859-1	38	155	193	142
MIR6859-2	38	155	193	142
MIR6859-3	38	155	193	142
LOC100507661	186	0	186	186
ACTRT3	170	0	170	170
FBXW5	40	130	170	156
MECOM	170	0	170	170
MYNN	170	0	170	170
TERC	170	0	170	170
TRAF2	40	130	170	156
WWOX	0	167	167	167
CABLES2	160	0	160	160
LAMA5	160	0	160	160
LAMA5-AS1	160	0	160	160
RBBP8NL	160	0	160	160
RPS21	160	0	160	160
ABR	39	120	159	157
ANK1	159	0	159	159
BHLHA9	39	120	159	157
C17orf97	39	120	159	157
DBIL5P	39	120	159	157
DOC2B	39	120	159	157
FAM57A	39	120	159	157
GEMIN4	39	120	159	157
GLOD4	39	120	159	157
KAT6A	159	0	159	159
LOC100506371	39	120	159	157
LOC100506388	39	120	159	157
LOC101927727	39	120	159	157
LOC105371430	39	120	159	157
LOC105379393	159	0	159	159
MIR3183	39	120	159	157
MRM3	39	120	159	157
NXN	39	120	159	157
RFLNB	39	120	159	157
RPH3AL	39	120	159	157
SCGB1C2	39	120	159	157
TIMM22	39	120	159	157
VPS53	39	120	159	157
LOC100131496	157	0	157	157
LOC101927377	157	0	157	157
ZMYND8	157	0	157	157
APBA3	0	154	154	154
ATCAY	0	154	154	154
C19orf71	0	154	154	154
CACTIN	0	154	154	154
CACTIN-AS1	0	154	154	154
DAPK3	0	154	154	154
DOHH	0	154	154	154
EEF2	0	154	154	154
FZR1	0	154	154	154
GIPC3	0	154	154	154
HMG20B	0	154	154	154
MAP2K2	0	154	154	154
MATK	0	154	154	154
MFSD12	0	154	154	154
MIR637	0	154	154	154
MRPL54	0	154	154	154
NMRK2	0	154	154	154
PIAS4	0	154	154	154
PIP5K1C	0	154	154	154
RAX2	0	154	154	154
SMIM24	0	154	154	154
SNORD37	0	154	154	154
TBXA2R	0	154	154	154
TJP3	0	154	154	154
ZBTB7A	0	154	154	154
ZFHX3	0	154	154	154
ZFR2	0	154	154	154
BCL2L1	153	0	153	153
COX4I2	153	0	153	153
ID1	153	0	153	153
MIR3193	153	0	153	153
AFG3L1P	0	152	152	152
ANKRD11	0	152	152	152
CDK10	0	152	152	152
CENPBD1	0	152	152	152
CHMP1A	0	152	152	152
CPNE7	0	152	152	152
DBNDD1	0	152	152	152
DEF8	0	152	152	152
DPEP1	0	152	152	152
FAM157C	0	152	152	152
FANCA	0	152	152	152
GAS8	0	152	152	152
GAS8-AS1	0	152	152	152
LOC100287036	0	152	152	152
LOC101927817	0	152	152	152
LOC105371414	0	152	152	152
MC1R	0	152	152	152
PRDM7	0	152	152	152
RPL13	0	152	152	152
SNORD68	0	152	152	152
SPATA2L	0	152	152	152
SPATA33	0	152	152	152
SPG7	0	152	152	152
SPIRE2	0	152	152	152
TCF25	0	152	152	152
TUBB3	0	152	152	152
URAHP	0	152	152	152
VPS9D1	0	152	152	152
VPS9D1-AS1	0	152	152	152
ZNF276	0	152	152	152
ZNF503	150	0	150	150
ZNF503-AS1	150	0	150	150
ABCA7	0	142	142	142
ABHD17A	0	142	142	142
ADAMTSL5	0	142	142	142
ADAT3	0	142	142	142
AES	0	142	142	142
AMH	0	142	142	142
AP3D1	0	142	142	142
APC2	0	142	142	142
ARHGAP45	0	142	142	142
ARID3A	0	142	142	142
ATP5D	0	142	142	142
ATP8B3	0	142	142	142
AZU1	0	142	142	142
BSG	0	142	142	142
BTBD2	0	142	142	142
C19orf24	0	142	142	142
C19orf25	0	142	142	142
C19orf35	0	142	142	142
C2CD4C	0	142	142	142
CBARP	0	142	142	142
CDC34	0	142	142	142
CELF5	0	142	142	142
CFD	0	142	142	142
CIRBP	0	142	142	142
CIRBP-AS1	0	142	142	142
CNN2	0	142	142	142
CSNK1G2	0	142	142	142
CSNK1G2-AS1	0	142	142	142
DAZAP1	0	142	142	142
DIRAS1	0	142	142	142
DOT1L	0	142	142	142
EFNA2	0	142	142	142
ELANE	0	142	142	142
FGF22	0	142	142	142
FSTL3	0	142	142	142
GADD45B	0	142	142	142
GAMT	0	142	142	142
GNA11	0	142	142	142
GNA15	0	142	142	142
GNG7	0	142	142	142
GPX4	0	142	142	142
GRIN3B	0	142	142	142
GZMM	0	142	142	142
HCN2	0	142	142	142
IZUMO4	0	142	142	142
JSRP1	0	142	142	142
KISS1R	0	142	142	142
KLF16	0	142	142	142
LINC01002	0	142	142	142
LINGO3	0	142	142	142
LMNB2	0	142	142	142
LOC100288123	0	142	142	142
LOC100996351	0	142	142	142
LOC101928602	0	142	142	142
LSM7	0	142	142	142
MADCAM1	0	142	142	142
MBD3	0	142	142	142
MED16	0	142	142	142
MEX3D	0	142	142	142
MIDN	0	142	142	142
MIER2	0	142	142	142
MIR1227	0	142	142	142
MIR1909	0	142	142	142
MIR3187	0	142	142	142
MIR4321	0	142	142	142
MIR4745	0	142	142	142
MIR6789	0	142	142	142
MIR7108	0	142	142	142
MIR7850	0	142	142	142
MISP	0	142	142	142
MKNK2	0	142	142	142
MOB3A	0	142	142	142
MUM1	0	142	142	142
NCLN	0	142	142	142
NDUFS7	0	142	142	142
OAZ1	0	142	142	142
ODF3L2	0	142	142	142
ONECUT3	0	142	142	142
OR4F17	0	142	142	142
PALM	0	142	142	142
PCSK4	0	142	142	142
PLEKHJ1	0	142	142	142
PLK5	0	142	142	142
PLPP2	0	142	142	142
PLPPR3	0	142	142	142
POLR2E	0	142	142	142
POLRMT	0	142	142	142
PRSS57	0	142	142	142
PRTN3	0	142	142	142
PTBP1	0	142	142	142
R3HDM4	0	142	142	142
REEP6	0	142	142	142
REXO1	0	142	142	142
RNF126	0	142	142	142
RPS15	0	142	142	142
S1PR4	0	142	142	142
SBNO2	0	142	142	142
SCAMP4	0	142	142	142
SF3A2	0	142	142	142
SGTA	0	142	142	142
SHC2	0	142	142	142
SLC39A3	0	142	142	142
SPPL2B	0	142	142	142
STK11	0	142	142	142
TCF3	0	142	142	142
THEG	0	142	142	142
THOP1	0	142	142	142
TIMM13	0	142	142	142
TLE2	0	142	142	142
TLE6	0	142	142	142
TMEM259	0	142	142	142
TMPRSS9	0	142	142	142
TPGS1	0	142	142	142
UQCR11	0	142	142	142
WASH5P	0	142	142	142
WDR18	0	142	142	142
ZNF554	0	142	142	142
ZNF555	0	142	142	142
ZNF556	0	142	142	142
ZNF57	0	142	142	142
ZNF77	0	142	142	142
ACR	0	141	141	141
ADM2	0	141	141	141
ALG12	0	141	141	141
ARSA	0	141	141	141
BRD1	0	141	141	141
C22orf34	0	141	141	141
CHKB	0	141	141	141
CHKB-AS1	0	141	141	141
CHKB-CPT1B	0	141	141	141
CPT1B	0	141	141	141
CRELD2	0	141	141	141
DENND6B	0	141	141	141
FAM19A5	0	141	141	141
HDAC10	0	141	141	141
IL17REL	0	141	141	141
KLHDC7B	0	141	141	141
LINC01310	0	141	141	141
LMF2	0	141	141	141
LOC105373100	0	141	141	141
LOC284933	0	141	141	141
MAPK11	0	141	141	141
MAPK12	0	141	141	141
MAPK8IP2	0	141	141	141
MIOX	0	141	141	141
MIR3201	0	141	141	141
MIR3667	0	141	141	141
MIR4535	0	141	141	141
MIR6821	0	141	141	141
MLC1	0	141	141	141
MOV10L1	0	141	141	141
NCAPH2	0	141	141	141
ODF3B	0	141	141	141
PANX2	0	141	141	141
PIM3	0	141	141	141
PLXNB2	0	141	141	141
PPP6R2	0	141	141	141
RABL2B	0	141	141	141
RPL23AP82	0	141	141	141
SBF1	0	141	141	141
SCO2	0	141	141	141
SELO	0	141	141	141
SHANK3	0	141	141	141
SYCE3	0	141	141	141
TRABD	0	141	141	141
TUBGCP6	0	141	141	141
TYMP	0	141	141	141
ZBED4	0	141	141	141
FLJ31356	134	0	134	134
FOSL2	134	0	134	134
PLB1	134	0	134	134
ACTC1	0	133	133	133
ADAL	0	133	133	133
ANKRD63	0	133	133	133
ANP32AP1	0	133	133	133
AQR	0	133	133	133
BAHD1	0	133	133	133
BMF	0	133	133	133
BUB1B	0	133	133	133
BUB1B-PAK6	0	133	133	133
C15orf41	0	133	133	133
C15orf52	0	133	133	133
C15orf53	0	133	133	133
C15orf54	0	133	133	133
C15orf56	0	133	133	133
C15orf57	0	133	133	133
C15orf62	0	133	133	133
CAPN3	0	133	133	133
CCNDBP1	0	133	133	133
CDAN1	0	133	133	133
CHAC1	0	133	133	133
CHP1	0	133	133	133
CHRM5	0	133	133	133
CHST14	0	133	133	133
CSNK1A1P1	0	133	133	133
DISP2	0	133	133	133
DLL4	0	133	133	133
DNAJC17	0	133	133	133
DPH6	0	133	133	133
DPH6-AS1	0	133	133	133
EHD4	0	133	133	133
EHD4-AS1	0	133	133	133
EIF2AK4	0	133	133	133
EMC4	0	133	133	133
EMC7	0	133	133	133
EPB42	0	133	133	133
EXD1	0	133	133	133
FAM98B	0	133	133	133
FSIP1	0	133	133	133
GANC	0	133	133	133
GCHFR	0	133	133	133
GJD2	0	133	133	133
GOLGA8A	0	133	133	133
GOLGA8B	0	133	133	133
GPR176	0	133	133	133
HAUS2	0	133	133	133
INAFM2	0	133	133	133
INO80	0	133	133	133
ITPKA	0	133	133	133
IVD	0	133	133	133
JMJD7	0	133	133	133
JMJD7-PLA2G4B	0	133	133	133
KATNBL1	0	133	133	133
KNL1	0	133	133	133
KNSTRN	0	133	133	133
LCMT2	0	133	133	133
LOC101928174	0	133	133	133
LOC101928227	0	133	133	133
LOC105370792	0	133	133	133
LOC105370941	0	133	133	133
LOC105370943	0	133	133	133
LOC145845	0	133	133	133
LPCAT4	0	133	133	133
LRRC57	0	133	133	133
LTK	0	133	133	133
MAPKBP1	0	133	133	133
MEIS2	0	133	133	133
MGA	0	133	133	133
MIR1233-1	0	133	133	133
MIR1233-2	0	133	133	133
MIR3942	0	133	133	133
MIR4310	0	133	133	133
MIR4510	0	133	133	133
MIR626	0	133	133	133
MIR627	0	133	133	133
MIR8063	0	133	133	133
MRPL42P5	0	133	133	133
NDUFAF1	0	133	133	133
NOP10	0	133	133	133
NUSAP1	0	133	133	133
NUTM1	0	133	133	133
OIP5	0	133	133	133
OIP5-AS1	0	133	133	133
PAK6	0	133	133	133
PGBD4	0	133	133	133
PHGR1	0	133	133	133
PLA2G4B	0	133	133	133
PLA2G4D	0	133	133	133
PLA2G4E	0	133	133	133
PLA2G4E-AS1	0	133	133	133
PLA2G4F	0	133	133	133
PLCB2	0	133	133	133
PPP1R14D	0	133	133	133
RAD51	0	133	133	133
RAD51-AS1	0	133	133	133
RASGRP1	0	133	133	133
RHOV	0	133	133	133
RMDN3	0	133	133	133
RPAP1	0	133	133	133
RPUSD2	0	133	133	133
RTF1	0	133	133	133
SLC12A6	0	133	133	133
SNAP23	0	133	133	133
SPINT1	0	133	133	133
SPRED1	0	133	133	133
SPTBN5	0	133	133	133
SRP14	0	133	133	133
SRP14-AS1	0	133	133	133
STARD9	0	133	133	133
TGM5	0	133	133	133
TGM7	0	133	133	133
THBS1	0	133	133	133
TMCO5A	0	133	133	133
TMEM62	0	133	133	133
TMEM87A	0	133	133	133
TTBK2	0	133	133	133
TUBGCP4	0	133	133	133
TYRO3	0	133	133	133
UBR1	0	133	133	133
VPS18	0	133	133	133
VPS39	0	133	133	133
ZFYVE19	0	133	133	133
ZNF106	0	133	133	133
ZNF770	0	133	133	133
ZSCAN29	0	133	133	133
ABL1	0	130	130	130
ABO	0	130	130	130
ADAMTS13	0	130	130	130
ADAMTSL2	0	130	130	130
AGPAT2	0	130	130	130
AIF1L	0	130	130	130
AK8	0	130	130	130
ASB6	0	130	130	130
ASS1	0	130	130	130
BARHL1	0	130	130	130
BRD3	0	130	130	130
C9orf106	0	130	130	130
C9orf116	0	130	130	130
C9orf16	0	130	130	130
C9orf163	0	130	130	130
C9orf172	0	130	130	130
C9orf50	0	130	130	130
C9orf62	0	130	130	130
C9orf69	0	130	130	130
C9orf78	0	130	130	130
CACFD1	0	130	130	130
CAMSAP1	0	130	130	130
CARD9	0	130	130	130
CCDC183	0	130	130	130
CCDC183-AS1	0	130	130	130
CCDC187	0	130	130	130
CEL	0	130	130	130
CELP	0	130	130	130
CERCAM	0	130	130	130
CFAP77	0	130	130	130
CIZ1	0	130	130	130
COL5A1	0	130	130	130
COL5A1-AS1	0	130	130	130
COQ4	0	130	130	130
CRAT	0	130	130	130
DBH	0	130	130	130
DBH-AS1	0	130	130	130
DDX31	0	130	130	130
DKFZP434A062	0	130	130	130
DNLZ	0	130	130	130
DNM1	0	130	130	130
DOLK	0	130	130	130
DOLPP1	0	130	130	130
EDF1	0	130	130	130
EGFL7	0	130	130	130
ENDOG	0	130	130	130
EXOSC2	0	130	130	130
FAM102A	0	130	130	130
FAM163B	0	130	130	130
FAM69B	0	130	130	130
FAM78A	0	130	130	130
FCN1	0	130	130	130
FCN2	0	130	130	130
FIBCD1	0	130	130	130
FNBP1	0	130	130	130
FUBP3	0	130	130	130
GBGT1	0	130	130	130
GFI1B	0	130	130	130
GLE1	0	130	130	130
GLT6D1	0	130	130	130
GOLGA2	0	130	130	130
GPR107	0	130	130	130
GPSM1	0	130	130	130
GTF3C4	0	130	130	130
GTF3C5	0	130	130	130
HMCN2	0	130	130	130
HSPC324	0	130	130	130
IER5L	0	130	130	130
INPP5E	0	130	130	130
KCNT1	0	130	130	130
KYAT1	0	130	130	130
LAMC3	0	130	130	130
LCN1	0	130	130	130
LCN10	0	130	130	130
LCN15	0	130	130	130
LCN2	0	130	130	130
LCN6	0	130	130	130
LCN8	0	130	130	130
LCN9	0	130	130	130
LHX3	0	130	130	130
LINC00094	0	130	130	130
LINC00963	0	130	130	130
LINC01451	0	130	130	130
LINC01502	0	130	130	130
LINC01503	0	130	130	130
LOC100128593	0	130	130	130
LOC100130548	0	130	130	130
LOC100272217	0	130	130	130
LOC100506100	0	130	130	130
LOC101448202	0	130	130	130
LOC101928525	0	130	130	130
LOC101929331	0	130	130	130
LOC105376306	0	130	130	130
LOC401554	0	130	130	130
LOC401557	0	130	130	130
LRRC8A	0	130	130	130
MAMDC4	0	130	130	130
MED22	0	130	130	130
MED27	0	130	130	130
MIGA2	0	130	130	130
MIR126	0	130	130	130
MIR199B	0	130	130	130
MIR219A2	0	130	130	130
MIR219B	0	130	130	130
MIR3154	0	130	130	130
MIR3689A	0	130	130	130
MIR3689B	0	130	130	130
MIR3689C	0	130	130	130
MIR3689D1	0	130	130	130
MIR3689D2	0	130	130	130
MIR3689E	0	130	130	130
MIR3689F	0	130	130	130
MIR4292	0	130	130	130
MIR4479	0	130	130	130
MIR4669	0	130	130	130
MIR4673	0	130	130	130
MIR4674	0	130	130	130
MIR548AW	0	130	130	130
MIR6722	0	130	130	130
MIR6855	0	130	130	130
MIR6856	0	130	130	130
MIR6877	0	130	130	130
MRPS2	0	130	130	130
NACC2	0	130	130	130
NAIF1	0	130	130	130
NALT1	0	130	130	130
NCS1	0	130	130	130
NOTCH1	0	130	130	130
NTMT1	0	130	130	130
NTNG2	0	130	130	130
NUP188	0	130	130	130
NUP214	0	130	130	130
OBP2A	0	130	130	130
OBP2B	0	130	130	130
ODF2	0	130	130	130
OLFM1	0	130	130	130
PAEP	0	130	130	130
PHPT1	0	130	130	130
PHYHD1	0	130	130	130
PKN3	0	130	130	130
PLPP7	0	130	130	130
PMPCA	0	130	130	130
POMT1	0	130	130	130
PPP1R26	0	130	130	130
PPP1R26-AS1	0	130	130	130
PRDM12	0	130	130	130
PRRC2B	0	130	130	130
PRRX2	0	130	130	130
PRRX2-AS1	0	130	130	130
PTGES	0	130	130	130
PTGES2	0	130	130	130
PTGES2-AS1	0	130	130	130
PTPA	0	130	130	130
QRFP	0	130	130	130
QSOX2	0	130	130	130
RABL6	0	130	130	130
RALGDS	0	130	130	130
RAPGEF1	0	130	130	130
REXO4	0	130	130	130
RNU6ATAC	0	130	130	130
RPL7A	0	130	130	130
RXRA	0	130	130	130
SARDH	0	130	130	130
SDCCAG3	0	130	130	130
SEC16A	0	130	130	130
SET	0	130	130	130
SETX	0	130	130	130
SH3GLB2	0	130	130	130
SLC25A25	0	130	130	130
SLC25A25-AS1	0	130	130	130
SLC27A4	0	130	130	130
SLC2A6	0	130	130	130
SNAPC4	0	130	130	130
SNHG7	0	130	130	130
SNORA17A	0	130	130	130
SNORA17B	0	130	130	130
SNORD141A	0	130	130	130
SNORD24	0	130	130	130
SNORD36A	0	130	130	130
SNORD36B	0	130	130	130
SNORD36C	0	130	130	130
SNORD62A	0	130	130	130
SOHLH1	0	130	130	130
SPACA9	0	130	130	130
SPOUT1	0	130	130	130
SPTAN1	0	130	130	130
STKLD1	0	130	130	130
SURF1	0	130	130	130
SURF2	0	130	130	130
SURF4	0	130	130	130
SURF6	0	130	130	130
SWI5	0	130	130	130
TBC1D13	0	130	130	130
TMEM141	0	130	130	130
TMEM8C	0	130	130	130
TOR1A	0	130	130	130
TOR1B	0	130	130	130
TRUB2	0	130	130	130
TSC1	0	130	130	130
TTF1	0	130	130	130
UBAC1	0	130	130	130
UCK1	0	130	130	130
URM1	0	130	130	130
USP20	0	130	130	130
VAV2	0	130	130	130
WDR34	0	130	130	130
WDR5	0	130	130	130
ZDHHC12	0	130	130	130
ZER1	0	130	130	130
LINC00290	0	129	129	129
CCNE1	128	0	128	128
GNAQ	0	128	128	128
MIR33B	0	128	128	128
MIR6777	0	128	128	128
SREBF1	0	128	128	128
TOM1L2	0	128	128	128
ABCC11	0	121	121	121
ABCC12	0	121	121	121
ADCY7	0	121	121	121
ADGRG1	0	121	121	121
ADGRG3	0	121	121	121
ADGRG5	0	121	121	121
AKTIP	0	121	121	121
AMFR	0	121	121	121
ANKRD26P1	0	121	121	121
APOOP5	0	121	121	121
ARL2BP	0	121	121	121
BBS2	0	121	121	121
BRD7	0	121	121	121
C16orf78	0	121	121	121
C16orf87	0	121	121	121
C16orf97	0	121	121	121
CAPNS2	0	121	121	121
CASC16	0	121	121	121
CASC22	0	121	121	121
CBLN1	0	121	121	121
CCDC102A	0	121	121	121
CCDC113	0	121	121	121
CCL17	0	121	121	121
CCL22	0	121	121	121
CDH11	0	121	121	121
CDH5	0	121	121	121
CDH8	0	121	121	121
CES1	0	121	121	121
CES1P1	0	121	121	121
CES1P2	0	121	121	121
CES5A	0	121	121	121
CETP	0	121	121	121
CFAP20	0	121	121	121
CHD9	0	121	121	121
CIAPIN1	0	121	121	121
CNEP1R1	0	121	121	121
CNGB1	0	121	121	121
CNOT1	0	121	121	121
COQ9	0	121	121	121
CPNE2	0	121	121	121
CRNDE	0	121	121	121
CSNK2A2	0	121	121	121
CX3CL1	0	121	121	121
CYLD	0	121	121	121
DKFZP434H168	0	121	121	121
DNAJA2	0	121	121	121
DOK4	0	121	121	121
DRC7	0	121	121	121
ENPP7P13	0	121	121	121
FAM192A	0	121	121	121
FLJ26245	0	121	121	121
FRG2DP	0	121	121	121
FTO	0	121	121	121
FTO-IT1	0	121	121	121
GINS3	0	121	121	121
GNAO1	0	121	121	121
GOT2	0	121	121	121
GPT2	0	121	121	121
HEATR3	0	121	121	121
HERC2P4	0	121	121	121
HERPUD1	0	121	121	121
IRX3	0	121	121	121
IRX5	0	121	121	121
IRX6	0	121	121	121
ITFG1	0	121	121	121
ITFG1-AS1	0	121	121	121
KATNB1	0	121	121	121
KIFC3	0	121	121	121
LINC00273	0	121	121	121
LINC00919	0	121	121	121
LINC00920	0	121	121	121
LINC00922	0	121	121	121
LINC01566	0	121	121	121
LINC01571	0	121	121	121
LOC100507534	0	121	121	121
LOC100507577	0	121	121	121
LOC100996338	0	121	121	121
LOC100996345	0	121	121	121
LOC101927132	0	121	121	121
LOC101927272	0	121	121	121
LOC101927334	0	121	121	121
LOC101927480	0	121	121	121
LOC101927580	0	121	121	121
LOC101927650	0	121	121	121
LOC102467079	0	121	121	121
LOC102723373	0	121	121	121
LOC102723753	0	121	121	121
LOC105371267	0	121	121	121
LOC283856	0	121	121	121
LOC388282	0	121	121	121
LOC390705	0	121	121	121
LOC643802	0	121	121	121
LOC729159	0	121	121	121
LONP2	0	121	121	121
LPCAT2	0	121	121	121
MIR138-2	0	121	121	121
MIR3181	0	121	121	121
MIR3935	0	121	121	121
MIR4426	0	121	121	121
MIR548AI	0	121	121	121
MIR6771	0	121	121	121
MIR6772	0	121	121	121
MIR6863	0	121	121	121
MMP15	0	121	121	121
MMP2	0	121	121	121
MT1A	0	121	121	121
MT1B	0	121	121	121
MT1DP	0	121	121	121
MT1E	0	121	121	121
MT1F	0	121	121	121
MT1G	0	121	121	121
MT1H	0	121	121	121
MT1IP	0	121	121	121
MT1JP	0	121	121	121
MT1L	0	121	121	121
MT1M	0	121	121	121
MT1X	0	121	121	121
MT2A	0	121	121	121
MT3	0	121	121	121
MT4	0	121	121	121
MYLK3	0	121	121	121
N4BP1	0	121	121	121
NDRG4	0	121	121	121
NETO2	0	121	121	121
NKD1	0	121	121	121
NLRC5	0	121	121	121
NOD2	0	121	121	121
NUDT21	0	121	121	121
NUP93	0	121	121	121
OGFOD1	0	121	121	121
ORC6	0	121	121	121
PAPD5	0	121	121	121
PHKB	0	121	121	121
PLLP	0	121	121	121
POLR2C	0	121	121	121
PRSS54	0	121	121	121
RBL2	0	121	121	121
RPGRIP1L	0	121	121	121
RSPRY1	0	121	121	121
SALL1	0	121	121	121
SETD6	0	121	121	121
SHCBP1	0	121	121	121
SIAH1	0	121	121	121
SLC12A3	0	121	121	121
SLC38A7	0	121	121	121
SLC6A10P	0	121	121	121
SLC6A2	0	121	121	121
SNORA46	0	121	121	121
SNORA50A	0	121	121	121
SNX20	0	121	121	121
TEPP	0	121	121	121
TOX3	0	121	121	121
TP53TG3	0	121	121	121
TP53TG3B	0	121	121	121
TP53TG3C	0	121	121	121
TP53TG3D	0	121	121	121
TP53TG3E	0	121	121	121
TP53TG3F	0	121	121	121
TP53TG3HP	0	121	121	121
UBE2MP1	0	121	121	121
USB1	0	121	121	121
VPS35	0	121	121	121
ZNF267	0	121	121	121
ZNF319	0	121	121	121
ZNF423	0	121	121	121
[PAX8]	121	0	121	121
hsa-mir-1826	0	121	121	121
ARHGEF10	0	119	119	119
CLN8	0	119	119	119
CSMD1	0	119	119	119
DLGAP2	0	119	119	119
DLGAP2-AS1	0	119	119	119
ERICH1	0	119	119	119
ERICH1-AS1	0	119	119	119
FAM87A	0	119	119	119
FBXO25	0	119	119	119
KBTBD11	0	119	119	119
KBTBD11-OT1	0	119	119	119
LOC101927752	0	119	119	119
LOC101927815	0	119	119	119
LOC101928058	0	119	119	119
LOC286083	0	119	119	119
LOC401442	0	119	119	119
MIR3674	0	119	119	119
MIR596	0	119	119	119
MIR7160	0	119	119	119
MYOM2	0	119	119	119
OR4F21	0	119	119	119
RPL23AP53	0	119	119	119
TDRP	0	119	119	119
ZNF596	0	119	119	119
AAK1	118	0	118	118
ANXA4	118	0	118	118
NEDD9	118	0	118	118
ADAM33	115	0	115	115
ADRA1D	115	0	115	115
AP5S1	115	0	115	115
ATRN	115	0	115	115
AVP	115	0	115	115
C20orf141	115	0	115	115
C20orf194	115	0	115	115
C20orf27	115	0	115	115
CDC25B	115	0	115	115
CENPB	115	0	115	115
CPXM1	115	0	115	115
DDRGK1	115	0	115	115
EBF4	115	0	115	115
FASTKD5	115	0	115	115
GFRA4	115	0	115	115
GNRH2	115	0	115	115
HSPA12B	115	0	115	115
ITPA	115	0	115	115
LINC01433	115	0	115	115
LOC101929125	115	0	115	115
LZTS3	115	0	115	115
MAVS	115	0	115	115
MIR103A2	115	0	115	115
MIR103B2	115	0	115	115
MRPS26	115	0	115	115
OXT	115	0	115	115
PANK2	115	0	115	115
PCED1A	115	0	115	115
PTPRA	115	0	115	115
RNF24	115	0	115	115
SIGLEC1	115	0	115	115
SLC4A11	115	0	115	115
SMOX	115	0	115	115
SPEF1	115	0	115	115
TMEM239	115	0	115	115
UBOX5	115	0	115	115
UBOX5-AS1	115	0	115	115
VPS16	115	0	115	115
MIR582	0	114	114	114
PART1	0	114	114	114
PDE4D	0	114	114	114
THSD4	0	114	114	114
THSD4-AS1	0	114	114	114
THSD4-AS2	0	114	114	114
AARSD1	0	112	112	112
ACLY	0	112	112	112
AOC2	0	112	112	112
AOC3	0	112	112	112
AOC4P	0	112	112	112
ARL4D	0	112	112	112
ATP6V0A1	0	112	112	112
BECN1	0	112	112	112
BRCA1	0	112	112	112
C17orf105	0	112	112	112
CCR10	0	112	112	112
CNP	0	112	112	112
CNTD1	0	112	112	112
CNTNAP1	0	112	112	112
COA3	0	112	112	112
COASY	0	112	112	112
DHX58	0	112	112	112
DHX8	0	112	112	112
DNAJC7	0	112	112	112
DUSP3	0	112	112	112
ETV4	0	112	112	112
EZH1	0	112	112	112
FAM134C	0	112	112	112
G6PC	0	112	112	112
GHDC	0	112	112	112
HCRT	0	112	112	112
HSD17B1	0	112	112	112
HSPB9	0	112	112	112
IFI35	0	112	112	112
KAT2A	0	112	112	112
KCNH4	0	112	112	112
LINC00671	0	112	112	112
LINC00854	0	112	112	112
LINC00910	0	112	112	112
LOC101929767	0	112	112	112
MEOX1	0	112	112	112
MIR2117	0	112	112	112
MIR5010	0	112	112	112
MIR548AT	0	112	112	112
MIR6780A	0	112	112	112
MIR6781	0	112	112	112
MLX	0	112	112	112
MPP3	0	112	112	112
NAGLU	0	112	112	112
NBR1	0	112	112	112
NBR2	0	112	112	112
NKIRAS2	0	112	112	112
PLEKHH3	0	112	112	112
PSMC3IP	0	112	112	112
PSME3	0	112	112	112
PTGES3L	0	112	112	112
PTGES3L-AARSD1	0	112	112	112
PTRF	0	112	112	112
RAB5C	0	112	112	112
RAMP2	0	112	112	112
RAMP2-AS1	0	112	112	112
RND2	0	112	112	112
RNU2-1	0	112	112	112
RPL27	0	112	112	112
RUNDC1	0	112	112	112
SOST	0	112	112	112
STAT3	0	112	112	112
STAT5A	0	112	112	112
STAT5B	0	112	112	112
TMEM106A	0	112	112	112
TTC25	0	112	112	112
TUBG1	0	112	112	112
TUBG2	0	112	112	112
VAT1	0	112	112	112
VPS25	0	112	112	112
WNK4	0	112	112	112
ZNF385C	0	112	112	112
[RNF144B]	111	0	111	111
CCSER1	0	110	110	110
ERBB3	108	0	108	108
ESYT1	108	0	108	108
IKZF4	108	0	108	108
LOC105369781	108	0	108	108
PA2G4	108	0	108	108
RAB5B	108	0	108	108
RPL41	108	0	108	108
RPS26	108	0	108	108
SUOX	108	0	108	108
ZC3H10	108	0	108	108
LPAR6	0	104	104	104
RB1	0	104	104	104
RCBTB2	0	104	104	104
DLGAP1	103	0	103	103
DLGAP1-AS2	103	0	103	103
EVI2A	0	102	102	102
EVI2B	0	102	102	102
MIR4733	0	102	102	102
NF1	0	102	102	102
OMG	0	102	102	102
AP4M1	101	0	101	101
AZGP1	101	0	101	101
AZGP1P1	101	0	101	101
C7orf43	101	0	101	101
CNPY4	101	0	101	101
COPS6	101	0	101	101
GAL3ST4	101	0	101	101
GATS	101	0	101	101
GPC2	101	0	101	101
LAMTOR4	101	0	101	101
MBLAC1	101	0	101	101
MCM7	101	0	101	101
MIR106B	101	0	101	101
MIR25	101	0	101	101
MIR4658	101	0	101	101
MIR93	101	0	101	101
PVRIG	101	0	101	101
STAG3	101	0	101	101
TAF6	101	0	101	101
ZKSCAN1	101	0	101	101
ZNF3	101	0	101	101
ZSCAN21	101	0	101	101
ADNP2	0	100	100	100
ATP9B	0	100	100	100
BCL2	0	100	100	100
C18orf63	0	100	100	100
C18orf65	0	100	100	100
CBLN2	0	100	100	100
CCBE1	0	100	100	100
CCDC102B	0	100	100	100
CD226	0	100	100	100
CDH19	0	100	100	100
CDH20	0	100	100	100
CDH7	0	100	100	100
CNDP1	0	100	100	100
CNDP2	0	100	100	100
CPLX4	0	100	100	100
CTDP1	0	100	100	100
CYB5A	0	100	100	100
DOK6	0	100	100	100
DSEL	0	100	100	100
FAM69C	0	100	100	100
FBXO15	0	100	100	100
GALR1	0	100	100	100
GRP	0	100	100	100
GTSCR1	0	100	100	100
HMSD	0	100	100	100
HSBP1L1	0	100	100	100
KCNG2	0	100	100	100
KDSR	0	100	100	100
KIAA1468	0	100	100	100
LINC00305	0	100	100	100
LINC00683	0	100	100	100
LINC00908	0	100	100	100
LINC00909	0	100	100	100
LINC01029	0	100	100	100
LINC01538	0	100	100	100
LINC01541	0	100	100	100
LINC01544	0	100	100	100
LMAN1	0	100	100	100
LOC100131655	0	100	100	100
LOC100505797	0	100	100	100
LOC100505817	0	100	100	100
LOC100505853	0	100	100	100
LOC101060542	0	100	100	100
LOC101927481	0	100	100	100
LOC101927606	0	100	100	100
LOC101927651	0	100	100	100
LOC101927989	0	100	100	100
LOC102724913	0	100	100	100
LOC105372179	0	100	100	100
LOC284241	0	100	100	100
LOC284294	0	100	100	100
LOC339298	0	100	100	100
LOC400655	0	100	100	100
LOC400661	0	100	100	100
LOC643542	0	100	100	100
MBP	0	100	100	100
MC4R	0	100	100	100
MIR5011	0	100	100	100
MIR548AV	0	100	100	100
NETO1	0	100	100	100
NFATC1	0	100	100	100
OACYLP	0	100	100	100
PARD6G	0	100	100	100
PARD6G-AS1	0	100	100	100
PHLPP1	0	100	100	100
PIGN	0	100	100	100
PMAIP1	0	100	100	100
PQLC1	0	100	100	100
RAX	0	100	100	100
RBFA	0	100	100	100
RBFADN	0	100	100	100
RNF152	0	100	100	100
RTTN	0	100	100	100
SALL3	0	100	100	100
SEC11C	0	100	100	100
SERPINB10	0	100	100	100
SERPINB11	0	100	100	100
SERPINB12	0	100	100	100
SERPINB13	0	100	100	100
SERPINB2	0	100	100	100
SERPINB3	0	100	100	100
SERPINB4	0	100	100	100
SERPINB5	0	100	100	100
SERPINB7	0	100	100	100
SERPINB8	0	100	100	100
SMIM21	0	100	100	100
SOCS6	0	100	100	100
TIMM21	0	100	100	100
TMX3	0	100	100	100
TNFRSF11A	0	100	100	100
TSHZ1	0	100	100	100
TXNL4A	0	100	100	100
VPS4B	0	100	100	100
ZADH2	0	100	100	100
ZCCHC2	0	100	100	100
ZNF236	0	100	100	100
ZNF407	0	100	100	100
ZNF516	0	100	100	100
ZNF532	0	100	100	100
KCNIP4	0	99	99	99
MIR218-1	0	99	99	99
MIR7978	0	99	99	99
PACRGL	0	99	99	99
SLIT2	0	99	99	99
SLIT2-IT1	0	99	99	99
ACAD8	0	96	96	96
ACRV1	0	96	96	96
ADAMTS15	0	96	96	96
ADAMTS8	0	96	96	96
ANKRD20A9P	0	96	96	96
ANKRD26P3	0	96	96	96
APLP2	0	96	96	96
ARHGAP32	0	96	96	96
B3GAT1	0	96	96	96
BARX2	0	96	96	96
BASP1P1	0	96	96	96
BLID	0	96	96	96
BSX	0	96	96	96
C11orf44	0	96	96	96
C11orf45	0	96	96	96
C11orf63	0	96	96	96
CCDC15	0	96	96	96
CDON	0	96	96	96
CHEK1	0	96	96	96
CLMP	0	96	96	96
CRTAM	0	96	96	96
CRYL1	0	96	96	96
DCPS	0	96	96	96
DDX25	0	96	96	96
EEF1AKMT1	0	96	96	96
EI24	0	96	96	96
ESAM	0	96	96	96
ETS1	0	96	96	96
FAM118B	0	96	96	96
FAM230C	0	96	96	96
FEZ1	0	96	96	96
FGF9	0	96	96	96
FLI1	0	96	96	96
FOXRED1	0	96	96	96
GJA3	0	96	96	96
GJB2	0	96	96	96
GJB6	0	96	96	96
GLB1L2	0	96	96	96
GLB1L3	0	96	96	96
GRAMD1B	0	96	96	96
HEPACAM	0	96	96	96
HEPN1	0	96	96	96
HSPA8	0	96	96	96
HYLS1	0	96	96	96
IFT88	0	96	96	96
IGSF9B	0	96	96	96
IL17D	0	96	96	96
JAM3	0	96	96	96
KCNJ1	0	96	96	96
KCNJ5	0	96	96	96
KIRREL3	0	96	96	96
KIRREL3-AS2	0	96	96	96
KIRREL3-AS3	0	96	96	96
LATS2	0	96	96	96
LINC00167	0	96	96	96
LINC00350	0	96	96	96
LINC00367	0	96	96	96
LINC00408	0	96	96	96
LINC00417	0	96	96	96
LINC00421	0	96	96	96
LINC00424	0	96	96	96
LINC00442	0	96	96	96
LINC00539	0	96	96	96
LINC00540	0	96	96	96
LINC00621	0	96	96	96
LINC01046	0	96	96	96
LINC01072	0	96	96	96
LINC01395	0	96	96	96
LOC100128239	0	96	96	96
LOC100507283	0	96	96	96
LOC100507431	0	96	96	96
LOC100507548	0	96	96	96
LOC101928697	0	96	96	96
LOC101929340	0	96	96	96
LOC101929427	0	96	96	96
LOC101929473	0	96	96	96
LOC101929497	0	96	96	96
LOC101929517	0	96	96	96
LOC101929538	0	96	96	96
LOC101929653	0	96	96	96
LOC103611081	0	96	96	96
LOC283177	0	96	96	96
LOC341056	0	96	96	96
LOC403312	0	96	96	96
LOC646522	0	96	96	96
MICU2	0	96	96	96
MIPEPP3	0	96	96	96
MIR100	0	96	96	96
MIR100HG	0	96	96	96
MIR125B1	0	96	96	96
MIR3167	0	96	96	96
MIR4493	0	96	96	96
MIR4499	0	96	96	96
MIR4697	0	96	96	96
MIR4697HG	0	96	96	96
MIR6090	0	96	96	96
MIR7641-2	0	96	96	96
MIR8052	0	96	96	96
MIRLET7A2	0	96	96	96
MPHOSPH8	0	96	96	96
MRPL57	0	96	96	96
MSANTD2	0	96	96	96
NCAPD3	0	96	96	96
NFRKB	0	96	96	96
NRGN	0	96	96	96
NTM	0	96	96	96
NTM-AS1	0	96	96	96
NTM-IT	0	96	96	96
OPCML	0	96	96	96
OR10G4	0	96	96	96
OR10G7	0	96	96	96
OR10G8	0	96	96	96
OR10G9	0	96	96	96
OR10S1	0	96	96	96
OR4D5	0	96	96	96
OR6M1	0	96	96	96
OR6T1	0	96	96	96
OR6X1	0	96	96	96
OR8A1	0	96	96	96
OR8B12	0	96	96	96
OR8B2	0	96	96	96
OR8B3	0	96	96	96
OR8B4	0	96	96	96
OR8B8	0	96	96	96
OR8D1	0	96	96	96
OR8D2	0	96	96	96
OR8D4	0	96	96	96
OR8G1	0	96	96	96
OR8G2	0	96	96	96
OR8G5	0	96	96	96
PANX3	0	96	96	96
PATE1	0	96	96	96
PATE2	0	96	96	96
PATE3	0	96	96	96
PATE4	0	96	96	96
PKNOX2	0	96	96	96
PKNOX2-AS1	0	96	96	96
PRDM10	0	96	96	96
PSPC1	0	96	96	96
PUS3	0	96	96	96
ROBO3	0	96	96	96
ROBO4	0	96	96	96
RPUSD4	0	96	96	96
SACS	0	96	96	96
SAP18	0	96	96	96
SC5D	0	96	96	96
SCN3B	0	96	96	96
SENCR	0	96	96	96
SGCG	0	96	96	96
SIAE	0	96	96	96
SKA3	0	96	96	96
SLC37A2	0	96	96	96
SNORD14C	0	96	96	96
SNORD14D	0	96	96	96
SNORD14E	0	96	96	96
SNX19	0	96	96	96
SORL1	0	96	96	96
SPA17	0	96	96	96
SPATA19	0	96	96	96
SRPRA	0	96	96	96
ST14	0	96	96	96
ST3GAL4	0	96	96	96
ST3GAL4-AS1	0	96	96	96
STT3A	0	96	96	96
STT3A-AS1	0	96	96	96
TBCEL	0	96	96	96
TBRG1	0	96	96	96
TECTA	0	96	96	96
THYN1	0	96	96	96
TIRAP	0	96	96	96
TMEM218	0	96	96	96
TMEM225	0	96	96	96
TMEM45B	0	96	96	96
TP53AIP1	0	96	96	96
TPTE2	0	96	96	96
TUBA3C	0	96	96	96
UBASH3B	0	96	96	96
VPS26B	0	96	96	96
VSIG2	0	96	96	96
VWA5A	0	96	96	96
XPO4	0	96	96	96
ZBTB44	0	96	96	96
ZDHHC20	0	96	96	96
ZMYM2	0	96	96	96
ZMYM5	0	96	96	96
ZNF202	0	96	96	96
ABCA11P	0	95	95	95
ANO9	0	95	95	95
ATP5I	0	95	95	95
B4GALNT4	0	95	95	95
BET1L	0	95	95	95
CDHR5	0	95	95	95
CEND1	0	95	95	95
CPAMD8	95	0	95	95
CPLX1	0	95	95	95
CRACR2B	0	95	95	95
CRIPAK	0	95	95	95
CTBP1	0	95	95	95
CTBP1-AS	0	95	95	95
CTBP1-AS2	0	95	95	95
DEAF1	0	95	95	95
DGKQ	0	95	95	95
DRD4	0	95	95	95
EPS8L2	0	95	95	95
F2RL3	95	0	95	95
FGFRL1	0	95	95	95
GAK	0	95	95	95
HAUS8	95	0	95	95
HRAS	0	95	95	95
IDUA	0	95	95	95
IFITM1	0	95	95	95
IFITM2	0	95	95	95
IFITM3	0	95	95	95
IFITM5	0	95	95	95
IRF7	0	95	95	95
LINC00477	95	0	95	95
LINC01001	0	95	95	95
LMNTD2	0	95	95	95
LOC100129917	0	95	95	95
LOC100130872	0	95	95	95
LOC105374344	0	95	95	95
LOC143666	0	95	95	95
LOC171391	0	95	95	95
LRRC56	0	95	95	95
MAEA	0	95	95	95
MED26	95	0	95	95
MFSD7	0	95	95	95
MIR210	0	95	95	95
MIR210HG	0	95	95	95
MIR571	0	95	95	95
MIR6743	0	95	95	95
MYL5	0	95	95	95
MYO9B	95	0	95	95
NKX1-1	0	95	95	95
NLRP6	0	95	95	95
NWD1	95	0	95	95
ODF3	0	95	95	95
PANO1	0	95	95	95
PCGF3	0	95	95	95
PDDC1	0	95	95	95
PDE6B	0	95	95	95
PGGHG	0	95	95	95
PHRF1	0	95	95	95
PIDD1	0	95	95	95
PIGG	0	95	95	95
PKP3	0	95	95	95
PNPLA2	0	95	95	95
PSMD13	0	95	95	95
PTDSS2	0	95	95	95
RASSF7	0	95	95	95
RIC8A	0	95	95	95
RNF212	0	95	95	95
RNH1	0	95	95	95
RPLP2	0	95	95	95
SCGB1C1	0	95	95	95
SCT	0	95	95	95
SIGIRR	0	95	95	95
SIN3B	95	0	95	95
SIRT3	0	95	95	95
SLC25A22	0	95	95	95
SLC26A1	0	95	95	95
SLC35E1	95	0	95	95
SMIM7	95	0	95	95
SNORA52	0	95	95	95
SOX5	95	0	95	95
SPON2	0	95	95	95
TALDO1	0	95	95	95
TMED11P	0	95	95	95
TMEM175	0	95	95	95
TMEM38A	95	0	95	95
TMEM80	0	95	95	95
UVSSA	0	95	95	95
ZNF141	0	95	95	95
ZNF595	0	95	95	95
ZNF718	0	95	95	95
ZNF721	0	95	95	95
ZNF732	0	95	95	95
ZNF876P	0	95	95	95
ENDOU	93	0	93	93
HDAC7	93	0	93	93
RAPGEF3	93	0	93	93
SLC48A1	93	0	93	93
VDR	93	0	93	93
AHRR	92	0	92	92
BRD9	92	0	92	92
CCDC127	92	0	92	92
CEP72	92	0	92	92
CLPTM1L	92	0	92	92
CTD-3080P12.3	92	0	92	92
DNM2	92	0	92	92
EXOC3	92	0	92	92
EXOC3-AS1	92	0	92	92
HRAT5	92	0	92	92
LINC01511	92	0	92	92
LOC100288152	92	0	92	92
LOC100506688	92	0	92	92
LOC100996325	92	0	92	92
LRRC14B	92	0	92	92
MIR4456	92	0	92	92
MIR4457	92	0	92	92
MIR4635	92	0	92	92
MIR4748	92	0	92	92
NKD2	92	0	92	92
PDCD6	92	0	92	92
PLEKHG4B	92	0	92	92
PP7080	92	0	92	92
SDHA	92	0	92	92
SLC12A7	92	0	92	92
SLC6A18	92	0	92	92
SLC6A19	92	0	92	92
SLC6A3	92	0	92	92
SLC9A3	92	0	92	92
TERT	92	0	92	92
TPPP	92	0	92	92
TRIP13	92	0	92	92
ZDHHC11	92	0	92	92
[CCDC170]	92	0	92	92
ASPSCR1	91	0	91	91
CENPX	91	0	91	91
CFTR	91	0	91	91
CTTNBP2	91	0	91	91
DCXR	91	0	91	91
DUS1L	91	0	91	91
GPS1	91	0	91	91
LRRC45	91	0	91	91
RAC3	91	0	91	91
RFNG	91	0	91	91
LINC00620	90	0	90	90
RANBP3L	90	0	90	90
SLC1A3	90	0	90	90
CREBBP	0	89	89	89
ZNRF3	0	89	89	89
ZNRF3-AS1	0	89	89	89
CARNS1	83	0	83	83
CLCF1	83	0	83	83
CORO1B	83	0	83	83
LOC100130987	83	0	83	83
POLD4	83	0	83	83
PPP1CA	83	0	83	83
PTPRCAP	83	0	83	83
RAD9A	83	0	83	83
RPS6KB2	83	0	83	83
TBC1D10C	83	0	83	83
ARHGDIG	0	82	82	82
AXIN1	0	82	82	82
CAPN15	0	82	82	82
CCDC78	0	82	82	82
CHTF18	0	82	82	82
DDX11L10	0	82	82	82
DECR2	0	82	82	82
FAM173A	0	82	82	82
FAM234A	0	82	82	82
FBXL16	0	82	82	82
GNG13	0	82	82	82
HAGHL	0	82	82	82
HBA1	0	82	82	82
HBA2	0	82	82	82
HBM	0	82	82	82
HBQ1	0	82	82	82
HBZ	0	82	82	82
JMJD8	0	82	82	82
LINC00235	0	82	82	82
LOC100134368	0	82	82	82
LOC105371038	0	82	82	82
LOC105371184	0	82	82	82
LUC7L	0	82	82	82
MCRIP2	0	82	82	82
METRN	0	82	82	82
METTL26	0	82	82	82
MIR3176	0	82	82	82
MIR5587	0	82	82	82
MIR662	0	82	82	82
MPG	0	82	82	82
MRPL28	0	82	82	82
MSLN	0	82	82	82
NARFL	0	82	82	82
NHLRC4	0	82	82	82
NME4	0	82	82	82
NPRL3	0	82	82	82
PDIA2	0	82	82	82
PIGQ	0	82	82	82
POLR3K	0	82	82	82
PRR25	0	82	82	82
PRR35	0	82	82	82
RAB11FIP3	0	82	82	82
RAB40C	0	82	82	82
RGS11	0	82	82	82
RHBDF1	0	82	82	82
RHBDL1	0	82	82	82
RHOT2	0	82	82	82
RPUSD1	0	82	82	82
SNRNP25	0	82	82	82
STUB1	0	82	82	82
TMEM8A	0	82	82	82
WASIR2	0	82	82	82
WDR24	0	82	82	82
WDR90	0	82	82	82
WFIKKN1	0	82	82	82
ARID1A	0	81	81	81
FAM46B	0	81	81	81
GPATCH3	0	81	81	81
GPN2	0	81	81	81
KDF1	0	81	81	81
LOC101928728	0	81	81	81
NR0B2	0	81	81	81
NUDC	0	81	81	81
PIGV	0	81	81	81
SFN	0	81	81	81
SLC9A1	0	81	81	81
TRNP1	0	81	81	81
ZDHHC18	0	81	81	81
CTPS1	80	0	80	80
SCMH1	80	0	80	80
SLFNL1	80	0	80	80
SLFNL1-AS1	80	0	80	80
JAG2	79	0	79	79
LOC105375972	0	79	79	79
MIR6765	79	0	79	79
NUDT14	79	0	79	79
PTPRD	0	79	79	79
PTPRD-AS1	0	79	79	79
ERBB2	78	0	78	78
PGAP3	78	0	78	78
ANO1	77	0	77	77
ANO1-AS2	77	0	77	77
CCND1	77	0	77	77
FGF19	77	0	77	77
FGF3	77	0	77	77
FGF4	77	0	77	77
LOC101928443	77	0	77	77
ORAOV1	77	0	77	77
FHIT	0	76	76	76
MIR548BB	0	76	76	76
KLLN	0	75	75	75
PTEN	0	75	75	75
AIM1	74	0	74	74
ATG5	74	0	74	74
BEND3	74	0	74	74
BVES	74	0	74	74
BVES-AS1	74	0	74	74
C6orf203	74	0	74	74
CD24	74	0	74	74
HACE1	74	0	74	74
LIN28B	74	0	74	74
LIN28B-AS1	74	0	74	74
LOC100422737	74	0	74	74
LOC105377924	74	0	74	74
MIR587	74	0	74	74
PDSS2	74	0	74	74
POPDC3	74	0	74	74
PRDM1	74	0	74	74
PREP	74	0	74	74
QRSL1	74	0	74	74
RTN4IP1	74	0	74	74
AADACL3	0	73	73	73
AADACL4	0	73	73	73
ACAP3	0	73	73	73
ACOT7	0	73	73	73
ACTL8	0	73	73	73
ACTRT2	0	73	73	73
ADAP1	0	73	73	73
AGMAT	0	73	73	73
AGRN	0	73	73	73
AGTRAP	0	73	73	73
AJAP1	0	73	73	73
AKR7A2	0	73	73	73
AKR7A3	0	73	73	73
AKR7L	0	73	73	73
ALDH4A1	0	73	73	73
ALPL	0	73	73	73
AMZ1	0	73	73	73
ANGPTL7	0	73	73	73
ANKRD65	0	73	73	73
AP5Z1	0	73	73	73
APITD1-CORT	0	73	73	73
ARHGEF10L	0	73	73	73
ARHGEF16	0	73	73	73
ARHGEF19	0	73	73	73
ATAD3A	0	73	73	73
ATAD3B	0	73	73	73
ATAD3C	0	73	73	73
ATP13A2	0	73	73	73
AURKAIP1	0	73	73	73
B3GALT6	0	73	73	73
BRAT1	0	73	73	73
C1QA	0	73	73	73
C1QB	0	73	73	73
C1QC	0	73	73	73
C1orf127	0	73	73	73
C1orf158	0	73	73	73
C1orf159	0	73	73	73
C1orf167	0	73	73	73
C1orf174	0	73	73	73
C1orf195	0	73	73	73
C1orf64	0	73	73	73
C7orf50	0	73	73	73
CA6	0	73	73	73
CALML6	0	73	73	73
CAMK2N1	0	73	73	73
CAMTA1	0	73	73	73
CAPZB	0	73	73	73
CARD11	0	73	73	73
CASP9	0	73	73	73
CASZ1	0	73	73	73
CCDC27	0	73	73	73
CCNL2	0	73	73	73
CDA	0	73	73	73
CDC42	0	73	73	73
CDK11A	0	73	73	73
CDK11B	0	73	73	73
CELA2A	0	73	73	73
CELA2B	0	73	73	73
CELA3A	0	73	73	73
CELA3B	0	73	73	73
CENPS	0	73	73	73
CEP104	0	73	73	73
CFAP74	0	73	73	73
CHD5	0	73	73	73
CHST12	0	73	73	73
CLCN6	0	73	73	73
CLCNKA	0	73	73	73
CLCNKB	0	73	73	73
CLSTN1	0	73	73	73
CORT	0	73	73	73
COX19	0	73	73	73
CPSF3L	0	73	73	73
CPTP	0	73	73	73
CROCC	0	73	73	73
CROCCP2	0	73	73	73
CROCCP3	0	73	73	73
CTNNBIP1	0	73	73	73
CTRC	0	73	73	73
CYP2W1	0	73	73	73
DDI2	0	73	73	73
DDOST	0	73	73	73
DDX11L1	0	73	73	73
DFFA	0	73	73	73
DFFB	0	73	73	73
DHRS13	73	0	73	73
DHRS3	0	73	73	73
DISP3	0	73	73	73
DNAAF5	0	73	73	73
DNAJC11	0	73	73	73
DNAJC16	0	73	73	73
DRAXIN	0	73	73	73
DVL1	0	73	73	73
ECE1	0	73	73	73
EFHD2	0	73	73	73
EIF3B	0	73	73	73
EIF4G3	0	73	73	73
ELFN1	0	73	73	73
ELFN1-AS1	0	73	73	73
EMC1	0	73	73	73
ENO1	0	73	73	73
ENO1-AS1	0	73	73	73
EPHA2	0	73	73	73
EPHA8	0	73	73	73
ERAL1	73	0	73	73
ERRFI1	0	73	73	73
ESPN	0	73	73	73
ESPNP	0	73	73	73
EXOSC10	0	73	73	73
FAAP20	0	73	73	73
FAM131C	0	73	73	73
FAM132A	0	73	73	73
FAM138D	0	73	73	73
FAM20C	0	73	73	73
FAM213B	0	73	73	73
FAM222B	73	0	73	73
FAM231A	0	73	73	73
FAM231B	0	73	73	73
FAM231C	0	73	73	73
FAM41C	0	73	73	73
FAM43B	0	73	73	73
FAM87B	0	73	73	73
FBLIM1	0	73	73	73
FBXO2	0	73	73	73
FBXO42	0	73	73	73
FBXO44	0	73	73	73
FBXO6	0	73	73	73
FHAD1	0	73	73	73
FLJ37453	0	73	73	73
FLOT2	73	0	73	73
FNDC10	0	73	73	73
FOXK1	0	73	73	73
GABRD	0	73	73	73
GET4	0	73	73	73
GNA12	0	73	73	73
GNB1	0	73	73	73
GPER1	0	73	73	73
GPR146	0	73	73	73
GPR153	0	73	73	73
GPR157	0	73	73	73
GRIFIN	0	73	73	73
H6PD	0	73	73	73
HES2	0	73	73	73
HES3	0	73	73	73
HES4	0	73	73	73
HES5	0	73	73	73
HNRNPCL1	0	73	73	73
HNRNPCL2	0	73	73	73
HNRNPCL3	0	73	73	73
HNRNPCL4	0	73	73	73
HP1BP3	0	73	73	73
HRAT92	0	73	73	73
HSPB7	0	73	73	73
HSPG2	0	73	73	73
HTR6	0	73	73	73
ICMT	0	73	73	73
IFFO2	0	73	73	73
IGSF21	0	73	73	73
INTS1	0	73	73	73
IQCE	0	73	73	73
ISG15	0	73	73	73
KAZN	0	73	73	73
KCNAB2	0	73	73	73
KIAA2013	0	73	73	73
KIF17	0	73	73	73
KIF1B	0	73	73	73
KLHDC7A	0	73	73	73
KLHL17	0	73	73	73
KLHL21	0	73	73	73
LDLRAD2	0	73	73	73
LFNG	0	73	73	73
LINC00115	0	73	73	73
LINC00337	0	73	73	73
LINC00339	0	73	73	73
LINC00982	0	73	73	73
LINC01128	0	73	73	73
LINC01134	0	73	73	73
LINC01141	0	73	73	73
LINC01342	0	73	73	73
LINC01346	0	73	73	73
LOC100129534	0	73	73	73
LOC100129603	0	73	73	73
LOC100130417	0	73	73	73
LOC100132062	0	73	73	73
LOC100132147	0	73	73	73
LOC100133331	0	73	73	73
LOC100288069	0	73	73	73
LOC100505887	0	73	73	73
LOC100506022	0	73	73	73
LOC100506730	0	73	73	73
LOC100506801	0	73	73	73
LOC100507642	0	73	73	73
LOC100996583	0	73	73	73
LOC101926963	0	73	73	73
LOC101927000	0	73	73	73
LOC101927018	73	0	73	73
LOC101927021	0	73	73	73
LOC101927181	0	73	73	73
LOC101927876	0	73	73	73
LOC101927895	0	73	73	73
LOC101928043	0	73	73	73
LOC101928626	0	73	73	73
LOC101929181	0	73	73	73
LOC102723672	0	73	73	73
LOC102724312	0	73	73	73
LOC102724450	0	73	73	73
LOC102724539	0	73	73	73
LOC102724552	0	73	73	73
LOC102724571	0	73	73	73
LOC102724659	0	73	73	73
LOC105375115	0	73	73	73
LOC105376736	0	73	73	73
LOC105376805	0	73	73	73
LOC105378591	0	73	73	73
LOC105378614	0	73	73	73
LOC115110	0	73	73	73
LOC148413	0	73	73	73
LOC284661	0	73	73	73
LOC442497	0	73	73	73
LOC729737	0	73	73	73
LRRC38	0	73	73	73
LRRC47	0	73	73	73
LZIC	0	73	73	73
MAD1L1	0	73	73	73
MAD2L2	0	73	73	73
MAFK	0	73	73	73
MASP2	0	73	73	73
MEGF6	0	73	73	73
MFAP2	0	73	73	73
MFN2	0	73	73	73
MIB2	0	73	73	73
MICALL2	0	73	73	73
MIIP	0	73	73	73
MINOS1	0	73	73	73
MINOS1-NBL1	0	73	73	73
MIR1256	0	73	73	73
MIR1273D	0	73	73	73
MIR1290	0	73	73	73
MIR144	73	0	73	73
MIR200A	0	73	73	73
MIR200B	0	73	73	73
MIR339	0	73	73	73
MIR34A	0	73	73	73
MIR34AHG	0	73	73	73
MIR3675	0	73	73	73
MIR3972	0	73	73	73
MIR4251	0	73	73	73
MIR4252	0	73	73	73
MIR429	0	73	73	73
MIR4417	0	73	73	73
MIR4418	0	73	73	73
MIR451A	73	0	73	73
MIR451B	73	0	73	73
MIR4632	0	73	73	73
MIR4648	0	73	73	73
MIR4655	0	73	73	73
MIR4656	0	73	73	73
MIR4689	0	73	73	73
MIR4695	0	73	73	73
MIR4732	73	0	73	73
MIR5096	0	73	73	73
MIR551A	0	73	73	73
MIR5697	0	73	73	73
MIR6084	0	73	73	73
MIR6127	0	73	73	73
MIR6723	0	73	73	73
MIR6726	0	73	73	73
MIR6727	0	73	73	73
MIR6728	0	73	73	73
MIR6729	0	73	73	73
MIR6730	0	73	73	73
MIR6808	0	73	73	73
MIR6836	0	73	73	73
MIR7846	0	73	73	73
MMD2	0	73	73	73
MMEL1	0	73	73	73
MMP23A	0	73	73	73
MMP23B	0	73	73	73
MORN1	0	73	73	73
MRM2	0	73	73	73
MRPL20	0	73	73	73
MRTO4	0	73	73	73
MST1L	0	73	73	73
MST1P2	0	73	73	73
MTHFR	0	73	73	73
MTOR	0	73	73	73
MTOR-AS1	0	73	73	73
MUL1	0	73	73	73
MXRA8	0	73	73	73
MYO18A	73	0	73	73
NADK	0	73	73	73
NBL1	0	73	73	73
NBPF1	0	73	73	73
NBPF3	0	73	73	73
NECAP2	0	73	73	73
NMNAT1	0	73	73	73
NOC2L	0	73	73	73
NOL9	0	73	73	73
NPHP4	0	73	73	73
NPPA	0	73	73	73
NPPA-AS1	0	73	73	73
NPPB	0	73	73	73
NUDT1	0	73	73	73
OR4F16	0	73	73	73
OR4F29	0	73	73	73
OR4F5	0	73	73	73
OTUD3	0	73	73	73
PADI1	0	73	73	73
PADI2	0	73	73	73
PADI3	0	73	73	73
PADI4	0	73	73	73
PADI6	0	73	73	73
PANK4	0	73	73	73
PAPOLB	0	73	73	73
PARK7	0	73	73	73
PAX7	0	73	73	73
PDGFA	0	73	73	73
PDPN	0	73	73	73
PER3	0	73	73	73
PERM1	0	73	73	73
PEX10	0	73	73	73
PEX14	0	73	73	73
PGD	0	73	73	73
PHF12	73	0	73	73
PHF13	0	73	73	73
PIK3CD	0	73	73	73
PIK3CD-AS1	0	73	73	73
PIK3CD-AS2	0	73	73	73
PINK1	0	73	73	73
PINK1-AS	0	73	73	73
PIPOX	73	0	73	73
PLA2G2A	0	73	73	73
PLA2G2C	0	73	73	73
PLA2G2D	0	73	73	73
PLA2G2E	0	73	73	73
PLA2G2F	0	73	73	73
PLA2G5	0	73	73	73
PLCH2	0	73	73	73
PLEKHG5	0	73	73	73
PLEKHM2	0	73	73	73
PLEKHN1	0	73	73	73
PLOD1	0	73	73	73
PQLC2	0	73	73	73
PRAMEF1	0	73	73	73
PRAMEF10	0	73	73	73
PRAMEF11	0	73	73	73
PRAMEF12	0	73	73	73
PRAMEF13	0	73	73	73
PRAMEF14	0	73	73	73
PRAMEF15	0	73	73	73
PRAMEF17	0	73	73	73
PRAMEF18	0	73	73	73
PRAMEF19	0	73	73	73
PRAMEF2	0	73	73	73
PRAMEF20	0	73	73	73
PRAMEF22	0	73	73	73
PRAMEF25	0	73	73	73
PRAMEF26	0	73	73	73
PRAMEF27	0	73	73	73
PRAMEF33P	0	73	73	73
PRAMEF34P	0	73	73	73
PRAMEF4	0	73	73	73
PRAMEF5	0	73	73	73
PRAMEF6	0	73	73	73
PRAMEF7	0	73	73	73
PRAMEF8	0	73	73	73
PRDM16	0	73	73	73
PRDM2	0	73	73	73
PRKAR1B	0	73	73	73
PRKCZ	0	73	73	73
PSMG3	0	73	73	73
PSMG3-AS1	0	73	73	73
PUSL1	0	73	73	73
RADIL	0	73	73	73
RAP1GAP	0	73	73	73
RBAK	0	73	73	73
RBAK-RBAKDN	0	73	73	73
RBAKDN	0	73	73	73
RBP7	0	73	73	73
RCC2	0	73	73	73
RER1	0	73	73	73
RERE	0	73	73	73
RNF186	0	73	73	73
RNF207	0	73	73	73
RNF216P1	0	73	73	73
RNF223	0	73	73	73
RNU1-1	0	73	73	73
RNU1-2	0	73	73	73
RNU1-3	0	73	73	73
RNU1-4	0	73	73	73
RNU5E-1	0	73	73	73
RNU6-8	0	73	73	73
RPL22	0	73	73	73
RPS14P3	0	73	73	73
RSC1A1	0	73	73	73
RSG1	0	73	73	73
SAMD11	0	73	73	73
SCNN1D	0	73	73	73
SDF4	0	73	73	73
SDHB	0	73	73	73
SDK1	0	73	73	73
SEZ6	73	0	73	73
SH2D5	0	73	73	73
SKI	0	73	73	73
SLC25A33	0	73	73	73
SLC25A34	0	73	73	73
SLC29A4	0	73	73	73
SLC2A5	0	73	73	73
SLC2A7	0	73	73	73
SLC35E2	0	73	73	73
SLC35E2B	0	73	73	73
SLC45A1	0	73	73	73
SMIM1	0	73	73	73
SNORA59A	0	73	73	73
SNORD128	0	73	73	73
SNX8	0	73	73	73
SPATA21	0	73	73	73
SPEN	0	73	73	73
SPSB1	0	73	73	73
SRM	0	73	73	73
SSU72	0	73	73	73
SUN1	0	73	73	73
SZRD1	0	73	73	73
TARDBP	0	73	73	73
TAS1R1	0	73	73	73
TAS1R2	0	73	73	73
TAS1R3	0	73	73	73
TFAMP1	0	73	73	73
THAP3	0	73	73	73
TIAF1	73	0	73	73
TMCO4	0	73	73	73
TMEM184A	0	73	73	73
TMEM201	0	73	73	73
TMEM240	0	73	73	73
TMEM51	0	73	73	73
TMEM51-AS1	0	73	73	73
TMEM52	0	73	73	73
TMEM82	0	73	73	73
TMEM88B	0	73	73	73
TNFRSF14	0	73	73	73
TNFRSF18	0	73	73	73
TNFRSF1B	0	73	73	73
TNFRSF25	0	73	73	73
TNFRSF4	0	73	73	73
TNFRSF8	0	73	73	73
TNFRSF9	0	73	73	73
TNRC18	0	73	73	73
TP73	0	73	73	73
TP73-AS1	0	73	73	73
TPRG1L	0	73	73	73
TTC34	0	73	73	73
TTLL10	0	73	73	73
TTYH3	0	73	73	73
UBE2J2	0	73	73	73
UBE4B	0	73	73	73
UBIAD1	0	73	73	73
UBR4	0	73	73	73
UBXN10	0	73	73	73
UBXN10-AS1	0	73	73	73
UNCX	0	73	73	73
UQCRHL	0	73	73	73
USP48	0	73	73	73
UTS2	0	73	73	73
VAMP3	0	73	73	73
VPS13D	0	73	73	73
VWA1	0	73	73	73
VWA5B1	0	73	73	73
WASH7P	0	73	73	73
WI2-2373I1.2	0	73	73	73
WIPI2	0	73	73	73
WNT4	0	73	73	73
WRAP73	0	73	73	73
ZBTB17	0	73	73	73
ZBTB40	0	73	73	73
ZBTB48	0	73	73	73
ZFAND2A	0	73	73	73
ZNF890P	0	73	73	73
hsa-mir-551a	0	73	73	73
A1BG	0	72	72	72
A1BG-AS1	0	72	72	72
ADAM32	0	72	72	72
ADAM3A	0	72	72	72
ADAM5	0	72	72	72
ADAM9	0	72	72	72
ADGRA2	0	72	72	72
ADRB3	0	72	72	72
ASH2L	0	72	72	72
AURKC	0	72	72	72
BAG4	0	72	72	72
BRF2	0	72	72	72
C19orf18	0	72	72	72
CENPBD1P1	0	72	72	72
CHMP2A	0	72	72	72
DDHD2	0	72	72	72
DUSP26	0	72	72	72
DUXA	0	72	72	72
EIF4EBP1	0	72	72	72
ERLIN2	0	72	72	72
FKBP1AP1	0	72	72	72
FUT10	0	72	72	72
GOT1L1	0	72	72	72
HTRA4	0	72	72	72
IRF2BPL	72	0	72	72
KCNU1	0	72	72	72
KCTD1	72	0	72	72
LETM2	0	72	72	72
LINC01288	0	72	72	72
LINC01543	72	0	72	72
LINC01605	0	72	72	72
LINC01629	72	0	72	72
LOC100128398	0	72	72	72
LOC100130964	0	72	72	72
LOC101929550	0	72	72	72
LOC101929622	0	72	72	72
LOC102723701	0	72	72	72
LOC102724190	72	0	72	72
LOC105372476	0	72	72	72
LOC105372483	0	72	72	72
LOC283575	72	0	72	72
LOC728024	0	72	72	72
LRRC74A	72	0	72	72
LSM1	0	72	72	72
MAK16	0	72	72	72
MIR4754	0	72	72	72
MIR6806	0	72	72	72
MIR6807	0	72	72	72
MZF1	0	72	72	72
MZF1-AS1	0	72	72	72
NRG1	0	72	72	72
PLPP5	0	72	72	72
PROSC	0	72	72	72
RAB11FIP1	0	72	72	72
RNF122	0	72	72	72
RNF225	0	72	72	72
RPS5	0	72	72	72
SLC27A5	0	72	72	72
SNORD13	0	72	72	72
STAR	0	72	72	72
TM2D2	0	72	72	72
TRAPPC2B	0	72	72	72
TRIM28	0	72	72	72
TTI2	0	72	72	72
UBE2M	0	72	72	72
UNC5D	0	72	72	72
USP29	0	72	72	72
VN1R1	0	72	72	72
WHSC1L1	0	72	72	72
ZBTB45	0	72	72	72
ZIK1	0	72	72	72
ZIM3	0	72	72	72
ZNF132	0	72	72	72
ZNF134	0	72	72	72
ZNF135	0	72	72	72
ZNF154	0	72	72	72
ZNF17	0	72	72	72
ZNF211	0	72	72	72
ZNF256	0	72	72	72
ZNF264	0	72	72	72
ZNF274	0	72	72	72
ZNF304	0	72	72	72
ZNF324	0	72	72	72
ZNF324B	0	72	72	72
ZNF329	0	72	72	72
ZNF416	0	72	72	72
ZNF417	0	72	72	72
ZNF418	0	72	72	72
ZNF419	0	72	72	72
ZNF446	0	72	72	72
ZNF460	0	72	72	72
ZNF497	0	72	72	72
ZNF530	0	72	72	72
ZNF543	0	72	72	72
ZNF544	0	72	72	72
ZNF547	0	72	72	72
ZNF548	0	72	72	72
ZNF549	0	72	72	72
ZNF550	0	72	72	72
ZNF551	0	72	72	72
ZNF552	0	72	72	72
ZNF584	0	72	72	72
ZNF586	0	72	72	72
ZNF587	0	72	72	72
ZNF587B	0	72	72	72
ZNF606	0	72	72	72
ZNF671	0	72	72	72
ZNF703	0	72	72	72
ZNF749	0	72	72	72
ZNF772	0	72	72	72
ZNF773	0	72	72	72
ZNF776	0	72	72	72
ZNF8	0	72	72	72
ZNF805	0	72	72	72
ZNF814	0	72	72	72
ZNF837	0	72	72	72
ZSCAN1	0	72	72	72
ZSCAN18	0	72	72	72
ZSCAN22	0	72	72	72
ZSCAN4	0	72	72	72
hsa-mir-1274b	0	72	72	72
DLG2	0	71	71	71
GLIS3	71	0	71	71
RFX3-AS1	71	0	71	71
TMEM126B	0	71	71	71
[LOC105377143]	71	0	71	71
BCL7C	70	0	70	70
CTF1	70	0	70	70
FBXL19	70	0	70	70
FBXL19-AS1	70	0	70	70
MIR4519	70	0	70	70
MIR762	70	0	70	70
MIR762HG	70	0	70	70
NPAS3	0	70	70	70
ORAI3	70	0	70	70
SETD1A	70	0	70	70
SNORA89	0	70	70	70
AACS	0	68	68	68
ABCB9	0	68	68	68
ADGRD1	0	68	68	68
ANAPC5	0	68	68	68
ANHX	0	68	68	68
ANKLE2	0	68	68	68
ARL6IP4	0	68	68	68
ATP6V0A2	0	68	68	68
B3GNT4	0	68	68	68
BCL7A	0	68	68	68
BRI3BP	0	68	68	68
C12orf43	0	68	68	68
C12orf65	0	68	68	68
CAMKK2	0	68	68	68
CCDC62	0	68	68	68
CCDC92	0	68	68	68
CDK2AP1	0	68	68	68
CHFR	0	68	68	68
CLIP1	0	68	68	68
CLIP1-AS1	0	68	68	68
CRAT8	0	68	68	68
DDX51	0	68	68	68
DDX55	0	68	68	68
DENR	0	68	68	68
DHX37	0	68	68	68
DIABLO	0	68	68	68
DNAH10	0	68	68	68
EIF2B1	0	68	68	68
EP400	0	68	68	68
EP400NL	0	68	68	68
FBRSL1	0	68	68	68
FLJ37505	0	68	68	68
FZD10	0	68	68	68
FZD10-AS1	0	68	68	68
GALNT9	0	68	68	68
GLT1D1	0	68	68	68
GOLGA3	0	68	68	68
GTF2H3	0	68	68	68
HCAR1	0	68	68	68
HCAR2	0	68	68	68
HCAR3	0	68	68	68
HIP1R	0	68	68	68
HNF1A	0	68	68	68
HNF1A-AS1	0	68	68	68
HPD	0	68	68	68
IL31	0	68	68	68
KDM2B	0	68	68	68
KMT5A	0	68	68	68
KNTC1	0	68	68	68
LACAT8	0	68	68	68
LINC00507	0	68	68	68
LINC00508	0	68	68	68
LINC00939	0	68	68	68
LINC00943	0	68	68	68
LINC00944	0	68	68	68
LINC01089	0	68	68	68
LINC01257	0	68	68	68
LOC100128554	0	68	68	68
LOC100130238	0	68	68	68
LOC100190940	0	68	68	68
LOC100506691	0	68	68	68
LOC100507091	0	68	68	68
LOC100996671	0	68	68	68
LOC100996679	0	68	68	68
LOC101593348	0	68	68	68
LOC101927415	0	68	68	68
LOC101927464	0	68	68	68
LOC101927592	0	68	68	68
LOC101927616	0	68	68	68
LOC101927637	0	68	68	68
LOC101927694	0	68	68	68
LOC101927735	0	68	68	68
LOC101928416	0	68	68	68
LOC101928530	0	68	68	68
LOC101928597	0	68	68	68
LOC105370068	0	68	68	68
LOC107161159	0	68	68	68
LOC283352	0	68	68	68
LOC338797	0	68	68	68
LOC440117	0	68	68	68
LRCOL1	0	68	68	68
LRRC43	0	68	68	68
MIR3612	0	68	68	68
MIR3908	0	68	68	68
MIR4304	0	68	68	68
MIR4419B	0	68	68	68
MIR5188	0	68	68	68
MIR548AQ	0	68	68	68
MIR6763	0	68	68	68
MIR6880	0	68	68	68
MIR7107	0	68	68	68
MIR8072	0	68	68	68
MLXIP	0	68	68	68
MMP17	0	68	68	68
MORN3	0	68	68	68
MPHOSPH9	0	68	68	68
NCOR2	0	68	68	68
NOC4L	0	68	68	68
OASL	0	68	68	68
OGFOD2	0	68	68	68
ORAI1	0	68	68	68
P2RX2	0	68	68	68
P2RX4	0	68	68	68
P2RX7	0	68	68	68
PGAM5	0	68	68	68
PITPNM2	0	68	68	68
PIWIL1	0	68	68	68
POLE	0	68	68	68
PSMD9	0	68	68	68
PUS1	0	68	68	68
PXMP2	0	68	68	68
RAN	0	68	68	68
RFLNA	0	68	68	68
RHOF	0	68	68	68
RILPL1	0	68	68	68
RILPL2	0	68	68	68
RIMBP2	0	68	68	68
RNF34	0	68	68	68
RSRC2	0	68	68	68
SBNO1	0	68	68	68
SCARB1	0	68	68	68
SETD1B	0	68	68	68
SFSWAP	0	68	68	68
SLC15A4	0	68	68	68
SNORA49	0	68	68	68
SNRNP35	0	68	68	68
SPPL3	0	68	68	68
STX2	0	68	68	68
TCTN2	0	68	68	68
THRIL	0	68	68	68
TMED2	0	68	68	68
TMEM120B	0	68	68	68
TMEM132B	0	68	68	68
TMEM132C	0	68	68	68
TMEM132D	0	68	68	68
UBC	0	68	68	68
ULK1	0	68	68	68
VPS33A	0	68	68	68
VPS37B	0	68	68	68
WDR66	0	68	68	68
XLOC_009911	0	68	68	68
ZCCHC8	0	68	68	68
ZNF10	0	68	68	68
ZNF140	0	68	68	68
ZNF26	0	68	68	68
ZNF268	0	68	68	68
ZNF605	0	68	68	68
ZNF664	0	68	68	68
ZNF664-FAM101A	0	68	68	68
ZNF84	0	68	68	68
ZNF891	0	68	68	68
RAD51B	0	67	67	67
AAMDC	66	0	66	66
AP2S1	0	66	66	66
AQP11	66	0	66	66
ARHGAP35	0	66	66	66
BAX	0	66	66	66
BBC3	0	66	66	66
BCAT2	0	66	66	66
BSPH1	0	66	66	66
C19orf68	0	66	66	66
C19orf73	0	66	66	66
C5AR1	0	66	66	66
C5AR2	0	66	66	66
CA11	0	66	66	66
CABP5	0	66	66	66
CALM3	0	66	66	66
CARD8	0	66	66	66
CARD8-AS1	0	66	66	66
CCDC114	0	66	66	66
CCDC8	0	66	66	66
CCDC9	0	66	66	66
CGB1	0	66	66	66
CGB2	0	66	66	66
CGB3	0	66	66	66
CGB5	0	66	66	66
CGB7	0	66	66	66
CGB8	0	66	66	66
CLNS1A	66	0	66	66
CRX	0	66	66	66
CYTH2	0	66	66	66
DACT3	0	66	66	66
DACT3-AS1	0	66	66	66
DBP	0	66	66	66
DHDH	0	66	66	66
DHX34	0	66	66	66
EHD2	0	66	66	66
ELSPBP1	0	66	66	66
EMP3	0	66	66	66
FAM83E	0	66	66	66
FGF21	0	66	66	66
FKRP	0	66	66	66
FTL	0	66	66	66
FUT1	0	66	66	66
FUT2	0	66	66	66
GLTSCR1	0	66	66	66
GLTSCR2	0	66	66	66
GLTSCR2-AS1	0	66	66	66
GNG8	0	66	66	66
GRIN2D	0	66	66	66
GRWD1	0	66	66	66
GYS1	0	66	66	66
HIF3A	0	66	66	66
HRC	0	66	66	66
HSD17B14	0	66	66	66
IGFL1	0	66	66	66
IGFL2	0	66	66	66
INAFM1	0	66	66	66
INTS4	66	0	66	66
IZUMO1	0	66	66	66
KCNA7	0	66	66	66
KCNJ14	0	66	66	66
KCTD14	66	0	66	66
KDELR1	0	66	66	66
KPTN	0	66	66	66
LHB	0	66	66	66
LIG1	0	66	66	66
LIN7B	0	66	66	66
LMTK3	0	66	66	66
LOC101059948	0	66	66	66
LOC105447645	0	66	66	66
LOC645553	0	66	66	66
LOC646029	66	0	66	66
LOC93429	0	66	66	66
MAMSTR	0	66	66	66
MEIS3	0	66	66	66
MIR3190	0	66	66	66
MIR3191	0	66	66	66
MIR320E	0	66	66	66
MIR6798	0	66	66	66
NAPA	0	66	66	66
NAPA-AS1	0	66	66	66
NDUFC2	66	0	66	66
NDUFC2-KCTD14	66	0	66	66
NPAS1	0	66	66	66
NTF4	0	66	66	66
NTN5	0	66	66	66
NUCB1	0	66	66	66
NUCB1-AS1	0	66	66	66
PAK1	66	0	66	66
PLA2G4C	0	66	66	66
PLA2G4C-AS1	0	66	66	66
PLEKHA4	0	66	66	66
PNMAL1	0	66	66	66
PNMAL2	0	66	66	66
PPFIA3	0	66	66	66
PPP1R15A	0	66	66	66
PPP5C	0	66	66	66
PPP5D1	0	66	66	66
PRKD2	0	66	66	66
PTGIR	0	66	66	66
RASIP1	0	66	66	66
RPL18	0	66	66	66
RSF1	66	0	66	66
RUVBL2	0	66	66	66
SAE1	0	66	66	66
SEC1P	0	66	66	66
SEPW1	0	66	66	66
SLC1A5	0	66	66	66
SLC8A2	0	66	66	66
SNAR-A1	0	66	66	66
SNAR-A10	0	66	66	66
SNAR-A11	0	66	66	66
SNAR-A12	0	66	66	66
SNAR-A14	0	66	66	66
SNAR-A3	0	66	66	66
SNAR-A4	0	66	66	66
SNAR-A5	0	66	66	66
SNAR-A6	0	66	66	66
SNAR-A7	0	66	66	66
SNAR-A8	0	66	66	66
SNAR-C1	0	66	66	66
SNAR-C2	0	66	66	66
SNAR-C3	0	66	66	66
SNAR-C4	0	66	66	66
SNAR-E	0	66	66	66
SNAR-G1	0	66	66	66
SNAR-G2	0	66	66	66
SNORD23	0	66	66	66
SNRNP70	0	66	66	66
SPACA4	0	66	66	66
SPHK2	0	66	66	66
STRN4	0	66	66	66
SULT2A1	0	66	66	66
SULT2B1	0	66	66	66
SYNGR4	0	66	66	66
THRSP	66	0	66	66
TMEM143	0	66	66	66
TMEM160	0	66	66	66
TPRX1	0	66	66	66
TRPM4	0	66	66	66
TULP2	0	66	66	66
ZC3H4	0	66	66	66
ZNF114	0	66	66	66
ZNF541	0	66	66	66
hsa-mir-220c	0	66	66	66
CCDC157	65	0	65	65
GAL3ST1	65	0	65	65
GATSL3	65	0	65	65
HORMAD2	65	0	65	65
HORMAD2-AS1	65	0	65	65
KIAA1656	65	0	65	65
LIF	65	0	65	65
MIR6818	65	0	65	65
MTFP1	65	0	65	65
MTMR3	65	0	65	65
OSM	65	0	65	65
PES1	65	0	65	65
RNF215	65	0	65	65
SDC4P	65	0	65	65
SEC14L2	65	0	65	65
SEC14L3	65	0	65	65
SEC14L4	65	0	65	65
SEC14L6	65	0	65	65
SF3A1	65	0	65	65
TBC1D10A	65	0	65	65
TCN2	65	0	65	65
[SDC3]	64	0	64	64
DBN1	62	0	62	62
F12	62	0	62	62
GRK6	62	0	62	62
LMAN2	62	0	62	62
PFN3	62	0	62	62
PRR7	62	0	62	62
PRR7-AS1	62	0	62	62
RGS14	62	0	62	62
SLC34A1	62	0	62	62
ADPRHL1	61	0	61	61
ANKRD10	61	0	61	61
ARHGEF7	61	0	61	61
ARHGEF7-AS1	61	0	61	61
ARHGEF7-AS2	61	0	61	61
ATP11A	61	0	61	61
ATP11A-AS1	61	0	61	61
ATP11AUN	61	0	61	61
ATP4B	61	0	61	61
CARS2	61	0	61	61
COL4A1	61	0	61	61
COL4A2	61	0	61	61
COL4A2-AS1	61	0	61	61
COL4A2-AS2	61	0	61	61
CUL4A	61	0	61	61
DCUN1D2	61	0	61	61
F10	61	0	61	61
F10-AS1	61	0	61	61
F7	61	0	61	61
GAS6	61	0	61	61
GAS6-AS1	61	0	61	61
GAS6-AS2	61	0	61	61
GRK1	61	0	61	61
GRTP1	61	0	61	61
GRTP1-AS1	61	0	61	61
ING1	61	0	61	61
IRS2	61	0	61	61
LAMP1	61	0	61	61
LINC00346	61	0	61	61
LINC00354	61	0	61	61
LINC00368	61	0	61	61
LINC00396	61	0	61	61
LINC00399	61	0	61	61
LINC00403	61	0	61	61
LINC00431	61	0	61	61
LINC00452	61	0	61	61
LINC00454	61	0	61	61
LINC00552	61	0	61	61
LINC00565	61	0	61	61
LINC00567	61	0	61	61
LINC00676	61	0	61	61
LINC01043	61	0	61	61
LINC01044	61	0	61	61
LINC01070	61	0	61	61
LOC100506016	61	0	61	61
LOC101060553	61	0	61	61
LOC101928730	61	0	61	61
LOC101928841	61	0	61	61
LOC105370369	61	0	61	61
MCF2L	61	0	61	61
MCF2L-AS1	61	0	61	61
MIR8073	61	0	61	61
MIR8075	61	0	61	61
MYO16	61	0	61	61
MYO16-AS1	61	0	61	61
NAXD	61	0	61	61
PCID2	61	0	61	61
PROZ	61	0	61	61
RAB20	61	0	61	61
RASA3	61	0	61	61
SOX1	61	0	61	61
SPACA7	61	0	61	61
TEX29	61	0	61	61
TFDP1	61	0	61	61
TMCO3	61	0	61	61
TMEM255B	61	0	61	61
TUBGCP3	61	0	61	61
MIR7157	0	60	60	60
AMBRA1	59	0	59	59
ANKS1B	0	59	59	59
CHRM4	59	0	59	59
CREB3L1	59	0	59	59
DGKZ	59	0	59	59
FAM71C	0	59	59	59
LOC101928937	0	59	59	59
MDK	59	0	59	59
MIR3160-1	59	0	59	59
MIR3160-2	59	0	59	59
MIR4688	59	0	59	59
FAM53A	58	0	58	58
FGFR3	58	0	58	58
LETM1	58	0	58	58
SLBP	58	0	58	58
TACC3	58	0	58	58
TMEM129	58	0	58	58
WHSC1	58	0	58	58
IMMP2L	0	55	55	55
LRRN3	0	55	55	55
AGXT	0	52	52	52
ANKMY1	0	52	52	52
ANO7	0	52	52	52
AQP12A	0	52	52	52
AQP12B	0	52	52	52
ATG4B	0	52	52	52
BOK	0	52	52	52
BOK-AS1	0	52	52	52
C2orf54	0	52	52	52
CAPN10	0	52	52	52
CAPN10-AS1	0	52	52	52
D2HGDH	0	52	52	52
DTYMK	0	52	52	52
DUSP28	0	52	52	52
FARP2	0	52	52	52
GAL3ST2	0	52	52	52
GPR35	0	52	52	52
HDLBP	0	52	52	52
ING5	0	52	52	52
KIF1A	0	52	52	52
LINC01237	0	52	52	52
LOC102723927	0	52	52	52
LOC200772	0	52	52	52
LOC285095	0	52	52	52
LOC728323	0	52	52	52
MIR149	0	52	52	52
MIR3133	0	52	52	52
MTERF4	0	52	52	52
NEU4	0	52	52	52
PASK	0	52	52	52
PDCD1	0	52	52	52
PPP1R7	0	52	52	52
RNPEPL1	0	52	52	52
RTP5	0	52	52	52
SEPT2	0	52	52	52
SNED1	0	52	52	52
STK25	0	52	52	52
THAP4	0	52	52	52
LINC00901	0	51	51	51
MIR4447	0	51	51	51
LOC105378098	0	47	47	47
AUTS2	0	46	46	46
LOC100507468	0	46	46	46
ABCA2	40	0	40	40
C8G	40	0	40	40
C9orf139	40	0	40	40
C9orf142	40	0	40	40
CLIC3	40	0	40	40
DPP7	40	0	40	40
ENTPD2	40	0	40	40
FUT7	40	0	40	40
GRIN1	40	0	40	40
LCN12	40	0	40	40
LCNL1	40	0	40	40
MAN1B1	40	0	40	40
MAN1B1-AS1	40	0	40	40
NPDC1	40	0	40	40
PTGDS	40	0	40	40
SAPCD2	40	0	40	40
UAP1L1	40	0	40	40
CRK	39	0	39	39
INPP5K	39	0	39	39
MYO1C	39	0	39	39
PITPNA	39	0	39	39
PITPNA-AS1	39	0	39	39
PRPF8	39	0	39	39
RILP	39	0	39	39
SCARF1	39	0	39	39
SLC43A2	39	0	39	39
TUSC5	39	0	39	39
YWHAE	39	0	39	39
ADAMTS17	38	0	38	38
ALDH1A3	38	0	38	38
ARRDC4	38	0	38	38
ASB7	38	0	38	38
CERS3	38	0	38	38
CERS3-AS1	38	0	38	38
CHSY1	38	0	38	38
DDX11L9	38	0	38	38
DNM1P46	38	0	38	38
FAM138E	38	0	38	38
FAM169B	38	0	38	38
HSP90B2P	38	0	38	38
IGF1R	38	0	38	38
IRAIN	38	0	38	38
LINC00923	38	0	38	38
LINC01582	38	0	38	38
LINS1	38	0	38	38
LOC100128108	38	0	38	38
LOC100507472	38	0	38	38
LOC101927751	38	0	38	38
LOC102723335	38	0	38	38
LOC400464	38	0	38	38
LRRC28	38	0	38	38
LRRK1	38	0	38	38
LUNAR1	38	0	38	38
LYSMD4	38	0	38	38
MEF2A	38	0	38	38
MIR4714	38	0	38	38
OR4F13P	38	0	38	38
OR4F15	38	0	38	38
OR4F4	38	0	38	38
OR4F6	38	0	38	38
PCSK6	38	0	38	38
PCSK6-AS1	38	0	38	38
PGPEP1L	38	0	38	38
PRKXP1	38	0	38	38
SNRPA1	38	0	38	38
SPATA41	38	0	38	38
SYNM	38	0	38	38
TARSL2	38	0	38	38
TM2D3	38	0	38	38
TTC23	38	0	38	38
VIMP	38	0	38	38
WASH3P	38	0	38	38
LOC613266	0	37	37	37
MACROD2-AS1	0	37	37	37
MACROD2-IT1	0	37	37	37
ACP1	0	25	25	25
ADAM17	0	25	25	25
ADCY3	0	25	25	25
ADGRF3	0	25	25	25
ADI1	0	25	25	25
ALLC	0	25	25	25
APOB	0	25	25	25
ASAP2	0	25	25	25
ASXL2	0	25	25	25
ATAD2B	0	25	25	25
ATP6V1C2	0	25	25	25
C2orf48	0	25	25	25
C2orf50	0	25	25	25
C2orf70	0	25	25	25
CENPA	0	25	25	25
CENPO	0	25	25	25
CIB4	0	25	25	25
CMPK2	0	25	25	25
COLEC11	0	25	25	25
CPSF3	0	25	25	25
CYS1	0	25	25	25
DCDC2C	0	25	25	25
DDX1	0	25	25	25
DNAJC27	0	25	25	25
DNAJC27-AS1	0	25	25	25
DNMT3A	0	25	25	25
DRC1	0	25	25	25
DTNB	0	25	25	25
E2F6	0	25	25	25
EFR3B	0	25	25	25
EPT1	0	25	25	25
FAM110C	0	25	25	25
FAM150B	0	25	25	25
FAM228A	0	25	25	25
FAM228B	0	25	25	25
FAM49A	0	25	25	25
FAM84A	0	25	25	25
FKBP1B	0	25	25	25
FLJ33534	0	25	25	25
GACAT3	0	25	25	25
GAREM2	0	25	25	25
GDF7	0	25	25	25
GEN1	0	25	25	25
GREB1	0	25	25	25
GRHL1	0	25	25	25
HADHA	0	25	25	25
HADHB	0	25	25	25
HPCAL1	0	25	25	25
HS1BP3	0	25	25	25
HS1BP3-IT1	0	25	25	25
IAH1	0	25	25	25
ID2	0	25	25	25
ID2-AS1	0	25	25	25
ITGB1BP1	0	25	25	25
ITSN2	0	25	25	25
KCNF1	0	25	25	25
KCNK3	0	25	25	25
KCNS3	0	25	25	25
KIDINS220	0	25	25	25
KIF3C	0	25	25	25
KLF11	0	25	25	25
KLHL29	0	25	25	25
LAPTM4A	0	25	25	25
LDAH	0	25	25	25
LINC00276	0	25	25	25
LINC00298	0	25	25	25
LINC00299	0	25	25	25
LINC00487	0	25	25	25
LINC00570	0	25	25	25
LINC00954	0	25	25	25
LINC01105	0	25	25	25
LINC01115	0	25	25	25
LINC01246	0	25	25	25
LINC01247	0	25	25	25
LINC01248	0	25	25	25
LINC01249	0	25	25	25
LINC01250	0	25	25	25
LINC01304	0	25	25	25
LINC01376	0	25	25	25
LINC01381	0	25	25	25
LOC100506274	0	25	25	25
LOC100506474	0	25	25	25
LOC101060385	0	25	25	25
LOC101060391	0	25	25	25
LOC101926966	0	25	25	25
LOC101928222	0	25	25	25
LOC101929452	0	25	25	25
LOC101929551	0	25	25	25
LOC101929567	0	25	25	25
LOC101929715	0	25	25	25
LOC101929733	0	25	25	25
LOC101929882	0	25	25	25
LOC102723362	0	25	25	25
LOC105373352	0	25	25	25
LOC105373394	0	25	25	25
LOC400940	0	25	25	25
LOC645949	0	25	25	25
LOC653602	0	25	25	25
LPIN1	0	25	25	25
MATN3	0	25	25	25
MBOAT2	0	25	25	25
MFSD2B	0	25	25	25
MIR1301	0	25	25	25
MIR3125	0	25	25	25
MIR3681	0	25	25	25
MIR3681HG	0	25	25	25
MIR4261	0	25	25	25
MIR4262	0	25	25	25
MIR4429	0	25	25	25
MIR4757	0	25	25	25
MIR548S	0	25	25	25
MIR7158	0	25	25	25
MIR7515	0	25	25	25
MIR7515HG	0	25	25	25
MSGN1	0	25	25	25
MYCN	0	25	25	25
MYCNOS	0	25	25	25
MYCNUT	0	25	25	25
MYT1L	0	25	25	25
MYT1L-AS1	0	25	25	25
NBAS	0	25	25	25
NCOA1	0	25	25	25
NOL10	0	25	25	25
NRIR	0	25	25	25
NT5C1B	0	25	25	25
NT5C1B-RDH14	0	25	25	25
NTSR2	0	25	25	25
ODC1	0	25	25	25
OSR1	0	25	25	25
OTOF	0	25	25	25
PDIA6	0	25	25	25
PFN4	0	25	25	25
POMC	0	25	25	25
PQLC3	0	25	25	25
PTRHD1	0	25	25	25
PUM2	0	25	25	25
PXDN	0	25	25	25
RAB10	0	25	25	25
RAD51AP2	0	25	25	25
RDH14	0	25	25	25
RHOB	0	25	25	25
RNASEH1	0	25	25	25
RNASEH1-AS1	0	25	25	25
RNF144A	0	25	25	25
RNF144A-AS1	0	25	25	25
ROCK2	0	25	25	25
RPS7	0	25	25	25
RRM2	0	25	25	25
RSAD2	0	25	25	25
SDC1	0	25	25	25
SF3B6	0	25	25	25
SH3YL1	0	25	25	25
SLC35F6	0	25	25	25
SMC6	0	25	25	25
SNORA80B	0	25	25	25
SNTG2	0	25	25	25
SOX11	0	25	25	25
TAF1B	0	25	25	25
TDRD15	0	25	25	25
TMEM18	0	25	25	25
TP53I3	0	25	25	25
TPO	0	25	25	25
TRAPPC12	0	25	25	25
TRIB2	0	25	25	25
TSSC1	0	25	25	25
TTC32	0	25	25	25
UBXN2A	0	25	25	25
VSNL1	0	25	25	25
WDCP	0	25	25	25
WDR35	0	25	25	25
YWHAQ	0	25	25	25
